Date,Time,Id,CumReturnResid,CumReturnRaw,CumVolume
20100317,09:45:00.000,GEN_EQ0021071400001000,-0.007882122,0.0052010114,105314
20100317,09:45:00.000,GEN_EQ0096849600001000,-0.007989971,0.0027839064,38022
20100317,09:45:00.000,BBG000BJ49H3,-0.0004833092,0.0016126038,24364
20100317,09:45:00.000,BBG000BMFD58,-0.025276741,-0.01915394,1259138
20100317,09:45:00.000,BBG000BFVXX0,-0.0026197426,-0.003173506,87027
20100317,09:45:00.000,BBG000CHWP52,0.0039799786,0.008789387,53567
20100317,09:45:00.000,BBG000BT9T73,0.09358102,0.104900934,5608965
20100317,09:45:00.000,BBG000BCQ4P6,-0.0006775252,0.0061663557,31128
20100317,09:45:00.000,BBG000BMLWX8,0.011473904,0.015371522,77891
20100317,09:45:00.000,BBG000BP7JB0,0.0009554796,0.010549416,178201
20100317,09:45:00.000,BBG000BNW1S8,-0.011214344,0.006614954,63459
20100317,09:45:00.000,BBG000MQ1SN9,-0.002415221,-0.002711857,105633
20100317,09:45:00.000,BBG000BVB8Q0,-0.006273028,0.002184138,127115
20100317,09:45:00.000,BBG000BSC0K9,-0.000851101,-0.0014979612,34442
20100317,09:45:00.000,BBG000C7LMS8,0.0025412813,0.00059083075,21556
20100317,09:45:00.000,BBG000BB5792,0.005341115,0.014956547,205532
20100317,09:45:00.000,BBG000BFDLV8,0.002788845,0.008763099,42747
20100317,09:45:00.000,BBG000BTLMX5,0.0039251153,0.010026376,64330
20100317,09:45:00.000,BBG000CQB185,0.004420763,0.0135292,62164
20100317,09:45:00.000,BBG000BKVJK4,0.005145388,0.0076646204,162851
20100317,09:45:00.000,BBG000BQC9V2,-0.002104968,0.0051595694,127732
20100317,09:45:00.000,BBG000CC53X1,-0.0046325508,0.0025227077,39976
20100317,09:45:00.000,BBG000C45984,-0.0014755771,0.00398968,51060
20100317,09:45:00.000,BBG000BJNGN9,-0.005494157,0.003956014,274841
20100317,09:45:00.000,BBG000FQRVM3,0.001203635,0.0016129664,21156
20100317,09:45:00.000,BBG000D2M0Z7,-0.004687928,0.00068805146,30344
20100317,09:45:00.000,BBG000K82ZT8,-0.0044506076,-0.0013032875,66080
20100317,09:45:00.000,BBG000BF5RY1,0.0014476287,0.004574644,429666
20100317,09:45:00.000,BBG000BNMHS4,0.004173428,0.014454058,29822
20100317,09:45:00.000,BBG000CPHYL4,-0.0020791672,0.0034935211,716841
20100317,09:45:00.000,GEN_EQ0000000000852052,0.0059929946,0.015970739,88911
20100317,09:45:00.000,BBG000BCHG15,0.008358951,0.0186657,48860
20100317,09:45:00.000,BBG000BNNKG9,0.000601861,0.005223614,74987
20100317,09:45:00.000,BBG000DR22B6,0.0053052776,0.013513423,224596
20100317,09:45:00.000,BBG000BHK836,-0.0021445455,0.004106728,44160
20100317,09:45:00.000,BBG000BV4DR6,0.0054075695,0.016941015,219947
20100317,09:45:00.000,BBG000BC9938,-0.015612056,-0.0054595177,78396
20100317,09:45:00.000,BBG000DSMS70,-0.0045105787,-0.00074752956,20369
20100317,09:45:00.000,BBG000BWCKB6,-0.001010951,0.0031933459,55919
20100317,09:45:00.000,BBG000BP5YT0,-0.008858638,0.0052185324,414208
20100317,09:45:00.000,BBG000BGYWY6,-0.0005299951,0.0010949374,63503
20100317,09:45:00.000,GEN_EQ0010580600001000,0.0044944976,0.012210775,72497
20100317,09:45:00.000,BBG000BFJ645,0.008727704,0.0072365096,169509
20100317,09:45:00.000,BBG000PV2L86,-0.0015849635,0.004155458,83654
20100317,09:45:00.000,BBG000BXBHJ4,-0.0052282894,0.0008789696,70164
20100317,09:45:00.000,BBG000BB29X4,0.00050291826,0.0006576306,65112
20100317,09:45:00.000,BBG000BBBP59,0.00022721585,0.00070137467,36700
20100317,09:45:00.000,BBG000BVHBM1,-0.0028508424,0.0004887555,141861
20100317,09:45:00.000,BBG000BWGYF8,0.0013849899,0.017630484,192257
20100317,09:45:00.000,BBG000BBL8V7,0.0028530203,0.012843529,118610
20100317,09:45:00.000,BBG000BPNP00,-0.0029607655,0.0066820183,84765
20100317,09:45:00.000,BBG000RGM5P1,,,49488
20100317,09:45:00.000,BBG000FKYVH4,0.0036138124,0.008987413,58965
20100317,09:45:00.000,BBG000BGXZB5,-0.0029175254,-0.0010529064,128619
20100317,09:45:00.000,BBG000BTQ9G8,0.009830376,0.0126913795,246323
20100317,09:45:00.000,BBG000BCTQ65,0.0027793162,0.0004696154,77855
20100317,09:45:00.000,BBG000BK2F42,0.005582951,0.008930392,105164
20100317,09:45:00.000,BBG000F7RCJ1,-0.00093703385,0.0009455487,20764
20100317,09:45:00.000,BBG000C2YHG9,-0.00016224821,0.0023207213,79901
20100317,09:45:00.000,BBG000BRJL00,-0.00012974702,0.0024209914,129499
20100317,09:45:00.000,BBG000BQT4L6,-0.00035456603,0.0038572554,177674
20100317,09:45:00.000,BBG000FDBX90,-0.0006583347,-0.0006923999,214491
20100317,09:45:00.000,BBG000BKR1D6,0.0029778632,0.0066809095,24745
20100317,09:45:00.000,GEN_EQ0010003600001000,-0.005804897,-0.0029692806,52200
20100317,09:45:00.000,BBG000BPXVJ6,-0.00055276114,0.002079502,88240
20100317,09:45:00.000,BBG000BN84F3,0.0050346334,0.0052654096,41349
20100317,09:45:00.000,BBG000DSZTN6,0.0007011289,0.010865793,105827
20100317,09:45:00.000,BBG000BBCDZ2,-0.0048422413,0.0025296488,19922
20100317,09:45:00.000,BBG000PQ6YJ3,-0.004885931,0.002281844,17890
20100317,09:45:00.000,BBG000HQ7GC7,-0.0056870235,0.00045400072,91892
20100317,09:45:00.000,BBG000BC15S7,-0.0022233299,0.00023860355,60247
20100317,09:45:00.000,BBG000PX3XC0,-0.0010904048,0.010774161,26474
20100317,09:45:00.000,BBG000BSXQV7,-0.0016348317,-0.00023056191,29123
20100317,09:45:00.000,BBG000BP1Q11,-0.0016719872,0.00070728344,33394
20100317,09:45:00.000,GEN_EQ0010206100001000,-0.019414201,-0.017478513,397868
20100317,09:45:00.000,BBG000C3GN47,-0.0013568462,0.008139956,33146
20100317,09:45:00.000,BBG000BN7277,-0.0021567855,0.0066296104,181817
20100317,09:45:00.000,BBG000C3NTN5,0.0019675463,0.007822932,183716
20100317,09:45:00.000,BBG000DWB323,0.0014040067,0.013337524,171938
20100317,09:45:00.000,BBG000BR1W32,-0.0055664713,0.007632213,100480
20100317,09:45:00.000,BBG000BF2KK4,-0.0068686316,-9.03519e-08,116770
20100317,09:45:00.000,BBG000BNBPQ0,0.0034543131,0.01662151,33950
20100317,09:45:00.000,BBG000BWXL85,-0.0013713686,0.0053939116,40940
20100317,09:45:00.000,GEN_EQ0010624300001000,0.001219631,0.008565375,78844
20100317,09:45:00.000,BBG000JBN3X6,-0.0019973267,-0.0038685065,493363
20100317,09:45:00.000,BBG000BFNR17,-0.0026638985,0.0041826237,104043
20100317,09:45:00.000,BBG000CXYSZ6,0.0006149062,0.0041576764,23443
20100317,09:45:00.000,BBG000FV1Z23,-0.011556522,-0.0082883155,180136
20100317,09:45:00.000,GEN_EQ0010548100001000,-0.00016858065,0.016280405,278382
20100317,09:45:00.000,GEN_EQ0010141600001000,0.004532906,0.014871062,89002
20100317,09:45:00.000,BBG000BW2QX0,0.014013932,0.025211694,298819
20100317,09:45:00.000,BBG000C1S2X2,-0.0001916827,0.0012580607,54342
20100317,09:45:00.000,BBG000BVXPZ8,0.0021272106,0.006533887,150576
20100317,09:45:00.000,BBG000B9ZV28,0.0012368696,0.0065800184,36729
20100317,09:45:00.000,BBG000CPQZ77,-0.00295697,0.0016319678,56750
20100317,09:45:00.000,BBG000BGD7W6,-0.0027955316,0.0006949823,119818
20100317,09:45:00.000,GEN_EQ0010168800001000,-0.008427332,-0.0064977375,3689226
20100317,09:45:00.000,BBG000D9KWL9,-0.003389274,0.004483122,18688
20100317,09:45:00.000,BBG000BR37X2,0.018156987,0.022452785,428707
20100317,09:45:00.000,BBG000BR54L0,-0.004067488,0.005265331,193770
20100317,09:45:00.000,BBG000BLHRS2,-0.006103279,-0.006091936,75821
20100317,09:45:00.000,BBG000BX3BL3,-0.007205964,0.0075003225,107226
20100317,09:45:00.000,BBG000BL5W86,-0.0015771281,0.015665649,943489
20100317,09:45:00.000,BBG000BJKPG0,0.0008482269,0.004542324,60838
20100317,09:45:00.000,BBG000BCYP43,-0.0007236579,0.00048061574,9986
20100317,09:45:00.000,BBG000MBDGM6,-0.0006987341,0.0077366843,3498
20100317,09:45:00.000,BBG000CGT2S4,-0.005651042,0.0026903285,15885
20100317,09:45:00.000,BBG000BMFFQ0,0.0049030636,0.0170514,84237
20100317,09:45:00.000,BBG000BWVSR1,0.0012271992,0.0023598361,68900
20100317,09:45:00.000,BBG000FL0BC8,0.0030951442,0.014554731,139370
20100317,09:45:00.000,BBG000F86GP6,-0.006046401,0.0010452908,38110
20100317,09:45:00.000,BBG000BHB3M6,-0.0008434054,0.006576915,23491
20100317,09:45:00.000,BBG000BDWKC5,-0.0007445983,0.004950793,155314
20100317,09:45:00.000,BBG000BJDPC2,0.013375478,0.011153502,119167
20100317,09:45:00.000,BBG000BP4MH0,-0.0018555766,0.00163299,189275
20100317,09:45:00.000,BBG000C9W1Y1,,,468688
20100317,09:45:00.000,BBG000BKSL41,0.0031755124,0.007973913,133225
20100317,09:45:00.000,BBG000CVWGS6,0.008957499,0.015470589,1400443
20100317,09:45:00.000,BBG000F80SZ5,0.014105583,0.026250342,1127364
20100317,09:45:00.000,BBG000DKCC19,-0.0040355083,-0.0028287184,106951
20100317,09:45:00.000,GEN_EQ0010091900001000,0.0107425805,0.013367586,43006
20100317,09:45:00.000,BBG000BG7986,0.009248637,0.009836704,107186
20100317,09:45:00.000,BBG000D7RKJ5,-0.0017888041,-0.00029079508,89917
20100317,09:45:00.000,BBG000KLB4Q1,0.0006544658,0.010845389,164639
20100317,09:45:00.000,BBG000DQTXY6,-0.0035133015,0.00076652004,176150
20100317,09:45:00.000,BBG000BFS7D3,0.015492514,0.01344489,364070
20100317,09:45:00.000,BBG000BV75B7,-0.004225114,-0.0051067173,97755
20100317,09:45:00.000,BBG000C2PW58,0.05106797,0.061073605,142986
20100317,09:45:00.000,BBG000BKZTP3,-0.009910594,-0.0010592194,431814
20100317,09:45:00.000,BBG000CFJL87,-0.007066985,-0.0032903797,122660
20100317,09:45:00.000,BBG000QY3XZ2,7.4582626e-05,0.0065890723,165974
20100317,09:45:00.000,BBG000BJ5GK2,-0.0030378215,0.0041333092,90965
20100317,09:45:00.000,BBG000Q0BPZ4,0.03259824,0.04533562,1080740
20100317,09:45:00.000,BBG000NSCNT7,-0.0013972616,0.016769232,219559
20100317,09:45:00.000,GEN_EQ0010104800001000,-0.0026204204,0.004066607,220555
20100317,09:45:00.000,BBG000G8N9C6,-0.0017747292,0.0012597122,76174
20100317,09:45:00.000,BBG000BHKYH4,-0.0018207775,0.00045753454,30825
20100317,09:45:00.000,BBG000BK1FD3,-0.0059062233,0.009340777,229952
20100317,09:45:00.000,BBG000BT4T69,0.00026592868,0.0014259802,225116
20100317,09:45:00.000,GEN_EQ0011591100001000,-0.004720466,0.0004847683,59766
20100317,09:45:00.000,BBG000FFH4P5,0.0014881921,0.009412716,23564
20100317,09:45:00.000,BBG000BGRKT6,0.0016311511,0.0030114087,39241
20100317,09:45:00.000,BBG000DN7P92,-0.0029844914,-9.173672e-05,33738
20100317,09:45:00.000,BBG000M4SW14,-0.01607743,-0.00517841,97558
20100317,09:45:00.000,BBG000BNGTQ7,-0.004187194,-0.0012132934,220893
20100317,09:45:00.000,BBG000BL79J3,-0.003841955,-0.00096115615,59472
20100317,09:45:00.000,BBG000BDG1Y1,-0.003880799,0.00063519395,138351
20100317,09:45:00.000,BBG000D9DMK0,0.0039326316,0.00453245,33040
20100317,09:45:00.000,BBG000BVPPM1,-0.001011205,0.0121995555,343417
20100317,09:45:00.000,BBG000D3MB18,-0.002452969,0.005179837,158723
20100317,09:45:00.000,BBG000DGPR66,0.0063350964,0.011075914,42778
20100317,09:45:00.000,BBG000BLDV98,0.0014427315,-0.0011811294,129704
20100317,09:45:00.000,BBG000C6F3T8,0.0052306084,0.007685366,208466
20100317,09:45:00.000,BBG000BS0ZF1,0.0024144214,0.007187737,18800
20100317,09:45:00.000,BBG000DNTSP4,-0.0015455877,0.005791991,103501
20100317,09:45:00.000,BBG000LL9LQ5,-0.0036761852,0.0054146363,78890
20100317,09:45:00.000,GEN_EQ0140919900001000,-0.0017230731,-0.002281541,55165
20100317,09:45:00.000,BBG000QRSL13,-0.0035772736,0.011754908,688066
20100317,09:45:00.000,BBG000BRJ809,-0.00011832434,0.0036372973,32874
20100317,09:45:00.000,BBG000D1QCF1,-0.006566887,0.007576611,46576
20100317,09:45:00.000,BBG000BLCPY4,-0.0010668723,0.0064760814,44346
20100317,09:45:00.000,BBG000CNWNL6,0.006491603,0.020524863,82767
20100317,09:45:00.000,BBG000DV7MX4,-0.012399924,9.620337e-08,493337
20100317,09:45:00.000,BBG000BP1152,-0.0052457745,0.0031338632,213254
20100317,09:45:00.000,BBG000BHCP19,-0.0038302657,0.0052920463,143659
20100317,09:45:00.000,BBG000BGKHZ3,-0.004648131,0.0011211658,88175
20100317,09:45:00.000,BBG000BMB7R1,0.0011429971,0.0047921827,20291
20100317,09:45:00.000,BBG000BHLYS1,0.00080621924,-0.0013496834,75441
20100317,09:45:00.000,BBG000BKWSR6,0.011234286,0.023571922,1607888
20100317,09:45:00.000,BBG000JN9BQ6,0.007067379,0.011987013,79204
20100317,09:45:00.000,BBG000BRZBT3,-0.00083322753,0.007942744,87162
20100317,09:45:00.000,BBG000FBK808,0.0073837973,0.018465456,536134
20100317,09:45:00.000,BBG000BXRPH1,-0.004113242,0.00734263,75907
20100317,09:45:00.000,BBG000BQSQ38,-0.0006592618,0.003096589,83147
20100317,09:45:00.000,BBG000BVMPN3,0.004462954,0.014114525,63777
20100317,09:45:00.000,BBG000BGFLL5,-0.0010089972,0.009713737,104997
20100317,09:45:00.000,BBG000BJ98Z0,0.0013062371,0.0040422603,23649
20100317,09:45:00.000,BBG000NDZ417,-0.0066431086,0.0025065013,69450
20100317,09:45:00.000,BBG000BKPL53,0.00018908846,0.0028563126,40773
20100317,09:45:00.000,BBG000BD0TF8,0.0023142258,0.012121657,81200
20100317,09:45:00.000,BBG000BY2Y78,-0.001114999,0.011852989,89654
20100317,09:45:00.000,BBG000BPMH90,6.8915615e-05,0.009781719,173446
20100317,09:45:00.000,BBG000BBNYF6,0.0034068245,0.009392931,71753
20100317,09:45:00.000,BBG000FJRZ68,-0.008774773,-0.0038472349,223710
20100317,09:45:00.000,BBG000FKJRC5,-0.0017167398,0.0006300756,23151
20100317,09:45:00.000,BBG000CL9VN6,0.0028864034,0.005591395,47282
20100317,09:45:00.000,BBG000BK6G19,0.0050644754,0.013279384,67479
20100317,09:45:00.000,BBG000C23KJ3,-0.010177069,-0.0075790472,375019
20100317,09:45:00.000,BBG000BB5BF6,0.0006232742,0.005668679,173158
20100317,09:45:00.000,BBG000BK5DP1,-0.003823292,0.0039624344,95766
20100317,09:45:00.000,BBG000BJVZF7,0.0006333118,0.00143349,55024
20100317,09:45:00.000,BBG000BN5HF7,0.0018550068,0.00954374,349037
20100317,09:45:00.000,BBG000BL9439,-0.0016333543,-0.0004226569,95417
20100317,09:45:00.000,BBG000BJQWD2,0.0010970293,0.01010571,156602
20100317,09:45:00.000,BBG000D8RG11,0.0012009394,0.0026649802,79627
20100317,09:45:00.000,BBG000BS9489,-6.328321e-05,0.003569124,33549
20100317,09:45:00.000,BBG000BH5DV1,-0.0048337975,-0.0015878571,226803
20100317,09:45:00.000,BBG000BMKDM3,0.0010633072,0.00037855477,55961
20100317,09:45:00.000,BBG000C75N77,0.0008635843,0.009149911,208289
20100317,09:45:00.000,BBG000BKXFN7,-0.006139416,0.0047089956,138325
20100317,09:45:00.000,BBG000BTCH57,0.000790511,0.006780621,101476
20100317,09:45:00.000,BBG000BM7HL0,0.011340623,0.022021124,394252
20100317,09:45:00.000,BBG000BNFLM9,-0.0011751807,0.007850415,226634
20100317,09:45:00.000,BBG000BBVCN6,-0.004673238,-0.006375879,15259
20100317,09:45:00.000,BBG000LD9JQ8,0.003753883,0.012904263,575297
20100317,09:45:00.000,BBG000MDCQC2,0.0007450553,0.0010575493,208137
20100317,09:45:00.000,BBG000BLBXT4,-0.009318615,-0.004707656,137733
20100317,09:45:00.000,BBG000BDXGP9,0.0004659475,0.00039075364,132013
20100317,09:45:00.000,BBG000BR3KL6,0.0019957747,0.008146015,43236
20100317,09:45:00.000,BBG000BX9WL1,0.026566356,0.041000035,827875
20100317,09:45:00.000,BBG000BQ74K1,-0.0009331531,0.0063001243,38737
20100317,09:45:00.000,BBG000BWSV34,0.0045896885,0.011068222,31824
20100317,09:45:00.000,BBG000BQZMH4,0.0001430837,0.00032128033,61800
20100317,09:45:00.000,GEN_EQ0010066700001000,-0.0020777187,0.0011110405,124432
20100317,09:45:00.000,BBG000BQVTF5,-0.0031801674,0.0040731886,131375
20100317,09:45:00.000,BBG000LC1FS4,0.0036271622,0.018042492,104496
20100317,09:45:00.000,GEN_EQ0010050500001000,-0.009765736,3.1038105e-08,524374
20100317,09:45:00.000,BBG000G3QLY3,0.006059742,0.012403251,58591
20100317,09:45:00.000,BBG000QBR5J5,0.0057868585,0.016345266,1158021
20100317,09:45:00.000,BBG000BTQR96,0.006185232,0.010650164,71599
20100317,09:45:00.000,GEN_EQ0012661800001000,-0.00922632,-0.004097455,173737
20100317,09:45:00.000,BBG000CKJ0P3,-6.309937e-05,-9.344553e-05,62064
20100317,09:45:00.000,BBG000HGYNZ9,-0.0050386162,0.008244382,355035
20100317,09:45:00.000,BBG000BV7LP7,-0.00040692784,0.0023974848,217489
20100317,09:45:00.000,BBG000BBVK30,-0.0073780837,-0.0062078508,1151395
20100317,09:45:00.000,BBG000BFXHL6,-0.00079176226,0.0069052707,166665
20100317,09:45:00.000,BBG000BGLRN3,0.0033519585,0.0028713846,106115
20100317,09:45:00.000,BBG000C2V3D6,-0.0038120758,0.0035912103,83858
20100317,09:45:00.000,BBG000BGVW60,0.004768353,0.0020048711,214551
20100317,09:45:00.000,BBG000BTVJ25,0.005290579,0.006984543,165889
20100317,09:45:00.000,GEN_EQ0010020500001000,0.005366759,0.01782231,178242
20100317,09:45:00.000,BBG000BHQ1H0,0.0011463038,0.0015886081,54495
20100317,09:45:00.000,BBG000BNC3Y9,0.031487305,0.049200594,888547
20100317,09:45:00.000,BBG000BVVQQ8,-0.0074174106,0.010348774,119454
20100317,09:45:00.000,GEN_EQ0010281900001000,0.008046082,0.005789554,69118
20100317,09:45:00.000,BBG000C1FB75,-0.0040898826,0.0070395204,12880
20100317,09:45:00.000,BBG000BFTJ91,0.0006195214,0.002397214,100478
20100317,09:45:00.000,BBG000C1FQS9,-0.0042629014,-0.0031765944,32037
20100317,09:45:00.000,BBG000BSBZH7,0.0024139273,0.0018445012,112973
20100317,09:45:00.000,BBG000F15NW9,-0.0070442827,-0.00606721,276886
20100317,09:45:00.000,BBG000BPT0C6,0.0074846423,0.015805602,95076
20100317,09:45:00.000,GEN_EQ0010145600001000,-0.00066928624,0.0017337922,156290
20100317,09:45:00.000,BBG000H89QJ6,0.0026269339,0.0035026565,29068
20100317,09:45:00.000,BBG000BR14K5,0.0017912058,0.005271846,148331
20100317,09:45:00.000,BBG000BP6L99,0.00048383488,0.0071877553,910852
20100317,09:45:00.000,BBG000BQWPC5,0.0014282558,-0.0016218364,52677
20100317,09:45:00.000,BBG000BNNYW1,-0.001187681,0.0025935767,67950
20100317,09:45:00.000,BBG000BJ3PD2,-0.0035629538,0.0020782915,50509
20100317,09:45:00.000,BBG000PVRDL2,-0.0086697545,0.0025229251,352426
20100317,09:45:00.000,BBG000C2ZCH8,-0.0036480846,-0.005962443,72588
20100317,09:45:00.000,BBG000TK7PB8,0.023855202,0.044548213,1082993
20100317,09:45:00.000,BBG000BB6M98,-0.00382383,-0.0025142871,86867
20100317,09:45:00.000,BBG000HW5GX3,0.0036082652,0.0119350515,127832
20100317,09:45:00.000,BBG000BLKK03,0.00027245758,-1.5556738e-08,55845
20100317,09:45:00.000,BBG000BCZYD3,0.0012204682,0.0017724948,68130
20100317,09:45:00.000,BBG000CSY9H9,-0.0080723595,-0.0044026785,72911
20100317,09:45:00.000,BBG000BB9KF2,-0.0034430234,-0.0030196907,101499
20100317,09:45:00.000,BBG000BMQPL1,0.00020886598,0.014295023,566140
20100317,09:45:00.000,BBG000BMTFR4,-0.0021692165,0.0074087163,236823
20100317,09:45:00.000,BBG000H9G7X2,0.004159791,0.0076256897,75844
20100317,09:45:00.000,BBG000BCNYT9,-0.0065569784,-0.0037060105,172651
20100317,09:45:00.000,BBG000C0MF34,-0.00082365895,0.0042869262,60949
20100317,09:45:00.000,BBG000BN2DC2,-0.0032524944,0.0060609262,60801
20100317,09:45:00.000,BBG000BN9WT5,-0.001837395,0.0054422743,251593
20100317,09:45:00.000,BBG000BQ5DS5,0.00094202586,0.0038079869,138481
20100317,09:45:00.000,BBG000BCGY17,-0.0011166928,-0.00019495022,40853
20100317,09:45:00.000,BBG000BB6G37,0.00040421853,0.008662412,215985
20100317,09:45:00.000,BBG000CHPY97,-0.019427203,-0.012380996,516933
20100317,09:45:00.000,BBG000TWC2V5,-0.0064889765,-0.0074401274,97541
20100317,09:45:00.000,GEN_EQ0117562400001000,0.0017037145,0.0074279737,668709
20100317,09:45:00.000,BBG000BP0KQ8,0.005403877,0.013404205,354097
20100317,09:45:00.000,BBG000BB5373,0.017399058,0.022849705,766459
20100317,09:45:00.000,BBG000BM6788,-0.006300183,-0.00027976662,171275
20100317,09:45:00.000,BBG000BH3JF8,-0.0021079078,0.00064105965,79124
20100317,09:45:00.000,GEN_EQ0085215200001000,-0.009632112,0.000932653,281576
20100317,09:45:00.000,BBG000BQ2C28,0.002004879,0.003944439,57605
20100317,09:45:00.000,BBG000BX5ZF5,-0.0075560086,-0.0009906826,768917
20100317,09:45:00.000,BBG000BMDV41,0.0054401476,0.010099303,156687
20100317,09:45:00.000,GEN_EQ0010319800003000,-0.0060775555,-0.0068950546,289898
20100317,09:45:00.000,BBG000BG14P4,-0.0010044477,0.0066981865,134049
20100317,09:45:00.000,BBG000GC80B4,,,272109
20100317,09:45:00.000,BBG000BB2DM7,-0.0017020501,0.006055857,178382
20100317,09:45:00.000,BBG000BWJFZ4,0.003969772,0.00790034,116698
20100317,09:45:00.000,BBG000BHGDH5,-0.00036667753,-0.0012037175,393429
20100317,09:45:00.000,BBG000BZ2GG4,-0.004136144,0.00897534,182631
20100317,09:45:00.000,BBG000D898T9,0.004133893,0.0053832442,179281
20100317,09:45:00.000,BBG000BMF5J0,-0.003011771,0.0008138799,133836
20100317,09:45:00.000,BBG000BKLH74,-0.006277735,-0.006871382,619569
20100317,09:45:00.000,BBG000BGPTV6,0.0031968306,0.010952795,227594
20100317,09:45:00.000,BBG000BH3GZ2,0.0010016934,0.0071740537,188904
20100317,09:45:00.000,BBG000BVWLJ6,-0.004553942,0.0048316936,77154
20100317,09:45:00.000,BBG000C496P7,-0.00057864905,0.0081271995,375269
20100317,09:45:00.000,BBG000JG0547,0.0036902798,0.0053118174,157412
20100317,09:45:00.000,BBG000DYGNW7,0.0026353204,0.0039960337,73093
20100317,09:45:00.000,BBG000BNJHS8,0.0028668863,-0.0015180423,414470
20100317,09:45:00.000,BBG000BPQD31,-0.002078187,0.0004528529,159904
20100317,09:45:00.000,BBG000BT9DW0,-0.0015646636,-0.0030098294,147550
20100317,09:45:00.000,BBG000BB2KW0,-0.010583774,-0.011440905,77767
20100317,09:45:00.000,BBG000BK67C7,-0.00041775493,0.0006780327,60502
20100317,09:45:00.000,BBG000DHSPT0,0.0026831294,0.005906543,98199
20100317,09:45:00.000,BBG000BFMBQ6,-0.0026682513,-0.003002676,132938
20100317,09:45:00.000,BBG000B9WJ73,0.014456002,0.031520303,658447
20100317,09:45:00.000,BBG000FVXD63,-0.0045239413,0.0047437283,188412
20100317,09:45:00.000,BBG000B9XYV2,-0.003268247,-0.0023711661,260252
20100317,09:45:00.000,BBG000BMBL90,0.00089027506,0.005125945,117750
20100317,09:45:00.000,BBG000BB1TH9,-0.00040143315,0.009701123,80729
20100317,09:45:00.000,BBG000BVMGF2,-0.0060922545,0.0009673345,239885
20100317,09:45:00.000,BBG000BSD7C2,-0.0025545151,-0.00175994,99406
20100317,09:45:00.000,BBG000J5Q6L2,-0.006648026,0.010262752,729543
20100317,09:45:00.000,BBG000BC4JJ4,-0.0009216754,0.0029392326,54985
20100317,09:45:00.000,BBG000BM5SR2,0.011172448,0.030763214,1461410
20100317,09:45:00.000,BBG000BJPDZ1,0.00047899832,0.00529984,29399
20100317,09:45:00.000,BBG000BZTW70,-0.002997247,0.007032573,291912
20100317,09:45:00.000,BBG000C5HS04,0.008292891,0.011577572,158605
20100317,09:45:00.000,BBG000M65M61,-0.015993346,-0.014367142,894590
20100317,09:45:00.000,BBG000BY29C7,0.0019934562,0.007534693,140297
20100317,09:45:00.000,BBG000BB6WG8,0.0030967963,0.005944608,266539
20100317,09:45:00.000,GEN_EQ0010172300001000,-0.0031492133,-0.0034895928,63021
20100317,09:45:00.000,BBG000C2BXK4,0.012695446,0.026048085,4621886
20100317,09:45:00.000,BBG000BBBNC6,-0.005453998,0.010331181,140640
20100317,09:45:00.000,BBG000PM7GJ0,0.015545403,0.03151417,396828
20100317,09:45:00.000,BBG000Q3JN03,0.009154599,0.023983931,1285335
20100317,09:45:00.000,BBG000C0LW92,-0.0068090493,-1.1068383e-07,4174151
20100317,09:45:00.000,BBG000BF1R66,0.006086274,0.008890415,163775
20100317,09:45:00.000,BBG000NSQ9M0,-0.0078433305,4.5254247e-08,644427
20100317,09:45:00.000,BBG000FQ6PY6,-0.021849286,-0.016244344,781931
20100317,09:45:00.000,BBG000BWVCP8,-0.0063151545,0.0060567255,217306
20100317,09:45:00.000,BBG000BJSBJ0,-0.00035001984,-0.00010452641,61440
20100317,09:45:00.000,BBG000BLM0V1,,,139728
20100317,09:45:00.000,BBG000BMY992,0.00038496847,0.0013457513,160781
20100317,09:45:00.000,BBG000BVDLH9,0.0042440104,0.0060586985,123249
20100317,09:45:00.000,BBG000C0F570,0.001417856,0.008910328,447589
20100317,09:45:00.000,BBG000BBQCY0,0.0063578337,0.015982885,2018161
20100317,09:45:00.000,GEN_EQ0000000001064567,0.0017155706,0.012675983,145031
20100317,09:45:00.000,BBG000BKCFC2,-0.0033160306,-0.004844316,55720
20100317,09:45:00.000,BBG000CGQ6M4,0.0035740715,0.005710073,52866
20100317,09:45:00.000,BBG000C17X76,-0.0031978972,-0.003849633,140453
20100317,09:45:00.000,BBG000DTMH63,,,255054
20100317,09:45:00.000,BBG000R7Z112,-0.00079058245,-0.0015415245,624316
20100317,09:45:00.000,BBG000BBMSJ6,-0.007221905,0.0007870585,354235
20100317,09:45:00.000,BBG000BY33P5,-0.0028144578,0.0023046108,150631
20100317,09:45:00.000,BBG000BV8DN6,0.0020479967,0.00092513004,83899
20100317,09:45:00.000,GEN_EQ0010135600001000,6.613435e-05,0.012622608,287093
20100317,09:45:00.000,BBG000JN8R00,0.014539998,0.025852898,238128
20100317,09:45:00.000,BBG000K14Q84,-0.004577563,0.006487428,153429
20100317,09:45:00.000,BBG000BBDV81,4.18405e-05,0.0066349106,128196
20100317,09:45:00.000,BBG000BMW2Z0,0.0021025885,0.00090910244,189498
20100317,09:45:00.000,BBG000DLVDK3,-0.0044370824,0.003427748,142785
20100317,09:45:00.000,BBG000CKVSG8,0.009171945,0.023807116,418520
20100317,09:45:00.000,BBG000G0Z878,0.035388947,0.051018473,3625995
20100317,09:45:00.000,BBG000BGJRC8,-0.0015297587,0.0028114377,145008
20100317,09:45:00.000,BBG000BL8GJ6,-0.012437642,0.0049122917,452027
20100317,09:45:00.000,BBG000HCJMF9,0.0009183208,0.01612498,178274
20100317,09:45:00.000,BBG000BB6KF5,-0.0013557469,0.011011162,449893
20100317,09:45:00.000,BBG000BYYLS8,-0.004573403,0.0031662548,344160
20100317,09:45:00.000,BBG000FJLFX8,0.0018998707,0.0015638758,208763
20100317,09:45:00.000,BBG000D9D830,0.007821451,0.01142731,395029
20100317,09:45:00.000,BBG000BHX7N2,-0.0016999796,0.0045167925,140865
20100317,09:45:00.000,BBG000CTQBF3,-0.0072866282,0.0003958581,605085
20100317,09:45:00.000,BBG000BBD070,0.0061756773,0.017835325,294841
20100317,09:45:00.000,BBG000BH2JM1,-0.007460316,-0.0017368512,404315
20100317,09:45:00.000,BBG000CS7CT9,0.0011862275,0.0018178632,197975
20100317,09:45:00.000,BBG000BFL116,-0.003617332,0.0073292246,75233
20100317,09:45:00.000,BBG000BFC8J2,0.0019540936,0.0024670886,95090
20100317,09:45:00.000,BBG000C15T95,-0.0067507275,-0.0059205904,86307
20100317,09:45:00.000,BBG000FP1N32,-0.0061916863,0.00045209733,337669
20100317,09:45:00.000,BBG000JWD753,0.0037274794,0.015457614,4216989
20100317,09:45:00.000,BBG000BWNFZ9,0.005769306,0.013865377,493402
20100317,09:45:00.000,BBG000BSLZY7,-0.012875271,-0.005957219,694030
20100317,09:45:00.000,BBG000BCBCM7,-0.002695962,-0.0033846763,305059
20100317,09:45:00.000,BBG000BBGGQ1,0.00593914,0.017991837,512011
20100317,09:45:00.000,BBG000BCWCG1,0.004776714,0.00859583,374483
20100317,09:45:00.000,BBG000BLBVN4,-0.0066601783,-0.0026686569,33537
20100317,09:45:00.000,BBG000C46HM9,-0.0066882423,-0.0027695782,379060
20100317,09:45:00.000,BBG000BTKGG8,-0.0064896173,0.0065800506,339938
20100317,09:45:00.000,GEN_EQ0010059600001000,0.043665536,0.06149247,1361191
20100317,09:45:00.000,BBG000C8H633,-0.0007731805,0.009786952,314188
20100317,09:45:00.000,BBG000BTR593,0.009110238,0.01819906,288212
20100317,09:45:00.000,GEN_EQ0000000000158587,-0.003056751,-0.0019518052,142879
20100317,09:45:00.000,BBG000F6H8W8,0.00071737793,0.0027093766,226883
20100317,09:45:00.000,BBG000BFQYY3,-0.002495257,-0.004137815,209328
20100317,09:45:00.000,BBG000BNBDC2,0.0001597867,-0.0005526235,226592
20100317,09:45:00.000,BBG000BSJTT0,0.0017398197,0.018090766,262840
20100317,09:45:00.000,BBG000BJL3N0,0.0011044152,0.014152741,480239
20100317,09:45:00.000,BBG000BYWTX7,-0.016425641,-0.0073511037,1669343
20100317,09:45:00.000,BBG000BD8PN9,-0.0051332614,0.003307366,251698
20100317,09:45:00.000,BBG000BHLYP4,-0.0044793915,0.0041514537,29162
20100317,09:45:00.000,BBG000C1BW00,0.004596703,0.004847887,139413
20100317,09:45:00.000,BBG000J6XT05,-0.0047304365,-0.002755525,157729
20100317,09:45:00.000,BBG000BJX8C8,0.0002811566,0.014964375,204814
20100317,09:45:00.000,BBG000BCVJ77,0.0040672743,0.004046619,125618
20100317,09:45:00.000,BBG000BZ9223,0.002362027,0.00849527,86757
20100317,09:45:00.000,BBG000H556T9,-0.0007632122,0.0037212765,204299
20100317,09:45:00.000,BBG000BJF1Z8,0.003504655,0.009532754,150179
20100317,09:45:00.000,BBG000BB5006,0.020243814,0.027987981,541318
20100317,09:45:00.000,BBG000F0KF42,,,1211758
20100317,09:45:00.000,BBG000BKFBD7,-0.002288684,0.0094297975,217365
20100317,09:45:00.000,BBG000BFDXW1,-0.0041603954,0.0046267663,251354
20100317,09:45:00.000,BBG000BW3299,0.0010627924,0.0032678603,158045
20100317,09:45:00.000,BBG000F0PF65,0.0018615584,0.006118016,258147
20100317,09:45:00.000,BBG000BNWG87,-0.0039195614,-0.00199538,242946
20100317,09:45:00.000,BBG000BH13K9,0.0035538196,0.007793943,410943
20100317,09:45:00.000,BBG000BH1NH9,-0.00028402772,0.005597906,115785
20100317,09:45:00.000,BBG000DY8ZS4,-0.000862111,0.013176824,534003
20100317,09:45:00.000,BBG000BP8Z50,-0.018614061,-0.012203461,1486934
20100317,09:45:00.000,BBG000BJ81C1,0.0020032022,0.0034048792,300169
20100317,09:45:00.000,BBG000BBVJZ8,-0.0032723395,0.0029516236,582353
20100317,09:45:00.000,BBG000BQ8KV2,-0.012604308,-0.0036885173,473745
20100317,09:45:00.000,BBG000BGKTF9,-0.0038480368,0.010154812,252633
20100317,09:45:00.000,BBG000BFRF55,-0.0017953289,0.016529724,451409
20100317,09:45:00.000,BBG000BRK7L6,0.00083933136,0.011972284,921852
20100317,09:45:00.000,BBG000BWLMJ4,-0.003034039,-0.00057944306,372441
20100317,09:45:00.000,BBG000BD4VG8,0.007684413,0.020676406,272360
20100317,09:45:00.000,BBG000FW00S1,0.0057090432,0.021104304,617076
20100317,09:45:00.000,BBG000BBJQV0,9.5216084e-05,0.011827593,1529112
20100317,09:45:00.000,BBG000C5Z1S3,-0.005683483,0.0088105025,1940355
20100317,09:45:00.000,BBG000BC40Y8,0.0067077205,0.015448701,240551
20100317,09:45:00.000,BBG000DWYF03,0.002726986,0.00784319,1042530
20100317,09:45:00.000,BBG000BRD0D8,0.003414051,0.014340706,327565
20100317,09:45:00.000,BBG000H8TVT2,-0.0018580271,-0.002806686,112532
20100317,09:45:00.000,BBG000BP6LJ8,-0.0011689352,-0.0019660501,816666
20100317,09:45:00.000,BBG000BKFZM4,0.009535548,0.01677036,1811979
20100317,09:45:00.000,BBG000BHBK84,-0.0045161443,0.0036106165,405650
20100317,09:45:00.000,BBG000FG3C43,-0.0014159002,0.009303022,356482
20100317,09:45:00.000,BBG000BH23R1,9.571726e-05,0.00419154,992078
20100317,09:45:00.000,BBG000F1ZSQ2,-0.006687039,-0.0003005323,55128
20100317,09:45:00.000,BBG000GFFQN9,0.0018053844,0.007943604,926411
20100317,09:45:00.000,BBG000BNDN65,0.0017722477,0.003994196,736819
20100317,09:45:00.000,BBG000C43RR5,-0.0017060254,0.004851542,1023943
20100317,09:45:00.000,BBG000BP52R2,-0.0011137101,0.0058784303,248112
20100317,09:45:00.000,BBG000BBPFB9,-0.004468001,0.004014246,2431586
20100317,09:45:00.000,BBG000BC2C10,0.0026472865,0.009034811,94280
20100317,09:45:00.000,BBG000BFT2L4,-0.00053294236,0.0011426512,574709
20100317,09:45:00.000,BBG000L9CV04,0.00398335,0.007607185,302421
20100317,09:45:00.000,BBG000FL1TC8,0.00056780205,0.00014394104,249681
20100317,09:45:00.000,BBG000FFDM15,-0.0047464133,0.0017237307,406215
20100317,09:45:00.000,BBG000BH4R78,-0.0001528871,0.0014821227,499115
20100317,09:45:00.000,BBG000B9ZXB4,0.001639468,-0.00045704527,480336
20100317,09:45:00.000,BBG000BGRY34,0.00031789683,0.0014309684,308519
20100317,09:45:00.000,BBG000G2R6M0,-0.0043584798,0.0029967644,397591
20100317,09:45:00.000,BBG000BCSST7,0.0014234307,0.0035641505,505480
20100317,09:45:00.000,BBG000BVV7G1,-0.0032492634,0.0040542507,847964
20100317,09:45:00.000,BBG000BW8S60,0.0013460985,0.0017948769,208080
20100317,09:45:00.000,BBG000BL4504,-0.007926297,0.0019674296,575333
20100317,09:45:00.000,BBG000DQLV23,0.0016231792,0.00038483634,742803
20100317,09:45:00.000,BBG000BBS2Y0,-0.0015990036,-0.0056590466,259078
20100317,09:45:00.000,BBG000BHVJJ3,-0.0069129067,-0.0021305769,971947
20100317,09:45:00.000,BBG000J2XL74,0.0012089342,0.0035125092,263714
20100317,09:45:00.000,BBG000CH5208,-0.008143499,-0.009829057,878326
20100317,09:45:00.000,BBG000BCQZS4,-0.0006278531,0.007089704,344631
20100317,09:45:00.000,BBG000BFWKC0,0.006971963,0.0071472153,764698
20100317,09:45:00.000,BBG000BCG930,0.0031032073,-0.00024223914,678825
20100317,09:45:00.000,BBG000PSKYX7,0.00096513925,0.0047501395,180971
20100317,09:45:00.000,BBG000BPWXK1,-0.008534706,-0.0025330079,327595
20100317,09:45:00.000,BBG000BWXBC2,-0.0005730216,-0.0024998388,1038780
20100317,09:45:00.000,BBG000BQQ2S6,-0.00070225075,0.004310748,204277
20100317,09:45:00.000,BBG000BH5LT6,0.0027245004,0.008045492,411630
20100317,09:45:00.000,BBG000DWG505,0.00089065713,0.00085114234,243316
20100317,09:45:00.000,BBG000BF0K17,0.0011293401,0.0072323834,338265
20100317,09:45:00.000,BBG000BKTFN2,0.0051435856,0.017026538,491342
20100317,09:45:00.000,BBG000BB07P9,-0.0011411726,0.004492771,573466
20100317,09:45:00.000,BBG000BNSZP1,-0.002610593,0.0013633154,197463
20100317,09:45:00.000,BBG000BKZB36,-0.0029898325,-0.0027663594,889969
20100317,09:45:00.000,BBG000CKGBP2,-0.0016367064,-0.003791433,305100
20100317,09:45:00.000,BBG000DH7JK6,-0.00079791254,0.00030269334,339277
20100317,09:45:00.000,BBG000D4LWF6,-0.00029748812,-0.0010101888,649029
20100317,09:45:00.000,BBG000BQQH30,0.002909103,0.009006479,961591
20100317,09:45:00.000,BBG000B9WH86,0.012775767,0.026821358,5254713
20100317,09:45:00.000,BBG000BQLTW7,0.0032247624,0.0071387235,1120690
20100317,09:45:00.000,BBG000HS77T5,0.00243727,0.0013361197,1411621
20100317,09:45:00.000,GEN_EQ0011904200001000,-0.00050402246,0.0049926583,1049771
20100317,09:45:00.000,BBG000BLZRJ2,-0.0020615237,0.0072619463,664628
20100317,09:45:00.000,BBG000BMX289,-0.0020949454,-0.00018635081,513444
20100317,09:45:00.000,BBG000BPD168,-0.0022200288,-0.0023724302,641241
20100317,09:45:00.000,BBG000BT41Q8,0.0023383123,0.012129917,1045554
20100317,09:45:00.000,BBG000BMHYD1,0.001960208,-4.1928658e-08,458173
20100317,09:45:00.000,BBG000BR2TH3,0.0015162692,0.00078702765,628579
20100317,09:45:00.000,BBG000KHWT55,-0.002453684,0.0019101248,816585
20100317,09:45:00.000,BBG000BTZQC4,0.0021169942,0.007491596,433704
20100317,09:45:00.000,BBG000BSJK37,0.0043983944,0.0027076586,990908
20100317,09:45:00.000,BBG000BLNNH6,-0.004201783,-0.0022154166,404056
20100317,09:45:00.000,BBG000K4ND22,0.002138846,0.007568016,493074
20100317,09:45:00.000,BBG000BX3TD3,-0.0036596651,0.0135114305,854142
20100317,09:45:00.000,BBG000CR90K4,-0.0035164508,-0.0004660303,638490
20100317,09:45:00.000,BBG000BVPV84,0.0006241322,0.002390793,322286
20100317,09:45:00.000,BBG000CGC1X8,-0.0010833895,0.0017954662,1226769
20100317,09:45:00.000,BBG000BR2B91,-0.0032070805,-0.002896006,3518717
20100317,09:45:00.000,BBG000BQPC32,0.0068231765,0.008898915,6719768
20100317,09:45:00.000,BBG000BK6MB5,-0.0021103567,0.00829876,21285092
20100317,09:45:00.000,BBG000C3J3C9,0.0055401204,0.0068820855,2358875
20100317,09:45:00.000,BBG000C0G1D1,-0.006555134,-5.0050367e-08,8529835
20100317,09:45:00.000,BBG000BWQFY7,-0.0053749452,0.0036320665,1689367
20100317,09:45:00.000,BBG000BJDB15,-0.0013836264,0.008824939,965485
20100317,09:45:00.000,BBG000BPH459,0.006604231,0.01021248,4146461
20100317,09:45:00.000,BBG000C6CFJ5,4.452867e-05,0.0056492286,758300
20100317,09:45:00.000,BBG000DMBXR2,-0.0034812791,0.005553723,2166638
20100317,09:45:00.000,BBG000BHSKN9,-0.0034908343,0.0016455571,197168
20100317,09:45:00.000,BBG000GZQ728,-0.0010999687,0.0042026686,1896963
20100317,09:45:00.000,BBG000BCTLF6,-0.0010351696,0.011147027,9808894
20100317,09:45:00.000,BBG000B9XRY4,0.0023516468,0.00728155,1436309
20100317,10:00:00.000,GEN_EQ0021071400001000,-0.00794024,0.0040452266,168950
20100317,10:00:00.000,GEN_EQ0096849600001000,-0.0031352583,0.015510091,144903
20100317,10:00:00.000,BBG000BJ49H3,-0.0012091575,-0.00026880266,36519
20100317,10:00:00.000,BBG000BMFD58,-0.018780215,-0.011173371,1762186
20100317,10:00:00.000,BBG000BFVXX0,-0.0038981293,-0.0019041206,149849
20100317,10:00:00.000,BBG000CHWP52,0.0068186577,0.011102489,91550
20100317,10:00:00.000,BBG000BT9T73,0.09785109,0.110060036,9285765
20100317,10:00:00.000,BBG000BCQ4P6,-0.0011990704,0.0073409374,73931
20100317,10:00:00.000,BBG000BMLWX8,0.012975413,0.023341775,171506
20100317,10:00:00.000,BBG000BP7JB0,-0.0011555346,0.00791206,295677
20100317,10:00:00.000,BBG000BNW1S8,-0.010856155,0.0060313595,100875
20100317,10:00:00.000,BBG000MQ1SN9,-0.0010806823,-0.0024724908,170011
20100317,10:00:00.000,BBG000BVB8Q0,-0.008669303,0.0010921261,309165
20100317,10:00:00.000,BBG000BSC0K9,-0.0010667947,-0.0013215693,70634
20100317,10:00:00.000,BBG000C7LMS8,0.0016854617,0.0013885684,37620
20100317,10:00:00.000,BBG000BB5792,0.013622394,0.021228628,406613
20100317,10:00:00.000,BBG000BFDLV8,0.0032095674,0.010282073,69285
20100317,10:00:00.000,BBG000BTLMX5,0.007180545,0.016178867,105666
20100317,10:00:00.000,BBG000CQB185,0.006825454,0.014929025,137186
20100317,10:00:00.000,BBG000BKVJK4,0.003647957,0.0054177237,193268
20100317,10:00:00.000,BBG000BQC9V2,0.0050564753,0.012254256,354263
20100317,10:00:00.000,BBG000CC53X1,-0.0014347732,0.004793229,75038
20100317,10:00:00.000,BBG000C45984,-0.0030598224,0.0025265461,152615
20100317,10:00:00.000,BBG000BJNGN9,-0.0029596903,0.008477211,432741
20100317,10:00:00.000,BBG000FQRVM3,0.002011505,0.0036101996,90213
20100317,10:00:00.000,BBG000D2M0Z7,-0.0033687097,0.0034395051,45981
20100317,10:00:00.000,BBG000K82ZT8,-0.005315582,-0.002461983,119971
20100317,10:00:00.000,BBG000BF5RY1,0.0008132708,0.0043916046,738023
20100317,10:00:00.000,BBG000BNMHS4,0.0033995581,0.014798135,176302
20100317,10:00:00.000,BBG000CPHYL4,-0.00957395,-0.0069868476,1475018
20100317,10:00:00.000,GEN_EQ0000000000852052,0.0056013744,0.015015208,175145
20100317,10:00:00.000,BBG000BCHG15,0.012454489,0.02182454,100476
20100317,10:00:00.000,BBG000BNNKG9,0.003815665,0.011753201,191076
20100317,10:00:00.000,BBG000DR22B6,0.0007387897,0.008599422,325283
20100317,10:00:00.000,BBG000BHK836,-0.0017132154,0.006346797,101500
20100317,10:00:00.000,BBG000BV4DR6,0.008070073,0.02070556,447025
20100317,10:00:00.000,BBG000BC9938,-0.010613659,-0.0027759383,135101
20100317,10:00:00.000,BBG000DSMS70,-0.0043469667,-0.0023675743,32988
20100317,10:00:00.000,BBG000BWCKB6,0.0008696426,0.0051345397,97420
20100317,10:00:00.000,BBG000BP5YT0,-0.0018403963,0.01435091,1051379
20100317,10:00:00.000,BBG000BGYWY6,0.0027351782,0.005717778,151878
20100317,10:00:00.000,GEN_EQ0010580600001000,0.008293928,0.01520999,172967
20100317,10:00:00.000,BBG000BFJ645,0.011411564,0.011759255,311683
20100317,10:00:00.000,BBG000PV2L86,-0.005487472,-0.002908722,198708
20100317,10:00:00.000,BBG000BXBHJ4,-0.008501273,0.0005410239,136779
20100317,10:00:00.000,BBG000BB29X4,0.0016944887,0.0046033026,107640
20100317,10:00:00.000,BBG000BBBP59,-0.001063316,0.00038253085,82900
20100317,10:00:00.000,BBG000BVHBM1,-0.0013688891,0.00831069,278634
20100317,10:00:00.000,BBG000BWGYF8,0.012588546,0.034078605,382402
20100317,10:00:00.000,BBG000BBL8V7,0.008083166,0.0190083,264770
20100317,10:00:00.000,BBG000BPNP00,-0.0035286068,0.007196161,130126
20100317,10:00:00.000,BBG000RGM5P1,,,84908
20100317,10:00:00.000,BBG000FKYVH4,-8.3862466e-07,0.0066002226,113242
20100317,10:00:00.000,BBG000BGXZB5,-0.0006043439,0.000526691,446289
20100317,10:00:00.000,BBG000BTQ9G8,0.008501729,0.012114384,431831
20100317,10:00:00.000,BBG000BCTQ65,0.0027888378,0.0028175327,125020
20100317,10:00:00.000,BBG000BK2F42,0.004789369,0.009781032,218666
20100317,10:00:00.000,BBG000F7RCJ1,-0.00445292,-0.00059103273,51065
20100317,10:00:00.000,BBG000C2YHG9,-0.0032336942,-0.00046431008,144269
20100317,10:00:00.000,BBG000BRJL00,-0.002324203,0.0027670283,191611
20100317,10:00:00.000,BBG000BQT4L6,-0.0043201162,0.0025715237,261789
20100317,10:00:00.000,BBG000FDBX90,0.0007786663,0.002768883,300309
20100317,10:00:00.000,BBG000BKR1D6,0.0037418331,0.009789261,42321
20100317,10:00:00.000,GEN_EQ0010003600001000,-0.003548759,0.0012724159,105894
20100317,10:00:00.000,BBG000BPXVJ6,0.0007553324,0.004505591,165269
20100317,10:00:00.000,BBG000BN84F3,0.0056572915,0.005089983,88646
20100317,10:00:00.000,BBG000DSZTN6,0.001600309,0.011934613,212090
20100317,10:00:00.000,BBG000BBCDZ2,-0.0001908307,0.008040559,47502
20100317,10:00:00.000,BBG000PQ6YJ3,-0.005897714,0.0019490907,40174
20100317,10:00:00.000,BBG000HQ7GC7,-0.007852508,-0.00090795005,207835
20100317,10:00:00.000,BBG000BC15S7,-0.002692938,0.0010745033,100356
20100317,10:00:00.000,BBG000PX3XC0,-0.0019376554,0.010711509,47032
20100317,10:00:00.000,BBG000BSXQV7,-0.0007435615,0.001614301,54615
20100317,10:00:00.000,BBG000BP1Q11,-0.0036207577,-0.00014158308,57923
20100317,10:00:00.000,GEN_EQ0010206100001000,-0.022286298,-0.021848176,880513
20100317,10:00:00.000,BBG000C3GN47,0.0022791994,0.012878224,91647
20100317,10:00:00.000,BBG000BN7277,-0.003365262,0.00441971,312534
20100317,10:00:00.000,BBG000C3NTN5,0.006415783,0.011473541,346321
20100317,10:00:00.000,BBG000DWB323,0.0015900324,0.015877942,320117
20100317,10:00:00.000,BBG000BR1W32,-0.004808533,0.010310148,186095
20100317,10:00:00.000,BBG000BF2KK4,-0.0044144476,0.0024283705,170997
20100317,10:00:00.000,BBG000BNBPQ0,0.006878586,0.02221845,145633
20100317,10:00:00.000,BBG000BWXL85,0.0016218036,0.0065380633,101459
20100317,10:00:00.000,GEN_EQ0010624300001000,-0.0045596813,0.0016469578,200581
20100317,10:00:00.000,BBG000JBN3X6,0.0009191992,-0.0051580174,1039155
20100317,10:00:00.000,BBG000BFNR17,-0.0012710053,0.0063119535,182593
20100317,10:00:00.000,BBG000CXYSZ6,0.0069555906,0.0096746795,59187
20100317,10:00:00.000,BBG000FV1Z23,-0.015849283,-0.01142785,260559
20100317,10:00:00.000,GEN_EQ0010548100001000,0.013442941,0.031308506,770821
20100317,10:00:00.000,GEN_EQ0010141600001000,0.007100433,0.017680192,205214
20100317,10:00:00.000,BBG000BW2QX0,0.008183279,0.019838745,569486
20100317,10:00:00.000,BBG000C1S2X2,-0.001370315,-0.00034320974,120842
20100317,10:00:00.000,BBG000BVXPZ8,-0.0003262432,0.0059399097,315953
20100317,10:00:00.000,BBG000B9ZV28,0.0016734313,0.0037118692,63828
20100317,10:00:00.000,BBG000CPQZ77,-0.0017024818,0.0036720056,100485
20100317,10:00:00.000,BBG000BGD7W6,-0.001740026,0.0006950889,217775
20100317,10:00:00.000,GEN_EQ0010168800001000,-0.008530699,-0.0064977226,4633501
20100317,10:00:00.000,BBG000D9KWL9,-0.00053309026,0.009580084,39416
20100317,10:00:00.000,BBG000BR37X2,0.020605871,0.027059635,817359
20100317,10:00:00.000,BBG000BR54L0,-0.005416356,0.007020617,328219
20100317,10:00:00.000,BBG000BLHRS2,-0.004885465,-0.0028736687,132438
20100317,10:00:00.000,BBG000BX3BL3,-0.006317721,0.01130641,154717
20100317,10:00:00.000,BBG000BL5W86,-0.0028810122,0.013925055,1797009
20100317,10:00:00.000,BBG000BJKPG0,0.00044805263,0.006023477,129755
20100317,10:00:00.000,BBG000BCYP43,-4.1924133e-05,0.00288392,20913
20100317,10:00:00.000,BBG000MBDGM6,0.0044619977,0.013221053,15984
20100317,10:00:00.000,BBG000CGT2S4,-0.0074187377,0.002276421,50348
20100317,10:00:00.000,BBG000BMFFQ0,0.00063460914,0.013982105,153671
20100317,10:00:00.000,BBG000BWVSR1,-0.0002174113,0.002654755,124597
20100317,10:00:00.000,BBG000FL0BC8,-0.001447105,0.01031596,308509
20100317,10:00:00.000,BBG000F86GP6,-0.0064329156,0.0017420199,85745
20100317,10:00:00.000,BBG000BHB3M6,0.00064205844,0.010781566,62437
20100317,10:00:00.000,BBG000BDWKC5,-0.002377139,0.0032288195,234293
20100317,10:00:00.000,BBG000BJDPC2,0.019406352,0.017224431,260114
20100317,10:00:00.000,BBG000BP4MH0,-0.0026835029,0.002449466,319904
20100317,10:00:00.000,BBG000C9W1Y1,,,747055
20100317,10:00:00.000,BBG000BKSL41,0.0023626755,0.009423839,350138
20100317,10:00:00.000,BBG000CVWGS6,0.010476754,0.015470657,2277692
20100317,10:00:00.000,BBG000F80SZ5,0.010747036,0.020574551,1477650
20100317,10:00:00.000,BBG000DKCC19,-0.0041377763,-0.0016971426,185032
20100317,10:00:00.000,GEN_EQ0010091900001000,0.012961141,0.014334723,71717
20100317,10:00:00.000,BBG000BG7986,0.0062618884,0.0056209066,198627
20100317,10:00:00.000,BBG000D7RKJ5,-0.0015218278,0.0026173305,156128
20100317,10:00:00.000,BBG000KLB4Q1,0.0042591435,0.014035263,410763
20100317,10:00:00.000,BBG000DQTXY6,-0.0021430585,0.008432331,309787
20100317,10:00:00.000,BBG000BFS7D3,0.010462573,0.008442158,588016
20100317,10:00:00.000,BBG000BV75B7,-0.004226755,-0.0060448693,176916
20100317,10:00:00.000,BBG000C2PW58,0.042066205,0.05324485,225598
20100317,10:00:00.000,BBG000BKZTP3,-0.01564228,-0.0063549434,652890
20100317,10:00:00.000,BBG000CFJL87,-0.003712611,-0.0028790634,193284
20100317,10:00:00.000,BBG000QY3XZ2,-0.0006770954,0.0052712024,366859
20100317,10:00:00.000,BBG000BJ5GK2,-0.0058476864,0.0017333546,133077
20100317,10:00:00.000,BBG000Q0BPZ4,0.03461145,0.046851613,1768927
20100317,10:00:00.000,BBG000NSCNT7,-0.0034312643,0.014906214,433847
20100317,10:00:00.000,GEN_EQ0010104800001000,-0.004945167,0.0027112525,506614
20100317,10:00:00.000,BBG000G8N9C6,-0.003402507,-0.000881659,135981
20100317,10:00:00.000,BBG000BHKYH4,-0.0005800543,0.0022879646,100172
20100317,10:00:00.000,BBG000BK1FD3,-0.017657079,-0.0032333233,402006
20100317,10:00:00.000,BBG000BT4T69,0.0067724152,0.00855622,593395
20100317,10:00:00.000,GEN_EQ0011591100001000,-0.0026989067,0.0020600266,211932
20100317,10:00:00.000,BBG000FFH4P5,0.0027178389,0.011200962,51530
20100317,10:00:00.000,BBG000BGRKT6,0.0027378767,0.004785898,64368
20100317,10:00:00.000,BBG000DN7P92,-0.0019859027,0.0027054993,72019
20100317,10:00:00.000,BBG000M4SW14,-0.013065538,-0.0056355754,133422
20100317,10:00:00.000,BBG000BNGTQ7,-0.0055791,-0.0032354398,420829
20100317,10:00:00.000,BBG000BL79J3,-0.003717037,-0.0015105044,133994
20100317,10:00:00.000,BBG000BDG1Y1,-0.0060969973,-0.0016515122,368068
20100317,10:00:00.000,BBG000D9DMK0,0.0048924945,0.0046658036,54729
20100317,10:00:00.000,BBG000BVPPM1,0.0042808936,0.016505351,565124
20100317,10:00:00.000,BBG000D3MB18,-0.0026504889,0.005179795,608121
20100317,10:00:00.000,BBG000DGPR66,0.006069193,0.01115901,65467
20100317,10:00:00.000,BBG000BLDV98,0.002779508,-0.0011812417,233171
20100317,10:00:00.000,BBG000C6F3T8,0.0016137144,0.0029559177,398965
20100317,10:00:00.000,BBG000BS0ZF1,-0.0014021556,0.0027645354,40997
20100317,10:00:00.000,BBG000DNTSP4,-0.0019878433,0.0062374556,200352
20100317,10:00:00.000,BBG000LL9LQ5,-0.0033872784,0.004737956,247994
20100317,10:00:00.000,GEN_EQ0140919900001000,-0.00087753835,0.0012676183,94914
20100317,10:00:00.000,BBG000QRSL13,-0.0034592939,0.010075783,1269585
20100317,10:00:00.000,BBG000BRJ809,0.0018514879,0.005726324,59167
20100317,10:00:00.000,BBG000D1QCF1,-0.009042935,0.0077342377,116334
20100317,10:00:00.000,BBG000BLCPY4,0.0072560525,0.014296321,125324
20100317,10:00:00.000,BBG000CNWNL6,0.0072400915,0.028148398,209673
20100317,10:00:00.000,BBG000DV7MX4,-0.011376225,0.0012370948,845890
20100317,10:00:00.000,BBG000BP1152,-0.008756113,-0.0006270056,448923
20100317,10:00:00.000,BBG000BHCP19,-0.005484297,0.0042335517,227775
20100317,10:00:00.000,BBG000BGKHZ3,-0.005024868,0.0022423412,133521
20100317,10:00:00.000,BBG000BMB7R1,0.0030871285,0.0069535053,63379
20100317,10:00:00.000,BBG000BHLYS1,0.0006344809,0.0013496891,148162
20100317,10:00:00.000,BBG000BKWSR6,0.016566606,0.02901163,3102868
20100317,10:00:00.000,BBG000JN9BQ6,0.012619209,0.018289609,212255
20100317,10:00:00.000,BBG000BRZBT3,0.0003504828,0.00938697,206563
20100317,10:00:00.000,BBG000FBK808,0.0076070926,0.019102221,977559
20100317,10:00:00.000,BBG000BXRPH1,-0.0049234927,0.007900515,148521
20100317,10:00:00.000,BBG000BQSQ38,-0.00062340463,0.004954372,144258
20100317,10:00:00.000,BBG000BVMPN3,0.007949095,0.019871667,161350
20100317,10:00:00.000,BBG000BGFLL5,-0.00097517075,0.011448377,230274
20100317,10:00:00.000,BBG000BJ98Z0,0.002765225,0.0038297435,62220
20100317,10:00:00.000,BBG000NDZ417,-0.009279074,0.0004566934,135131
20100317,10:00:00.000,BBG000BKPL53,-0.00081265555,0.0034622855,106197
20100317,10:00:00.000,BBG000BD0TF8,0.003321529,0.015336027,132310
20100317,10:00:00.000,BBG000BY2Y78,0.0064963717,0.021045,627335
20100317,10:00:00.000,BBG000BPMH90,0.0026272181,0.013438267,255869
20100317,10:00:00.000,BBG000BBNYF6,0.003460613,0.0093930075,154984
20100317,10:00:00.000,BBG000FJRZ68,-0.0057803732,-0.0011881249,362600
20100317,10:00:00.000,BBG000FKJRC5,0.00026272537,0.0010239371,58709
20100317,10:00:00.000,BBG000CL9VN6,0.00043914744,0.00021240678,115772
20100317,10:00:00.000,BBG000BK6G19,0.0008879905,0.010051662,118532
20100317,10:00:00.000,BBG000C23KJ3,-0.007020549,-0.0025264404,873984
20100317,10:00:00.000,BBG000BB5BF6,-0.000455874,0.003092146,291338
20100317,10:00:00.000,BBG000BK5DP1,0.0014676523,0.009143886,231104
20100317,10:00:00.000,BBG000BJVZF7,0.000812114,0.0027077207,89614
20100317,10:00:00.000,BBG000BN5HF7,-0.002123863,0.010736602,570865
20100317,10:00:00.000,BBG000BL9439,-0.0017161809,0.0014791623,157723
20100317,10:00:00.000,BBG000BJQWD2,0.006540273,0.015474143,421869
20100317,10:00:00.000,BBG000D8RG11,-0.0009094456,0.0017765538,159901
20100317,10:00:00.000,BBG000BS9489,1.8443787e-05,0.0052262205,60404
20100317,10:00:00.000,BBG000BH5DV1,-0.0019065677,0.0012989268,390773
20100317,10:00:00.000,BBG000BMKDM3,-0.00035031274,0.0010406821,135073
20100317,10:00:00.000,BBG000C75N77,-0.0022921409,0.008486838,407505
20100317,10:00:00.000,BBG000BKXFN7,-0.005754451,0.0047089374,265538
20100317,10:00:00.000,BBG000BTCH57,-0.0037187324,0.0030740383,163655
20100317,10:00:00.000,BBG000BM7HL0,0.005750872,0.015192743,645373
20100317,10:00:00.000,BBG000BNFLM9,-0.0035318562,0.0038511269,391727
20100317,10:00:00.000,BBG000BBVCN6,0.00011401739,-0.0038432223,37355
20100317,10:00:00.000,BBG000LD9JQ8,-0.0010910544,0.005297582,792088
20100317,10:00:00.000,BBG000MDCQC2,-0.00097633275,-0.0017629463,332151
20100317,10:00:00.000,BBG000BLBXT4,-0.0125577,-0.009297334,394245
20100317,10:00:00.000,BBG000BDXGP9,0.0039084475,0.0054678107,298686
20100317,10:00:00.000,BBG000BR3KL6,0.004818569,0.012024879,89642
20100317,10:00:00.000,BBG000BX9WL1,0.021381995,0.036494724,1438893
20100317,10:00:00.000,BBG000BQ74K1,0.0016288017,0.010682985,91619
20100317,10:00:00.000,BBG000BWSV34,0.0036984158,0.011011417,74691
20100317,10:00:00.000,BBG000BQZMH4,2.0885152e-05,0.0024105357,99699
20100317,10:00:00.000,GEN_EQ0010066700001000,-0.004528767,-0.0024300052,204531
20100317,10:00:00.000,BBG000BQVTF5,-0.0025981842,0.004672231,244091
20100317,10:00:00.000,BBG000LC1FS4,0.005622473,0.018333564,226919
20100317,10:00:00.000,GEN_EQ0010050500001000,-0.0040319078,0.005359622,1184080
20100317,10:00:00.000,BBG000G3QLY3,0.008606678,0.014906734,124078
20100317,10:00:00.000,BBG000QBR5J5,0.0057913745,0.018306587,1836290
20100317,10:00:00.000,BBG000BTQR96,0.0062312153,0.01168927,202992
20100317,10:00:00.000,GEN_EQ0012661800001000,-0.008893774,-0.006303929,295923
20100317,10:00:00.000,BBG000CKJ0P3,0.000844006,0.0013101668,114370
20100317,10:00:00.000,BBG000HGYNZ9,-0.007081358,0.0032981292,562667
20100317,10:00:00.000,BBG000BV7LP7,0.0025264765,0.00679321,313625
20100317,10:00:00.000,BBG000BBVK30,-0.006636248,-0.00827726,2148246
20100317,10:00:00.000,BBG000BFXHL6,-0.0062076724,-0.0022223433,348335
20100317,10:00:00.000,BBG000BGLRN3,0.002010904,0.0034458295,261886
20100317,10:00:00.000,BBG000C2V3D6,-0.0041692415,0.0053866706,160722
20100317,10:00:00.000,BBG000BGVW60,0.004870625,0.0047616027,358940
20100317,10:00:00.000,BBG000BTVJ25,0.008182708,0.011873663,323268
20100317,10:00:00.000,GEN_EQ0010020500001000,0.0073291496,0.023038378,482062
20100317,10:00:00.000,BBG000BHQ1H0,0.00431428,0.0054017715,74827
20100317,10:00:00.000,BBG000BNC3Y9,0.022150688,0.039711896,2080979
20100317,10:00:00.000,BBG000BVVQQ8,-0.009797804,0.005216956,231747
20100317,10:00:00.000,GEN_EQ0010281900001000,0.00993963,0.008614045,146406
20100317,10:00:00.000,BBG000C1FB75,-0.000727945,0.011042354,30654
20100317,10:00:00.000,BBG000BFTJ91,-0.0007744032,0.0017979561,193587
20100317,10:00:00.000,BBG000C1FQS9,-0.0030209827,0.00062272034,49375
20100317,10:00:00.000,BBG000BSBZH7,0.00031655075,-0.0010144411,221139
20100317,10:00:00.000,BBG000F15NW9,-0.008287905,-0.006314835,525544
20100317,10:00:00.000,BBG000BPT0C6,0.012219644,0.02147927,178146
20100317,10:00:00.000,GEN_EQ0010145600001000,0.0005246876,0.0007584602,191254
20100317,10:00:00.000,BBG000H89QJ6,0.0023576673,0.004223761,54707
20100317,10:00:00.000,BBG000BR14K5,0.00050387066,0.005076525,301457
20100317,10:00:00.000,BBG000BP6L99,0.0009857181,0.0053908043,1820174
20100317,10:00:00.000,BBG000BQWPC5,-0.00015316809,-0.0010433992,114615
20100317,10:00:00.000,BBG000BNNYW1,-0.001588531,0.0021613154,176922
20100317,10:00:00.000,BBG000BJ3PD2,-0.00031598163,0.006502693,88607
20100317,10:00:00.000,BBG000PVRDL2,-0.00824704,0.0018922403,632976
20100317,10:00:00.000,BBG000C2ZCH8,-0.0025249638,-0.0019873728,119604
20100317,10:00:00.000,BBG000TK7PB8,0.020813562,0.0388875,1618506
20100317,10:00:00.000,BBG000BB6M98,-0.0022805093,0.001372661,152688
20100317,10:00:00.000,BBG000HW5GX3,-0.00065634865,0.008779964,198955
20100317,10:00:00.000,BBG000BLKK03,0.0019026278,-0.0018879672,113192
20100317,10:00:00.000,BBG000BCZYD3,0.00048104385,0.0025323369,103054
20100317,10:00:00.000,BBG000CSY9H9,-0.0089564035,-0.004171084,117878
20100317,10:00:00.000,BBG000BB9KF2,-0.0016631834,0.001294449,147654
20100317,10:00:00.000,BBG000BMQPL1,0.0074575213,0.023391854,1767537
20100317,10:00:00.000,BBG000BMTFR4,-0.0015428659,0.0070638806,444312
20100317,10:00:00.000,BBG000H9G7X2,0.008908923,0.011268015,183947
20100317,10:00:00.000,BBG000BCNYT9,-0.006819627,-0.004630818,298524
20100317,10:00:00.000,BBG000C0MF34,-0.0038640136,0.00083241594,155086
20100317,10:00:00.000,BBG000BN2DC2,-0.005787962,0.0020202661,159323
20100317,10:00:00.000,BBG000BN9WT5,-0.0019117508,0.0061445506,573195
20100317,10:00:00.000,BBG000BQ5DS5,0.0013604135,0.0034452283,243263
20100317,10:00:00.000,BBG000BCGY17,-0.0039546485,-0.0014291647,100939
20100317,10:00:00.000,BBG000BB6G37,-0.0009357984,0.007995967,440823
20100317,10:00:00.000,BBG000CHPY97,-0.020644166,-0.01238105,795567
20100317,10:00:00.000,BBG000TWC2V5,-0.006906538,-0.0074401707,158990
20100317,10:00:00.000,GEN_EQ0117562400001000,-0.002599014,2.4024851e-08,1289603
20100317,10:00:00.000,BBG000BP0KQ8,0.002509937,0.010053144,744402
20100317,10:00:00.000,BBG000BB5373,0.021097593,0.027171928,1233509
20100317,10:00:00.000,BBG000BM6788,-0.004911775,0.0022394364,328076
20100317,10:00:00.000,BBG000BH3JF8,-0.0047667334,-0.0003844631,158009
20100317,10:00:00.000,GEN_EQ0085215200001000,-0.0049477676,0.006062072,881837
20100317,10:00:00.000,BBG000BQ2C28,0.0014204882,0.0040219906,103600
20100317,10:00:00.000,BBG000BX5ZF5,-0.008396491,-1.3722827e-07,1187296
20100317,10:00:00.000,BBG000BMDV41,0.006322535,0.010415061,306215
20100317,10:00:00.000,GEN_EQ0010319800003000,-0.008135162,-0.011635341,542145
20100317,10:00:00.000,BBG000BG14P4,-0.0036811554,0.002256176,251580
20100317,10:00:00.000,BBG000GC80B4,,,419704
20100317,10:00:00.000,BBG000BB2DM7,-0.005562316,0.0022021546,680859
20100317,10:00:00.000,BBG000BWJFZ4,0.0026129112,0.003244076,201935
20100317,10:00:00.000,BBG000BHGDH5,-5.3808966e-05,0.0018055681,579415
20100317,10:00:00.000,BBG000BZ2GG4,-0.00866178,0.006930307,351214
20100317,10:00:00.000,BBG000D898T9,0.0018934519,0.0031166144,346662
20100317,10:00:00.000,BBG000BMF5J0,-0.0013228907,0.0034181213,247574
20100317,10:00:00.000,BBG000BKLH74,-0.0038499082,-0.004724253,1003043
20100317,10:00:00.000,BBG000BGPTV6,0.0012290567,0.0076587508,381088
20100317,10:00:00.000,BBG000BH3GZ2,0.0016587712,0.009033888,331724
20100317,10:00:00.000,BBG000BVWLJ6,-0.00085521344,0.008858097,147361
20100317,10:00:00.000,BBG000C496P7,-0.0008718575,0.008127153,927691
20100317,10:00:00.000,BBG000JG0547,0.0015985997,0.005311714,293569
20100317,10:00:00.000,BBG000DYGNW7,0.0017591938,0.0030990667,162364
20100317,10:00:00.000,BBG000BNJHS8,-0.00083752954,-0.0060720504,953672
20100317,10:00:00.000,BBG000BPQD31,-0.0033435784,-0.0013584378,255495
20100317,10:00:00.000,BBG000BT9DW0,0.00048238033,0.0015048066,230998
20100317,10:00:00.000,BBG000BB2KW0,-0.00804659,-0.011054363,142981
20100317,10:00:00.000,BBG000BK67C7,0.004825256,0.0052893246,122387
20100317,10:00:00.000,BBG000DHSPT0,0.0015773157,0.005906522,183301
20100317,10:00:00.000,BBG000BFMBQ6,-0.0059366007,-0.009865583,287161
20100317,10:00:00.000,BBG000B9WJ73,-0.0019151508,0.013453944,1337330
20100317,10:00:00.000,BBG000FVXD63,-0.009680179,0.0001979186,449791
20100317,10:00:00.000,BBG000B9XYV2,-0.0044586444,-0.0015807775,413180
20100317,10:00:00.000,BBG000BMBL90,0.0038484058,0.008727294,355974
20100317,10:00:00.000,BBG000BB1TH9,-0.0022951146,0.008937865,150499
20100317,10:00:00.000,BBG000BVMGF2,-0.0066054054,0.0019346287,598524
20100317,10:00:00.000,BBG000BSD7C2,-0.00095929037,-0.0006161023,184241
20100317,10:00:00.000,BBG000J5Q6L2,-0.01181768,0.004225936,1299038
20100317,10:00:00.000,BBG000BC4JJ4,-0.0021444343,0.0013359173,111027
20100317,10:00:00.000,BBG000BM5SR2,0.013675049,0.038651466,2885374
20100317,10:00:00.000,BBG000BJPDZ1,-0.0036746056,-8.4095795e-05,53945
20100317,10:00:00.000,BBG000BZTW70,-0.0046920367,0.0047639823,679286
20100317,10:00:00.000,BBG000C5HS04,0.008009507,0.010796111,257318
20100317,10:00:00.000,BBG000M65M61,-0.018350737,-0.019816726,1789515
20100317,10:00:00.000,BBG000BY29C7,0.0060007093,0.010839427,253774
20100317,10:00:00.000,BBG000BB6WG8,0.006746836,0.010845877,546380
20100317,10:00:00.000,GEN_EQ0010172300001000,-0.0057715117,-0.0055830316,115442
20100317,10:00:00.000,BBG000C2BXK4,0.0045945593,0.013838028,8098392
20100317,10:00:00.000,BBG000BBBNC6,-0.0010268794,0.014612521,253698
20100317,10:00:00.000,BBG000PM7GJ0,0.009454972,0.023538167,682097
20100317,10:00:00.000,BBG000Q3JN03,0.0075059705,0.023983875,3849315
20100317,10:00:00.000,BBG000C0LW92,-0.0069166212,-1.7161243e-07,8003912
20100317,10:00:00.000,BBG000BF1R66,0.007465938,0.011686384,285476
20100317,10:00:00.000,BBG000NSQ9M0,-0.008364571,-0.000979928,1071871
20100317,10:00:00.000,BBG000FQ6PY6,-0.026992492,-0.022578752,1484057
20100317,10:00:00.000,BBG000BWVCP8,-0.0058742664,0.0064895446,501913
20100317,10:00:00.000,BBG000BJSBJ0,-0.00068004214,0.001879922,96006
20100317,10:00:00.000,BBG000BLM0V1,,,226904
20100317,10:00:00.000,BBG000BMY992,-0.000967177,0.0013457324,539672
20100317,10:00:00.000,BBG000BVDLH9,0.004752898,0.00737136,185865
20100317,10:00:00.000,BBG000C0F570,-0.002362033,0.0055689677,675769
20100317,10:00:00.000,BBG000BBQCY0,0.024707211,0.03409697,4650387
20100317,10:00:00.000,GEN_EQ0000000001064567,0.002067894,0.0100318035,213944
20100317,10:00:00.000,BBG000BKCFC2,-0.003826625,-0.0035479094,138046
20100317,10:00:00.000,BBG000CGQ6M4,0.008066403,0.0096202,167721
20100317,10:00:00.000,BBG000C17X76,-0.004022014,-0.0038498405,246986
20100317,10:00:00.000,BBG000DTMH63,,,596610
20100317,10:00:00.000,BBG000R7Z112,-0.002608142,-0.0053951233,1086002
20100317,10:00:00.000,BBG000BBMSJ6,-0.008705287,-0.0003934069,712576
20100317,10:00:00.000,BBG000BY33P5,-0.0040841834,0.0009878451,334529
20100317,10:00:00.000,BBG000BV8DN6,0.00018056978,-0.0009262047,182911
20100317,10:00:00.000,GEN_EQ0010135600001000,0.0014929872,0.016229134,666757
20100317,10:00:00.000,BBG000JN8R00,0.010181441,0.020794766,324523
20100317,10:00:00.000,BBG000K14Q84,-0.007733085,0.0020760268,270358
20100317,10:00:00.000,BBG000BBDV81,-0.0010204002,0.006244686,200478
20100317,10:00:00.000,BBG000BMW2Z0,0.0015562421,2.972492e-07,327033
20100317,10:00:00.000,BBG000DLVDK3,-0.0022980694,0.004849045,255933
20100317,10:00:00.000,BBG000CKVSG8,0.0061470107,0.019702487,845050
20100317,10:00:00.000,BBG000G0Z878,0.028235342,0.043677706,4879261
20100317,10:00:00.000,BBG000BGJRC8,-0.0014942994,0.001551085,285164
20100317,10:00:00.000,BBG000BL8GJ6,-0.021036446,-0.0070485496,938558
20100317,10:00:00.000,BBG000HCJMF9,0.0011656402,0.016738527,295785
20100317,10:00:00.000,BBG000BB6KF5,-0.0012545595,0.011714017,716979
20100317,10:00:00.000,BBG000BYYLS8,-0.0025137558,0.007282016,748534
20100317,10:00:00.000,BBG000FJLFX8,-0.000122012694,-0.0034400604,470451
20100317,10:00:00.000,BBG000D9D830,0.006649294,0.011427283,512970
20100317,10:00:00.000,BBG000BHX7N2,-0.0015379179,0.004722134,228995
20100317,10:00:00.000,BBG000CTQBF3,-0.009069131,6.6280412e-09,1011934
20100317,10:00:00.000,BBG000BBD070,0.005854268,0.019294707,422992
20100317,10:00:00.000,BBG000BH2JM1,-0.011777605,-0.0069466126,1188664
20100317,10:00:00.000,BBG000CS7CT9,-0.0006700135,0.0005451713,336093
20100317,10:00:00.000,BBG000BFL116,-0.0040139393,0.0025587846,117135
20100317,10:00:00.000,BBG000BFC8J2,0.007725737,0.008117714,312269
20100317,10:00:00.000,BBG000C15T95,-0.010058096,-0.011640464,187335
20100317,10:00:00.000,BBG000FP1N32,-0.0045506964,0.0034669826,651162
20100317,10:00:00.000,BBG000JWD753,-0.004594676,0.0034905043,7129372
20100317,10:00:00.000,BBG000BWNFZ9,0.009031616,0.017623201,1191391
20100317,10:00:00.000,BBG000BSLZY7,-0.012411399,-0.0037907434,1165217
20100317,10:00:00.000,BBG000BCBCM7,-0.0038210922,-0.0050772005,587707
20100317,10:00:00.000,BBG000BBGGQ1,0.0018093986,0.013128959,1070139
20100317,10:00:00.000,BBG000BCWCG1,0.00450771,0.009354215,635702
20100317,10:00:00.000,BBG000BLBVN4,-0.004893666,-0.002937619,61149
20100317,10:00:00.000,BBG000C46HM9,-0.0077741086,-0.0041542347,679232
20100317,10:00:00.000,BBG000BTKGG8,0.00070559233,0.016084578,837971
20100317,10:00:00.000,GEN_EQ0010059600001000,0.03730136,0.053233683,2228773
20100317,10:00:00.000,BBG000C8H633,0.0020740835,0.01294383,690346
20100317,10:00:00.000,BBG000BTR593,0.012084189,0.02066464,595690
20100317,10:00:00.000,GEN_EQ0000000000158587,-0.001099744,-0.0003123878,216696
20100317,10:00:00.000,BBG000F6H8W8,0.00081494806,0.004679709,372602
20100317,10:00:00.000,BBG000BFQYY3,-0.003983216,-0.0063247643,404527
20100317,10:00:00.000,BBG000BNBDC2,0.002628636,0.0027626306,431284
20100317,10:00:00.000,BBG000BSJTT0,0.0020998367,0.01662396,456573
20100317,10:00:00.000,BBG000BJL3N0,0.003828172,0.01787705,1031211
20100317,10:00:00.000,BBG000BYWTX7,-0.015803138,-0.00686118,2781004
20100317,10:00:00.000,BBG000BD8PN9,-0.0049026683,0.004961075,569555
20100317,10:00:00.000,BBG000BHLYP4,-0.0044668885,0.005455693,47973
20100317,10:00:00.000,BBG000C1BW00,0.0065483716,0.0070944796,222342
20100317,10:00:00.000,BBG000J6XT05,-0.0051142024,-0.00044091814,278810
20100317,10:00:00.000,BBG000BJX8C8,0.0029422566,0.018478729,372159
20100317,10:00:00.000,BBG000BCVJ77,0.0057653333,0.0068881516,254564
20100317,10:00:00.000,BBG000BZ9223,-0.0009399205,0.006423295,158918
20100317,10:00:00.000,BBG000H556T9,-0.0034859001,0.0018605515,417494
20100317,10:00:00.000,BBG000BJF1Z8,0.00706724,0.01365046,368141
20100317,10:00:00.000,BBG000BB5006,0.020102436,0.026560055,1234360
20100317,10:00:00.000,BBG000F0KF42,,,1978878
20100317,10:00:00.000,BBG000BKFBD7,0.0023923328,0.015531098,457670
20100317,10:00:00.000,BBG000BFDXW1,-0.0049011833,0.003432599,525502
20100317,10:00:00.000,BBG000BW3299,-0.00028874597,0.0006805941,280824
20100317,10:00:00.000,BBG000F0PF65,0.0028550962,0.008371992,434313
20100317,10:00:00.000,BBG000BNWG87,-0.0013738219,0.0017735059,497638
20100317,10:00:00.000,BBG000BH13K9,0.002549864,0.0066803806,630405
20100317,10:00:00.000,BBG000BH1NH9,-0.002004438,0.003731991,211266
20100317,10:00:00.000,BBG000DY8ZS4,0.00171646,0.018333027,1323913
20100317,10:00:00.000,BBG000BP8Z50,-0.023544727,-0.016271235,2826065
20100317,10:00:00.000,BBG000BJ81C1,0.003069578,0.0058640223,433321
20100317,10:00:00.000,BBG000BBVJZ8,-0.002653063,0.0053130905,807367
20100317,10:00:00.000,BBG000BQ8KV2,-0.017000891,-0.00835328,951860
20100317,10:00:00.000,BBG000BGKTF9,-0.0057911268,0.010031026,608224
20100317,10:00:00.000,BBG000BFRF55,-0.009486879,0.005132475,812450
20100317,10:00:00.000,BBG000BRK7L6,-0.00048985117,0.011001381,1477773
20100317,10:00:00.000,BBG000BWLMJ4,-0.0059038224,-0.0017383605,658570
20100317,10:00:00.000,BBG000BD4VG8,0.010143874,0.026261732,629164
20100317,10:00:00.000,BBG000FW00S1,0.0014711331,0.016187025,1204453
20100317,10:00:00.000,BBG000BBJQV0,0.0014671102,0.012390701,2309112
20100317,10:00:00.000,BBG000C5Z1S3,-0.0050764005,0.008810593,2851853
20100317,10:00:00.000,BBG000BC40Y8,0.012308432,0.02247741,446081
20100317,10:00:00.000,BBG000DWYF03,0.0017884793,0.007843136,1470345
20100317,10:00:00.000,BBG000BRD0D8,0.010551382,0.023218045,782258
20100317,10:00:00.000,BBG000H8TVT2,-0.001232185,-0.0016841751,193324
20100317,10:00:00.000,BBG000BP6LJ8,0.0009282157,0.0019658718,1533446
20100317,10:00:00.000,BBG000BKFZM4,0.011181537,0.019475272,2715546
20100317,10:00:00.000,BBG000BHBK84,-0.006225811,0.0009843151,804009
20100317,10:00:00.000,BBG000FG3C43,-0.013040206,-0.0022149906,791483
20100317,10:00:00.000,BBG000BH23R1,0.0005482995,0.006287345,2582078
20100317,10:00:00.000,BBG000F1ZSQ2,-0.009086806,-0.0024848334,111013
20100317,10:00:00.000,BBG000GFFQN9,0.0010640306,0.008554917,1500607
20100317,10:00:00.000,BBG000BNDN65,-5.9417864e-05,0.0035948157,1374714
20100317,10:00:00.000,BBG000C43RR5,-0.001877907,0.0052246954,1794714
20100317,10:00:00.000,BBG000BP52R2,0.00080253504,0.007960471,460588
20100317,10:00:00.000,BBG000BBPFB9,-0.0044640545,0.003211327,3858736
20100317,10:00:00.000,BBG000BC2C10,0.0017529989,0.009608403,174698
20100317,10:00:00.000,BBG000BFT2L4,-0.0018012442,0.0005712469,956903
20100317,10:00:00.000,BBG000L9CV04,0.0033081188,0.008487918,617382
20100317,10:00:00.000,BBG000FL1TC8,-0.003990717,-0.003891745,493348
20100317,10:00:00.000,BBG000FFDM15,-0.0060196077,0.0019153072,929075
20100317,10:00:00.000,BBG000BH4R78,-0.0018420651,0.00088932243,756864
20100317,10:00:00.000,BBG000B9ZXB4,2.1944606e-05,-0.0016451505,887349
20100317,10:00:00.000,BBG000BGRY34,0.0007458691,0.0022894328,671626
20100317,10:00:00.000,BBG000G2R6M0,-0.0036853545,0.003496057,810694
20100317,10:00:00.000,BBG000BCSST7,0.0002683264,0.0010910606,826915
20100317,10:00:00.000,BBG000BVV7G1,-0.0047249,0.003243381,1871896
20100317,10:00:00.000,BBG000BW8S60,-0.0011132427,0.00020710491,438920
20100317,10:00:00.000,BBG000BL4504,-0.01316967,-0.0023607728,1718754
20100317,10:00:00.000,BBG000DQLV23,-0.001757011,-0.0026926955,1320025
20100317,10:00:00.000,BBG000BBS2Y0,-0.0027087214,-0.005485129,431872
20100317,10:00:00.000,BBG000BHVJJ3,-0.007622987,-0.001065274,2338652
20100317,10:00:00.000,BBG000J2XL74,0.0020426323,0.005854366,521649
20100317,10:00:00.000,BBG000CH5208,-0.012195182,-0.016633837,1524960
20100317,10:00:00.000,BBG000BCQZS4,-0.0013631936,0.008067689,699176
20100317,10:00:00.000,BBG000BFWKC0,0.008536242,0.008049206,1353441
20100317,10:00:00.000,BBG000BCG930,0.004118986,-0.0025024987,950573
20100317,10:00:00.000,BBG000PSKYX7,0.00055329467,0.0045320285,384783
20100317,10:00:00.000,BBG000BPWXK1,-0.0045715105,0.0016563131,810309
20100317,10:00:00.000,BBG000BWXBC2,-0.00078687916,-0.001785393,1769607
20100317,10:00:00.000,BBG000BQQ2S6,0.003536304,0.0095927855,386109
20100317,10:00:00.000,BBG000BH5LT6,-0.0011210119,0.0029520951,782154
20100317,10:00:00.000,BBG000DWG505,0.002108434,0.0030399826,416519
20100317,10:00:00.000,BBG000BF0K17,0.00082789076,0.0065594846,624414
20100317,10:00:00.000,BBG000BKTFN2,0.013018186,0.028062373,1543215
20100317,10:00:00.000,BBG000BB07P9,-0.0015866703,0.0042432067,993518
20100317,10:00:00.000,BBG000BNSZP1,-0.0032630959,0.0013633495,334434
20100317,10:00:00.000,BBG000BKZB36,-0.0047637024,-0.002766342,1339557
20100317,10:00:00.000,BBG000CKGBP2,-0.0037760404,-0.0058978763,538104
20100317,10:00:00.000,BBG000DH7JK6,0.0013146618,0.0043133185,663760
20100317,10:00:00.000,BBG000D4LWF6,0.00069326797,0.0013468681,886077
20100317,10:00:00.000,BBG000BQQH30,0.0050370996,0.012647342,1413584
20100317,10:00:00.000,BBG000B9WH86,0.020842109,0.033345297,11385775
20100317,10:00:00.000,BBG000BQLTW7,0.009756717,0.012294453,3229829
20100317,10:00:00.000,BBG000HS77T5,0.007639845,0.00835139,2687731
20100317,10:00:00.000,GEN_EQ0011904200001000,0.0009672638,0.007754447,3444118
20100317,10:00:00.000,BBG000BLZRJ2,-0.00051929324,0.010232762,1708374
20100317,10:00:00.000,BBG000BMX289,-0.001955345,0.0013032092,969627
20100317,10:00:00.000,BBG000BPD168,-0.0014303125,-0.0018451774,1251866
20100317,10:00:00.000,BBG000BT41Q8,0.0035756761,0.015639408,1932009
20100317,10:00:00.000,BBG000BMHYD1,0.0014765634,0.0006200092,1099773
20100317,10:00:00.000,BBG000BR2TH3,0.0054342826,0.0036199102,943901
20100317,10:00:00.000,BBG000KHWT55,-0.00301179,0.0022920487,1360837
20100317,10:00:00.000,BBG000BTZQC4,-0.0018036395,0.0008674816,793876
20100317,10:00:00.000,BBG000BSJK37,0.0039379853,0.0042547607,1618532
20100317,10:00:00.000,BBG000BLNNH6,-0.004496938,-0.001166114,693099
20100317,10:00:00.000,BBG000K4ND22,0.003846669,0.010271102,935710
20100317,10:00:00.000,BBG000BX3TD3,-0.0074668885,0.0064758845,1835629
20100317,10:00:00.000,BBG000CR90K4,0.001458391,0.002063541,1380474
20100317,10:00:00.000,BBG000BVPV84,7.4184056e-05,-0.00041729925,631962
20100317,10:00:00.000,BBG000CGC1X8,-0.0024067946,0.00025647914,2151182
20100317,10:00:00.000,BBG000BR2B91,-0.0031532876,-0.0023169396,6385367
20100317,10:00:00.000,BBG000BQPC32,0.013986269,0.013348166,10277682
20100317,10:00:00.000,BBG000BK6MB5,-0.006686811,0.0033195463,33719236
20100317,10:00:00.000,BBG000C3J3C9,0.0049978616,0.006882011,3711939
20100317,10:00:00.000,BBG000C0G1D1,-0.0033429877,0.0036353376,12319761
20100317,10:00:00.000,BBG000BWQFY7,-0.006594232,0.003962179,2996343
20100317,10:00:00.000,BBG000BJDB15,-0.002372677,0.007424903,1600382
20100317,10:00:00.000,BBG000BPH459,0.005844668,0.008850707,6115138
20100317,10:00:00.000,BBG000C6CFJ5,0.00074941723,0.007267404,1282253
20100317,10:00:00.000,BBG000DMBXR2,-0.0028522913,0.0071733366,3987912
20100317,10:00:00.000,BBG000BHSKN9,-0.004255897,0.000999731,345727
20100317,10:00:00.000,BBG000GZQ728,0.0010169157,0.007204758,4515155
20100317,10:00:00.000,BBG000BCTLF6,-0.0032967532,0.009973862,18487624
20100317,10:00:00.000,BBG000B9XRY4,0.0015138809,0.007192581,2453164
20100317,10:15:00.000,GEN_EQ0021071400001000,-0.01316707,-0.0052005984,229177
20100317,10:15:00.000,GEN_EQ0096849600001000,-0.0023140842,0.014714573,201938
20100317,10:15:00.000,BBG000BJ49H3,0.0010158875,0.001343941,81549
20100317,10:15:00.000,BBG000BMFD58,-0.023107823,-0.015961904,2077315
20100317,10:15:00.000,BBG000BFVXX0,-0.0049948744,-0.0031735552,187118
20100317,10:15:00.000,BBG000CHWP52,0.00087264454,0.0030840694,156105
20100317,10:15:00.000,BBG000BT9T73,0.09049162,0.10318128,11846211
20100317,10:15:00.000,BBG000BCQ4P6,0.0026867797,0.009396327,107622
20100317,10:15:00.000,BBG000BMLWX8,0.012126136,0.01878739,311843
20100317,10:15:00.000,BBG000BP7JB0,-0.0040408396,0.0035163718,450975
20100317,10:15:00.000,BBG000BNW1S8,-0.011275921,0.0027240613,188099
20100317,10:15:00.000,BBG000MQ1SN9,-0.0006275295,-0.0030307507,239937
20100317,10:15:00.000,BBG000BVB8Q0,-0.005479522,0.002730325,366469
20100317,10:15:00.000,BBG000BSC0K9,0.0028493472,0.0041414676,107815
20100317,10:15:00.000,BBG000C7LMS8,0.000931357,0.0027771357,52720
20100317,10:15:00.000,BBG000BB5792,0.012005697,0.01720822,501281
20100317,10:15:00.000,BBG000BFDLV8,0.0066681006,0.011158522,95064
20100317,10:15:00.000,BBG000BTLMX5,0.010722931,0.019141179,172551
20100317,10:15:00.000,BBG000CQB185,0.006529111,0.014695739,235402
20100317,10:15:00.000,BBG000BKVJK4,0.0040505873,0.003963893,221676
20100317,10:15:00.000,BBG000BQC9V2,0.011088857,0.017414097,536416
20100317,10:15:00.000,BBG000CC53X1,0.0033228335,0.006180726,104658
20100317,10:15:00.000,BBG000C45984,-0.0015782451,0.0025263724,204819
20100317,10:15:00.000,BBG000BJNGN9,-0.007187584,0.0022607653,545563
20100317,10:15:00.000,BBG000FQRVM3,0.0035996123,0.0043784096,114484
20100317,10:15:00.000,BBG000D2M0Z7,-0.0028030914,0.0015136132,72914
20100317,10:15:00.000,BBG000K82ZT8,-0.0037785254,-0.002461891,191448
20100317,10:15:00.000,BBG000BF5RY1,0.0037851061,0.006221301,1503585
20100317,10:15:00.000,BBG000BNMHS4,0.005760616,0.015142082,209677
20100317,10:15:00.000,BBG000CPHYL4,-0.011347191,-0.012227213,1965229
20100317,10:15:00.000,GEN_EQ0000000000852052,0.0064936797,0.016653249,249213
20100317,10:15:00.000,BBG000BCHG15,0.009641281,0.016655559,144222
20100317,10:15:00.000,BBG000BNNKG9,0.0019580384,0.0058765477,289845
20100317,10:15:00.000,BBG000DR22B6,-0.0020951468,0.0053232815,508945
20100317,10:15:00.000,BBG000BHK836,-0.005499159,0.0033600258,179601
20100317,10:15:00.000,BBG000BV4DR6,0.011100941,0.02258778,602673
20100317,10:15:00.000,BBG000BC9938,-0.010624884,-0.005366821,173615
20100317,10:15:00.000,BBG000DSMS70,-0.008360318,-0.0072274217,58685
20100317,10:15:00.000,BBG000BWCKB6,0.0028834098,0.0052597444,123891
20100317,10:15:00.000,BBG000BP5YT0,-0.010603896,0.0039137416,1318687
20100317,10:15:00.000,BBG000BGYWY6,-0.0018439285,0.0025548772,226109
20100317,10:15:00.000,GEN_EQ0010580600001000,0.007285916,0.01349613,311899
20100317,10:15:00.000,BBG000BFJ645,0.012924337,0.011759255,412078
20100317,10:15:00.000,BBG000PV2L86,-0.0052620876,-0.0037398424,270815
20100317,10:15:00.000,BBG000BXBHJ4,-0.010338485,-0.002568991,178100
20100317,10:15:00.000,BBG000BB29X4,0.0034817827,0.005918343,166327
20100317,10:15:00.000,BBG000BBBP59,-0.0004503879,0.0030604945,98100
20100317,10:15:00.000,BBG000BVHBM1,-0.003813603,0.0029329169,378753
20100317,10:15:00.000,BBG000BWGYF8,0.008425651,0.030853596,581093
20100317,10:15:00.000,BBG000BBL8V7,0.013425965,0.023631956,450798
20100317,10:15:00.000,BBG000BPNP00,-0.0059947916,0.005654042,188559
20100317,10:15:00.000,BBG000RGM5P1,,,130861
20100317,10:15:00.000,BBG000FKYVH4,0.005602398,0.011515213,150088
20100317,10:15:00.000,BBG000BGXZB5,0.0035480787,0.002106011,698685
20100317,10:15:00.000,BBG000BTQ9G8,0.005395371,0.007499408,515268
20100317,10:15:00.000,BBG000BCTQ65,0.0020254764,0.0023480167,163291
20100317,10:15:00.000,BBG000BK2F42,0.005393195,0.010631666,309782
20100317,10:15:00.000,BBG000F7RCJ1,-0.007236142,-0.0023638054,82646
20100317,10:15:00.000,BBG000C2YHG9,-0.00677158,-0.006498214,217465
20100317,10:15:00.000,BBG000BRJL00,0.0030509017,0.008300378,365382
20100317,10:15:00.000,BBG000BQT4L6,-0.0037181687,0.0025715898,360528
20100317,10:15:00.000,BBG000FDBX90,0.0011943204,0.002768883,394497
20100317,10:15:00.000,BBG000BKR1D6,-3.3793745e-05,0.005938474,56073
20100317,10:15:00.000,GEN_EQ0010003600001000,-0.0032305254,0.0016968029,128816
20100317,10:15:00.000,BBG000BPXVJ6,-0.0019483254,2.6084922e-07,318806
20100317,10:15:00.000,BBG000BN84F3,0.0060070357,0.0045635714,125140
20100317,10:15:00.000,BBG000DSZTN6,0.0005969796,0.009975277,322772
20100317,10:15:00.000,BBG000BBCDZ2,0.0006919422,0.0068660085,83688
20100317,10:15:00.000,BBG000PQ6YJ3,-0.012527953,-0.006322429,61941
20100317,10:15:00.000,BBG000HQ7GC7,-0.008513262,-0.0009078755,295705
20100317,10:15:00.000,BBG000BC15S7,-0.003312661,0.0025075334,133397
20100317,10:15:00.000,BBG000PX3XC0,-0.0010906821,0.009772049,71431
20100317,10:15:00.000,BBG000BSXQV7,0.0014703462,0.0049964776,87255
20100317,10:15:00.000,BBG000BP1Q11,-0.0033532167,-0.002121836,85471
20100317,10:15:00.000,GEN_EQ0010206100001000,-0.022930367,-0.024469864,1413703
20100317,10:15:00.000,BBG000C3GN47,0.0022751996,0.011177328,160358
20100317,10:15:00.000,BBG000BN7277,-0.0033757675,0.0029462345,472602
20100317,10:15:00.000,BBG000C3NTN5,0.0065706996,0.008344438,478837
20100317,10:15:00.000,BBG000DWB323,0.0022601895,0.014607655,543661
20100317,10:15:00.000,BBG000BR1W32,-0.005669112,0.0074315006,286087
20100317,10:15:00.000,BBG000BF2KK4,-0.009205401,-0.0033787934,307290
20100317,10:15:00.000,BBG000BNBPQ0,0.012416182,0.026289318,283456
20100317,10:15:00.000,BBG000BWXL85,-0.0005752981,0.0021246937,149575
20100317,10:15:00.000,GEN_EQ0010624300001000,-0.0026370478,0.0024705064,304893
20100317,10:15:00.000,BBG000JBN3X6,0.0042622373,-0.007737094,1617745
20100317,10:15:00.000,BBG000BFNR17,-0.0005604756,0.006692176,272213
20100317,10:15:00.000,BBG000CXYSZ6,0.0132709965,0.014951633,120846
20100317,10:15:00.000,BBG000FV1Z23,-0.015965475,-0.014818774,351582
20100317,10:15:00.000,GEN_EQ0010548100001000,0.0091105215,0.02379449,999779
20100317,10:15:00.000,GEN_EQ0010141600001000,0.0012505609,0.010409883,273518
20100317,10:15:00.000,BBG000BW2QX0,0.008184019,0.019838678,696760
20100317,10:15:00.000,BBG000C1S2X2,-9.624336e-05,-0.0011438093,173959
20100317,10:15:00.000,BBG000BVXPZ8,0.004443338,0.00890989,478894
20100317,10:15:00.000,BBG000B9ZV28,0.0013583513,0.0017717168,73035
20100317,10:15:00.000,BBG000CPQZ77,-0.0018684055,0.0021759407,173830
20100317,10:15:00.000,BBG000BGD7W6,0.00016084175,0.0017377313,324219
20100317,10:15:00.000,GEN_EQ0010168800001000,-0.0067173573,-0.005198257,5122559
20100317,10:15:00.000,BBG000D9KWL9,-0.0007064891,0.007369353,66621
20100317,10:15:00.000,BBG000BR37X2,0.02753711,0.035697624,1341464
20100317,10:15:00.000,BBG000BR54L0,0.0009430708,0.008775715,524799
20100317,10:15:00.000,BBG000BLHRS2,-0.0022392152,-0.0003450266,230401
20100317,10:15:00.000,BBG000BX3BL3,-0.008124313,0.006716764,188631
20100317,10:15:00.000,BBG000BL5W86,-0.0033319946,0.010443832,2407095
20100317,10:15:00.000,BBG000BJKPG0,0.00028609505,0.0063197766,167867
20100317,10:15:00.000,BBG000BCYP43,0.00051648717,0.0020426766,41513
20100317,10:15:00.000,BBG000MBDGM6,0.009942973,0.018901302,58545
20100317,10:15:00.000,BBG000CGT2S4,-0.0098188855,-0.0012415658,110943
20100317,10:15:00.000,BBG000BMFFQ0,0.0018756741,0.014777955,246690
20100317,10:15:00.000,BBG000BWVSR1,-0.0003709656,0.0010322304,180075
20100317,10:15:00.000,BBG000FL0BC8,0.0020049333,0.010485509,474535
20100317,10:15:00.000,BBG000F86GP6,-0.004935263,0.002090369,133133
20100317,10:15:00.000,BBG000BHB3M6,0.00061547564,0.008086134,87599
20100317,10:15:00.000,BBG000BDWKC5,-0.0016158741,0.0023678504,380537
20100317,10:15:00.000,BBG000BJDPC2,0.019238016,0.018494828,474798
20100317,10:15:00.000,BBG000BP4MH0,-0.0027407245,0.0028578667,391479
20100317,10:15:00.000,BBG000C9W1Y1,,,878559
20100317,10:15:00.000,BBG000BKSL41,0.0022092715,0.007974032,450291
20100317,10:15:00.000,BBG000CVWGS6,0.0039369883,0.0068758735,2838047
20100317,10:15:00.000,BBG000F80SZ5,0.010078129,0.019865068,1859249
20100317,10:15:00.000,BBG000DKCC19,-0.008409004,-0.007354789,322594
20100317,10:15:00.000,GEN_EQ0010091900001000,0.014973014,0.015415172,91117
20100317,10:15:00.000,BBG000BG7986,0.010936196,0.008255663,354915
20100317,10:15:00.000,BBG000D7RKJ5,0.00057531736,0.00436242,224750
20100317,10:15:00.000,BBG000KLB4Q1,0.00670187,0.017225014,561002
20100317,10:15:00.000,BBG000DQTXY6,-0.0033593436,0.0045993705,406940
20100317,10:15:00.000,BBG000BFS7D3,0.009493749,0.008520112,674147
20100317,10:15:00.000,BBG000BV75B7,-0.0063286196,-0.009901082,286798
20100317,10:15:00.000,BBG000C2PW58,0.048641115,0.058550518,272019
20100317,10:15:00.000,BBG000BKZTP3,-0.017967252,-0.010238512,919123
20100317,10:15:00.000,BBG000CFJL87,-0.0013056537,-0.0034273604,250410
20100317,10:15:00.000,BBG000QY3XZ2,0.0005983754,0.0065891496,595089
20100317,10:15:00.000,BBG000BJ5GK2,-0.0073392354,-0.0027999803,178075
20100317,10:15:00.000,BBG000Q0BPZ4,0.03021612,0.0407885,2055057
20100317,10:15:00.000,BBG000NSCNT7,-0.0035419862,0.014906244,700724
20100317,10:15:00.000,GEN_EQ0010104800001000,-0.0010065296,0.006777688,904953
20100317,10:15:00.000,BBG000G8N9C6,-0.003834859,-0.002770984,215902
20100317,10:15:00.000,BBG000BHKYH4,-0.0009276217,0.0022879539,150387
20100317,10:15:00.000,BBG000BK1FD3,-0.015426145,-0.0012573394,589246
20100317,10:15:00.000,BBG000BT4T69,0.004655513,0.006417148,1011340
20100317,10:15:00.000,GEN_EQ0011591100001000,-0.0024349303,0.00084840803,325775
20100317,10:15:00.000,BBG000FFH4P5,0.002987848,0.0098361615,97668
20100317,10:15:00.000,BBG000BGRKT6,0.00404453,0.004302005,91350
20100317,10:15:00.000,BBG000DN7P92,-0.0012920329,0.0012616969,132194
20100317,10:15:00.000,BBG000M4SW14,-0.007867311,-0.0035032257,168458
20100317,10:15:00.000,BBG000BNGTQ7,-0.0059639146,-0.0068754377,649489
20100317,10:15:00.000,BBG000BL79J3,0.000987869,0.0012359659,292807
20100317,10:15:00.000,BBG000BDG1Y1,-0.007443475,-0.004192136,491965
20100317,10:15:00.000,BBG000D9DMK0,0.0027507006,0.001799863,105572
20100317,10:15:00.000,BBG000BVPPM1,-3.9267243e-06,0.010046812,860170
20100317,10:15:00.000,BBG000D3MB18,-0.0031778382,0.00057525886,748937
20100317,10:15:00.000,BBG000DGPR66,0.0048229713,0.009410168,103079
20100317,10:15:00.000,BBG000BLDV98,0.005253238,0.0017711743,373930
20100317,10:15:00.000,BBG000C6F3T8,-0.0013838167,1.6668388e-07,501202
20100317,10:15:00.000,BBG000BS0ZF1,-0.0015869627,0.0012899913,70560
20100317,10:15:00.000,BBG000DNTSP4,-0.0049125953,0.0015594071,304143
20100317,10:15:00.000,BBG000LL9LQ5,-0.003947768,0.0020308464,367424
20100317,10:15:00.000,GEN_EQ0140919900001000,-0.00018891957,0.0015209203,155974
20100317,10:15:00.000,BBG000QRSL13,-0.00672794,0.0033587366,1870219
20100317,10:15:00.000,BBG000BRJ809,0.0031372814,0.005571432,96218
20100317,10:15:00.000,BBG000D1QCF1,-0.011214308,0.0022097826,180617
20100317,10:15:00.000,BBG000BLCPY4,0.0069800923,0.012830003,190692
20100317,10:15:00.000,BBG000CNWNL6,-0.0011222413,0.017299574,364824
20100317,10:15:00.000,BBG000DV7MX4,-0.010649125,0.0024738042,2867379
20100317,10:15:00.000,BBG000BP1152,-0.008085561,-0.003134075,621394
20100317,10:15:00.000,BBG000BHCP19,-0.006420644,0.004586141,322844
20100317,10:15:00.000,BBG000BGKHZ3,-0.0078220535,0.00037358576,245830
20100317,10:15:00.000,BBG000BMB7R1,0.0029436403,0.005262167,129979
20100317,10:15:00.000,BBG000BHLYS1,-0.0009719334,-0.00022507983,204186
20100317,10:15:00.000,BBG000BKWSR6,0.018521639,0.027198222,4393625
20100317,10:15:00.000,BBG000JN9BQ6,0.011618524,0.013840702,304288
20100317,10:15:00.000,BBG000BRZBT3,-0.0006654859,0.007039848,455609
20100317,10:15:00.000,BBG000FBK808,0.007248866,0.01719191,2088101
20100317,10:15:00.000,BBG000BXRPH1,-0.011079072,-0.0015799104,262352
20100317,10:15:00.000,BBG000BQSQ38,-0.0032045648,0.0030964052,202713
20100317,10:15:00.000,BBG000BVMPN3,0.00975813,0.020707276,218235
20100317,10:15:00.000,BBG000BGFLL5,-0.0018716642,0.009366939,340758
20100317,10:15:00.000,BBG000BJ98Z0,0.012973588,0.012552625,166673
20100317,10:15:00.000,BBG000NDZ417,-0.0089515885,-0.0011201461,211025
20100317,10:15:00.000,BBG000BKPL53,-0.004445905,-0.002163887,154579
20100317,10:15:00.000,BBG000BD0TF8,0.0037714804,0.014739324,164509
20100317,10:15:00.000,BBG000BY2Y78,0.006206445,0.019593593,844975
20100317,10:15:00.000,BBG000BPMH90,0.0009944831,0.010695647,318772
20100317,10:15:00.000,BBG000BBNYF6,0.0045261527,0.008218881,206247
20100317,10:15:00.000,BBG000FJRZ68,-0.0048448234,-5.6935147e-05,465355
20100317,10:15:00.000,BBG000FKJRC5,-0.0004302653,0.00086644286,72529
20100317,10:15:00.000,BBG000CL9VN6,-0.002172724,-0.0024064386,158032
20100317,10:15:00.000,BBG000BK6G19,0.0007254208,0.0077462127,162105
20100317,10:15:00.000,BBG000C23KJ3,0.001974227,0.0058945045,1349791
20100317,10:15:00.000,BBG000BB5BF6,-0.005546102,9.768551e-08,523858
20100317,10:15:00.000,BBG000BK5DP1,0.0081576025,0.012191589,635725
20100317,10:15:00.000,BBG000BJVZF7,0.0011760474,0.0027078514,135154
20100317,10:15:00.000,BBG000BN5HF7,-0.002705901,0.006561355,721238
20100317,10:15:00.000,BBG000BL9439,-0.00048444286,0.0025356505,218095
20100317,10:15:00.000,BBG000BJQWD2,0.010964314,0.019895317,858914
20100317,10:15:00.000,BBG000D8RG11,-0.00088539865,0.001776524,211001
20100317,10:15:00.000,BBG000BS9489,0.0016261723,0.005098842,136143
20100317,10:15:00.000,BBG000BH5DV1,-0.0021403471,-0.00043303805,499931
20100317,10:15:00.000,BBG000BMKDM3,0.00044288192,0.0018922107,186564
20100317,10:15:00.000,BBG000C75N77,-0.0014528779,0.006630313,531649
20100317,10:15:00.000,BBG000BKXFN7,-0.006261079,0.0020179942,757672
20100317,10:15:00.000,BBG000BTCH57,-0.0031350201,0.00072339457,263297
20100317,10:15:00.000,BBG000BM7HL0,0.007064069,0.014851315,759599
20100317,10:15:00.000,BBG000BNFLM9,-0.004130367,0.0031103352,495001
20100317,10:15:00.000,BBG000BBVCN6,-0.00021596774,-0.0031879186,46555
20100317,10:15:00.000,BBG000LD9JQ8,-0.013782914,-0.009440056,1068510
20100317,10:15:00.000,BBG000MDCQC2,-0.00049816974,-0.00246804,454009
20100317,10:15:00.000,BBG000BLBXT4,-0.0064929565,-0.004707306,554346
20100317,10:15:00.000,BBG000BDXGP9,0.0040256833,0.005077374,394445
20100317,10:15:00.000,BBG000BR3KL6,0.0041059335,0.008766543,164724
20100317,10:15:00.000,BBG000BX9WL1,0.03243505,0.04325291,2189444
20100317,10:15:00.000,BBG000BQ74K1,0.0006588456,0.009313041,166266
20100317,10:15:00.000,BBG000BWSV34,0.0033170162,0.008059893,135488
20100317,10:15:00.000,BBG000BQZMH4,0.00014555117,0.002410777,264665
20100317,10:15:00.000,GEN_EQ0010066700001000,-0.0043580118,-0.005276728,285754
20100317,10:15:00.000,BBG000BQVTF5,-0.0027122658,0.0016771533,379156
20100317,10:15:00.000,BBG000LC1FS4,0.008320053,0.018624611,347867
20100317,10:15:00.000,GEN_EQ0010050500001000,-0.0029815324,0.004466334,1401961
20100317,10:15:00.000,BBG000G3QLY3,0.010848643,0.014110174,176771
20100317,10:15:00.000,BBG000QBR5J5,0.0023772724,0.012422193,2536130
20100317,10:15:00.000,BBG000BTQR96,0.0072307573,0.010563708,357064
20100317,10:15:00.000,GEN_EQ0012661800001000,-0.007755584,-0.007879896,381731
20100317,10:15:00.000,BBG000CKJ0P3,0.0027400276,0.0017779495,139484
20100317,10:15:00.000,BBG000HGYNZ9,-0.0054730135,0.0032979911,742440
20100317,10:15:00.000,BBG000BV7LP7,0.004162259,0.0075924564,405987
20100317,10:15:00.000,BBG000BBVK30,-0.011956543,-0.01965854,3195606
20100317,10:15:00.000,BBG000BFXHL6,-0.0046764393,-0.0020638155,535873
20100317,10:15:00.000,BBG000BGLRN3,0.0023345086,0.0022970724,407758
20100317,10:15:00.000,BBG000C2V3D6,-0.0076038283,0.0017953481,287218
20100317,10:15:00.000,BBG000BGVW60,0.005700511,0.005764004,523177
20100317,10:15:00.000,BBG000BTVJ25,0.010109898,0.013619777,555275
20100317,10:15:00.000,GEN_EQ0010020500001000,0.0049516577,0.016518008,673864
20100317,10:15:00.000,BBG000BHQ1H0,0.004298436,0.004686782,96872
20100317,10:15:00.000,BBG000BNC3Y9,0.027525898,0.043929286,2578905
20100317,10:15:00.000,BBG000BVVQQ8,-0.012860127,-0.002815991,337629
20100317,10:15:00.000,GEN_EQ0010281900001000,0.0068854084,0.0050131227,212563
20100317,10:15:00.000,BBG000C1FB75,-0.0046110456,0.0066253226,43206
20100317,10:15:00.000,BBG000BFTJ91,-0.0024569558,-0.0023974334,320941
20100317,10:15:00.000,BBG000C1FQS9,-0.002877322,0.00056049274,61200
20100317,10:15:00.000,BBG000BSBZH7,-0.0020998078,-0.0052568247,298535
20100317,10:15:00.000,BBG000F15NW9,-0.013031007,-0.01300133,743684
20100317,10:15:00.000,BBG000BPT0C6,0.009525852,0.01735903,317243
20100317,10:15:00.000,GEN_EQ0010145600001000,0.0011966942,-0.000108371736,264436
20100317,10:15:00.000,BBG000H89QJ6,0.005515684,0.004017832,168603
20100317,10:15:00.000,BBG000BR14K5,-0.00084974227,0.005662253,363997
20100317,10:15:00.000,BBG000BP6L99,0.0023202202,0.0053908043,2282020
20100317,10:15:00.000,BBG000BQWPC5,-0.00040746634,-0.00081195356,157014
20100317,10:15:00.000,BBG000BNNYW1,-0.0020852077,-0.0004322608,230391
20100317,10:15:00.000,BBG000BJ3PD2,0.0009120751,0.0052959803,153974
20100317,10:15:00.000,BBG000PVRDL2,-0.0048577636,0.0031535598,1084407
20100317,10:15:00.000,BBG000C2ZCH8,-0.0049290303,-0.00417357,172512
20100317,10:15:00.000,BBG000TK7PB8,0.015275337,0.02855042,1940370
20100317,10:15:00.000,BBG000BB6M98,-0.0025894453,0.0009963557,195334
20100317,10:15:00.000,BBG000HW5GX3,0.0019081708,0.009877395,276916
20100317,10:15:00.000,BBG000BLKK03,0.0021517037,-0.005978672,185787
20100317,10:15:00.000,BBG000BCZYD3,0.0021616435,0.0025320915,127241
20100317,10:15:00.000,BBG000CSY9H9,-0.013939405,-0.008226066,181090
20100317,10:15:00.000,BBG000BB9KF2,-0.0015522863,0.00071911636,215946
20100317,10:15:00.000,BBG000BMQPL1,0.010766873,0.023391796,2926014
20100317,10:15:00.000,BBG000BMTFR4,-0.0038223679,0.0046516806,639375
20100317,10:15:00.000,BBG000H9G7X2,0.006154907,0.0061460333,294968
20100317,10:15:00.000,BBG000BCNYT9,-0.004163495,-0.00093220867,358865
20100317,10:15:00.000,BBG000C0MF34,-0.003460017,-0.00066583254,185801
20100317,10:15:00.000,BBG000BN2DC2,-0.0065271766,-0.0011079824,266743
20100317,10:15:00.000,BBG000BN9WT5,-0.0014206286,0.007900239,1054463
20100317,10:15:00.000,BBG000BQ5DS5,0.001284042,-0.0006348707,330252
20100317,10:15:00.000,BBG000BCGY17,-0.0034013705,-0.00090946496,218296
20100317,10:15:00.000,BBG000BB6G37,0.0021331788,0.012326737,692529
20100317,10:15:00.000,BBG000CHPY97,-0.01484489,-0.007851351,1037972
20100317,10:15:00.000,BBG000TWC2V5,-0.0041986867,-0.005188593,257795
20100317,10:15:00.000,GEN_EQ0117562400001000,-0.006606799,-0.0055710226,2008743
20100317,10:15:00.000,BBG000BP0KQ8,0.002497972,0.008377542,1013819
20100317,10:15:00.000,BBG000BB5373,0.018317541,0.02531954,1573448
20100317,10:15:00.000,BBG000BM6788,-0.0075112954,-0.0029389558,455996
20100317,10:15:00.000,BBG000BH3JF8,-0.0068071857,-0.003910158,272060
20100317,10:15:00.000,GEN_EQ0085215200001000,-0.0066847266,0.002331444,1174981
20100317,10:15:00.000,BBG000BQ2C28,0.0036085579,0.005027335,198350
20100317,10:15:00.000,BBG000BX5ZF5,-0.01060889,-0.0029719071,1529265
20100317,10:15:00.000,BBG000BMDV41,0.005653047,0.008205796,405350
20100317,10:15:00.000,GEN_EQ0010319800003000,-0.012539014,-0.022193462,981434
20100317,10:15:00.000,BBG000BG14P4,0.0019007048,0.0076147383,324534
20100317,10:15:00.000,BBG000GC80B4,,,582856
20100317,10:15:00.000,BBG000BB2DM7,-0.009995076,-0.0033029064,1298812
20100317,10:15:00.000,BBG000BWJFZ4,-0.0016832609,-0.0013600407,295504
20100317,10:15:00.000,BBG000BHGDH5,-0.0010782895,4.5309307e-08,1058310
20100317,10:15:00.000,BBG000BZ2GG4,-0.007415781,0.0044309436,551270
20100317,10:15:00.000,BBG000D898T9,0.0018634696,0.0014166728,474676
20100317,10:15:00.000,BBG000BMF5J0,-0.0021075378,0.0024416337,415263
20100317,10:15:00.000,BBG000BKLH74,-0.007819834,-0.010307183,1493287
20100317,10:15:00.000,BBG000BGPTV6,0.0011918138,0.0039528906,519754
20100317,10:15:00.000,BBG000BH3GZ2,0.002178278,0.007971001,454699
20100317,10:15:00.000,BBG000BVWLJ6,-0.002612772,0.0040264945,234205
20100317,10:15:00.000,BBG000C496P7,0.0010087914,0.0067725796,1361580
20100317,10:15:00.000,BBG000JG0547,0.00034826517,0.003955715,438846
20100317,10:15:00.000,BBG000DYGNW7,0.004196015,0.0039961427,197739
20100317,10:15:00.000,BBG000BNJHS8,-0.0016702932,-0.011385169,1442618
20100317,10:15:00.000,BBG000BPQD31,-0.0024250676,-0.0018112016,430353
20100317,10:15:00.000,BBG000BT9DW0,0.0024073282,0.003009769,320528
20100317,10:15:00.000,BBG000BB2KW0,-0.00803387,-0.009894758,204315
20100317,10:15:00.000,BBG000BK67C7,0.004034336,0.001966344,191937
20100317,10:15:00.000,BBG000DHSPT0,0.0022988673,0.0043101856,328915
20100317,10:15:00.000,BBG000BFMBQ6,-0.002414536,-0.011295373,411515
20100317,10:15:00.000,BBG000B9WJ73,-0.0017928248,0.011147617,1782288
20100317,10:15:00.000,BBG000FVXD63,-0.013138466,-0.0048421915,545836
20100317,10:15:00.000,BBG000B9XYV2,-0.0023692003,-0.0023711936,577175
20100317,10:15:00.000,BBG000BMBL90,0.0052854293,0.009054771,552965
20100317,10:15:00.000,BBG000BB1TH9,-0.004307821,0.006103903,191963
20100317,10:15:00.000,BBG000BVMGF2,-0.0057726977,0.003869241,820202
20100317,10:15:00.000,BBG000BSD7C2,-0.0014572222,-0.0029918165,283112
20100317,10:15:00.000,BBG000J5Q6L2,-0.013582756,2.7304552e-07,1603164
20100317,10:15:00.000,BBG000BC4JJ4,-0.0049998956,-0.0022715428,198525
20100317,10:15:00.000,BBG000BM5SR2,0.006553807,0.0276082,3560012
20100317,10:15:00.000,BBG000BJPDZ1,-0.0010311838,-0.00032318407,66592
20100317,10:15:00.000,BBG000BZTW70,-0.0052175806,0.0020416053,828653
20100317,10:15:00.000,BBG000C5HS04,0.0060664224,0.0068897586,325082
20100317,10:15:00.000,BBG000M65M61,-0.021433536,-0.029229686,2691647
20100317,10:15:00.000,BBG000BY29C7,0.007952455,0.010574942,373062
20100317,10:15:00.000,BBG000BB6WG8,0.005845198,0.010145718,823314
20100317,10:15:00.000,GEN_EQ0010172300001000,-0.0042844834,-0.004710536,199890
20100317,10:15:00.000,BBG000C2BXK4,0.0041599325,0.010581955,10350568
20100317,10:15:00.000,BBG000BBBNC6,-0.000672537,0.015543199,350547
20100317,10:15:00.000,BBG000PM7GJ0,0.0046499977,0.016145967,884450
20100317,10:15:00.000,BBG000Q3JN03,0.0019425025,0.014656735,4803082
20100317,10:15:00.000,BBG000C0LW92,-0.01113794,-0.007057284,13992347
20100317,10:15:00.000,BBG000BF1R66,0.008632546,0.014482581,369398
20100317,10:15:00.000,BBG000NSQ9M0,-0.012106046,-0.00587957,1604335
20100317,10:15:00.000,BBG000FQ6PY6,-0.037247837,-0.035247326,2725607
20100317,10:15:00.000,BBG000BWVCP8,-0.004434415,0.0056243474,714603
20100317,10:15:00.000,BBG000BJSBJ0,-0.00082224834,0.0017755841,134469
20100317,10:15:00.000,BBG000BLM0V1,,,306459
20100317,10:15:00.000,BBG000BMY992,-0.0007421712,0.0013457572,683678
20100317,10:15:00.000,BBG000BVDLH9,0.00559368,0.007472761,246735
20100317,10:15:00.000,BBG000C0F570,0.0008405846,0.010024142,1034137
20100317,10:15:00.000,BBG000BBQCY0,0.013427499,0.02131063,6297170
20100317,10:15:00.000,GEN_EQ0000000001064567,0.0058176736,0.009953901,298273
20100317,10:15:00.000,BBG000BKCFC2,-0.0027380455,-0.0025928717,180464
20100317,10:15:00.000,BBG000CGQ6M4,0.007309971,0.00806859,243234
20100317,10:15:00.000,BBG000C17X76,-0.0045739845,-0.0053561633,331713
20100317,10:15:00.000,BBG000DTMH63,,,831664
20100317,10:15:00.000,BBG000R7Z112,-0.0027386586,-0.010789991,1702789
20100317,10:15:00.000,BBG000BBMSJ6,-0.006942988,0.0023611395,977871
20100317,10:15:00.000,BBG000BY33P5,-0.0017499093,0.0026340536,469244
20100317,10:15:00.000,BBG000BV8DN6,0.0035300606,0.0008098255,330433
20100317,10:15:00.000,GEN_EQ0010135600001000,0.0069415523,0.018032352,960532
20100317,10:15:00.000,BBG000JN8R00,0.0070143887,0.015343075,437513
20100317,10:15:00.000,BBG000K14Q84,-0.009877192,-0.0036328107,365189
20100317,10:15:00.000,BBG000BBDV81,-0.0018874466,0.00546409,267753
20100317,10:15:00.000,BBG000BMW2Z0,0.0035348688,0.0031407252,458786
20100317,10:15:00.000,BBG000DLVDK3,-0.0042231265,0.001337589,424863
20100317,10:15:00.000,BBG000CKVSG8,0.002295358,0.014366295,1119131
20100317,10:15:00.000,BBG000G0Z878,0.031482782,0.04624708,5802079
20100317,10:15:00.000,BBG000BGJRC8,-0.0024850082,-0.00397465,375874
20100317,10:15:00.000,BBG000BL8GJ6,-0.01348198,-0.0014951784,1637482
20100317,10:15:00.000,BBG000HCJMF9,0.0029825666,0.017527292,423081
20100317,10:15:00.000,BBG000BB6KF5,0.0015341627,0.014291163,1116908
20100317,10:15:00.000,BBG000BYYLS8,-0.0053829495,0.0025331012,964106
20100317,10:15:00.000,BBG000FJLFX8,-0.002110306,-0.00969488,771504
20100317,10:15:00.000,BBG000D9D830,0.0050473595,0.0109511195,568753
20100317,10:15:00.000,BBG000BHX7N2,-0.0029948044,0.002053016,336820
20100317,10:15:00.000,BBG000CTQBF3,-0.00919262,-0.002374794,1547959
20100317,10:15:00.000,BBG000BBD070,0.0064844918,0.017673459,537779
20100317,10:15:00.000,BBG000BH2JM1,-0.014023824,-0.010998663,1797592
20100317,10:15:00.000,BBG000CS7CT9,0.000328531,0.0024539465,472400
20100317,10:15:00.000,BBG000BFL116,-0.007996791,-0.00047683285,150164
20100317,10:15:00.000,BBG000BFC8J2,0.008997904,0.008595215,585990
20100317,10:15:00.000,BBG000C15T95,-0.009615566,-0.01289472,280527
20100317,10:15:00.000,BBG000FP1N32,-0.0035500666,0.0037683249,979205
20100317,10:15:00.000,BBG000JWD753,-0.0040460047,0.0009973248,9580410
20100317,10:15:00.000,BBG000BWNFZ9,0.016695047,0.02513899,1716261
20100317,10:15:00.000,BBG000BSLZY7,-0.0125078475,-0.004332373,1653015
20100317,10:15:00.000,BBG000BCBCM7,-0.0029618521,-0.0046539637,952961
20100317,10:15:00.000,BBG000BBGGQ1,-0.0022056005,0.006807618,1535093
20100317,10:15:00.000,BBG000BCWCG1,0.0044122515,0.010618318,913645
20100317,10:15:00.000,BBG000BLBVN4,-0.0074758045,-0.005316638,91789
20100317,10:15:00.000,BBG000C46HM9,-0.008361886,-0.006000692,995212
20100317,10:15:00.000,BBG000BTKGG8,0.0050800326,0.01718149,1060556
20100317,10:15:00.000,GEN_EQ0010059600001000,0.041879553,0.05452709,2826060
20100317,10:15:00.000,BBG000C8H633,0.0029227287,0.011996865,986674
20100317,10:15:00.000,BBG000BTR593,0.0035280443,0.010919547,950289
20100317,10:15:00.000,GEN_EQ0000000000158587,0.00032490207,-2.473918e-07,302049
20100317,10:15:00.000,BBG000F6H8W8,8.700837e-05,0.003201945,547537
20100317,10:15:00.000,BBG000BFQYY3,-0.003192118,-0.0041377214,597039
20100317,10:15:00.000,BBG000BNBDC2,0.002425154,0.0022102664,561507
20100317,10:15:00.000,BBG000BSJTT0,0.004259944,0.015646221,693113
20100317,10:15:00.000,BBG000BJL3N0,0.0006740471,0.011173065,1721043
20100317,10:15:00.000,BBG000BYWTX7,-0.01742011,-0.008331409,3598295
20100317,10:15:00.000,BBG000BD8PN9,-0.0048080618,0.003638252,812405
20100317,10:15:00.000,BBG000BHLYP4,-0.006070887,0.00264041,63953
20100317,10:15:00.000,BBG000C1BW00,0.0035472007,0.0030743328,334160
20100317,10:15:00.000,BBG000J6XT05,-0.006591324,-0.0017635882,406950
20100317,10:15:00.000,BBG000BJX8C8,0.0013935082,0.014511116,542951
20100317,10:15:00.000,BBG000BCVJ77,0.002865939,0.0021525188,365821
20100317,10:15:00.000,BBG000BZ9223,-0.0035076037,0.0021754224,307249
20100317,10:15:00.000,BBG000H556T9,-0.005377087,-0.0016283329,685837
20100317,10:15:00.000,BBG000BJF1Z8,0.009053099,0.011732566,687460
20100317,10:15:00.000,BBG000BB5006,0.01790047,0.022276202,1800147
20100317,10:15:00.000,BBG000F0KF42,,,2570076
20100317,10:15:00.000,BBG000BKFBD7,0.002743796,0.015309273,610806
20100317,10:15:00.000,BBG000BFDXW1,-0.0060453294,0.0028356975,759584
20100317,10:15:00.000,BBG000BW3299,-0.0010005464,-0.0044256696,470524
20100317,10:15:00.000,BBG000F0PF65,0.0052570417,0.009015919,678172
20100317,10:15:00.000,BBG000BNWG87,-0.0031682837,-0.0024388193,688321
20100317,10:15:00.000,BBG000BH13K9,0.0042801946,0.007236961,824652
20100317,10:15:00.000,BBG000BH1NH9,-0.00076964055,0.0019509009,349729
20100317,10:15:00.000,BBG000DY8ZS4,0.0046024416,0.017760115,2092785
20100317,10:15:00.000,BBG000BP8Z50,-0.0157006,-0.009491669,3925252
20100317,10:15:00.000,BBG000BJ81C1,0.007371254,0.011538777,629479
20100317,10:15:00.000,BBG000BBVJZ8,-0.0016213565,0.004722774,1053417
20100317,10:15:00.000,BBG000BQ8KV2,-0.017836694,-0.0107400315,1379413
20100317,10:15:00.000,BBG000BGKTF9,-0.008575705,0.0039630495,821425
20100317,10:15:00.000,BBG000BFRF55,-0.005005765,0.007170291,1103574
20100317,10:15:00.000,BBG000BRK7L6,0.0041573774,0.01423714,2153755
20100317,10:15:00.000,BBG000BWLMJ4,-0.0058994563,-0.0023179338,852123
20100317,10:15:00.000,BBG000BD4VG8,0.0076239104,0.019794345,779431
20100317,10:15:00.000,BBG000FW00S1,0.0019875267,0.014342944,1605438
20100317,10:15:00.000,BBG000BBJQV0,0.0056049125,0.016333187,3600409
20100317,10:15:00.000,BBG000C5Z1S3,-0.00538024,0.007831477,4024701
20100317,10:15:00.000,BBG000BC40Y8,0.008728415,0.016353605,688553
20100317,10:15:00.000,BBG000DWYF03,0.00056878594,0.00356502,1719691
20100317,10:15:00.000,BBG000BRD0D8,0.009047274,0.019376786,1267898
20100317,10:15:00.000,BBG000H8TVT2,-0.0014423747,-0.0014970497,293317
20100317,10:15:00.000,BBG000BP6LJ8,0.0012743493,0.0019657302,1930011
20100317,10:15:00.000,BBG000BKFZM4,0.016606184,0.023262037,3933569
20100317,10:15:00.000,BBG000BHBK84,-0.004812091,-0.0003287435,1119832
20100317,10:15:00.000,BBG000FG3C43,-0.0107687265,-0.0016241479,1228940
20100317,10:15:00.000,BBG000BH23R1,0.0027231378,0.009081756,3745833
20100317,10:15:00.000,BBG000F1ZSQ2,-0.012239413,-0.005109907,154658
20100317,10:15:00.000,BBG000GFFQN9,0.00699017,0.015276426,3395162
20100317,10:15:00.000,BBG000BNDN65,0.0047245775,0.009186871,2676643
20100317,10:15:00.000,BBG000C43RR5,0.002902828,0.010076265,2742807
20100317,10:15:00.000,BBG000BP52R2,-0.0007311284,0.0036741893,644186
20100317,10:15:00.000,BBG000BBPFB9,-0.0034744728,0.004014197,6425377
20100317,10:15:00.000,BBG000BC2C10,0.0011235266,0.007552964,262215
20100317,10:15:00.000,BBG000BFT2L4,-0.0030020212,-0.00342752,2039572
20100317,10:15:00.000,BBG000L9CV04,0.0039466647,0.0058453507,972963
20100317,10:15:00.000,BBG000FL1TC8,-0.0049714055,-0.0073510674,1039957
20100317,10:15:00.000,BBG000FFDM15,-0.0112093575,-0.0053630024,1633462
20100317,10:15:00.000,BBG000BH4R78,0.0007094339,0.0005928378,1002533
20100317,10:15:00.000,BBG000B9ZXB4,-0.00060104666,-0.0029247683,1233119
20100317,10:15:00.000,BBG000BGRY34,-0.0005149522,1.2145772e-07,947558
20100317,10:15:00.000,BBG000G2R6M0,-0.0015429782,0.0039953846,1206830
20100317,10:15:00.000,BBG000BCSST7,-0.0022444802,-0.0048002666,1229458
20100317,10:15:00.000,BBG000BVV7G1,-0.0026913742,0.0064867786,2695325
20100317,10:15:00.000,BBG000BW8S60,-0.0008129453,-0.002209196,583230
20100317,10:15:00.000,BBG000BL4504,-0.012067529,-0.0031477169,3029540
20100317,10:15:00.000,BBG000DQLV23,-0.0034033975,-0.0053855563,2697045
20100317,10:15:00.000,BBG000BBS2Y0,-0.004716315,-0.008271035,711030
20100317,10:15:00.000,BBG000BHVJJ3,-0.009201024,-0.003195767,3343761
20100317,10:15:00.000,BBG000J2XL74,0.0034090164,0.0066350037,677796
20100317,10:15:00.000,BBG000CH5208,-0.013789345,-0.021775352,2057660
20100317,10:15:00.000,BBG000BCQZS4,-0.0013205274,0.0058674733,986888
20100317,10:15:00.000,BBG000BFWKC0,0.009566519,0.008396092,1692297
20100317,10:15:00.000,BBG000BCG930,0.00038954563,-0.011140053,1410052
20100317,10:15:00.000,BBG000PSKYX7,0.00018409132,0.004149878,539320
20100317,10:15:00.000,BBG000BPWXK1,-0.004459613,0.00048729093,1138531
20100317,10:15:00.000,BBG000BWXBC2,-0.0015367556,-0.002856733,2591580
20100317,10:15:00.000,BBG000BQQ2S6,0.0046537854,0.009046369,562978
20100317,10:15:00.000,BBG000BH5LT6,-0.0028587389,0.0007526793,1092079
20100317,10:15:00.000,BBG000DWG505,0.0017315571,0.0024927582,601318
20100317,10:15:00.000,BBG000BF0K17,0.00032890565,0.0031114153,903218
20100317,10:15:00.000,BBG000BKTFN2,0.007769678,0.01860315,2633191
20100317,10:15:00.000,BBG000BB07P9,-0.0015063562,0.0027454435,1362823
20100317,10:15:00.000,BBG000BNSZP1,-0.0027722984,0.00030313196,558416
20100317,10:15:00.000,BBG000BKZB36,-0.005841508,-0.0030738956,1752339
20100317,10:15:00.000,BBG000CKGBP2,-0.0054714363,-0.008214868,882672
20100317,10:15:00.000,BBG000DH7JK6,0.0015981536,0.0040864134,925284
20100317,10:15:00.000,BBG000D4LWF6,0.0018707854,0.0020204566,1236064
20100317,10:15:00.000,BBG000BQQH30,0.0031219143,0.0086231455,2060198
20100317,10:15:00.000,BBG000B9WH86,0.022563223,0.032620378,14689064
20100317,10:15:00.000,BBG000BQLTW7,0.008465392,0.008725198,5191269
20100317,10:15:00.000,BBG000HS77T5,0.0057724337,0.0053449054,3683602
20100317,10:15:00.000,GEN_EQ0011904200001000,0.0081544,0.0132782515,5171182
20100317,10:15:00.000,BBG000BLZRJ2,0.0010459145,0.009902724,2228193
20100317,10:15:00.000,BBG000BMX289,-0.0044452073,-0.0014896718,1398965
20100317,10:15:00.000,BBG000BPD168,-0.001574938,-0.0034267,1706969
20100317,10:15:00.000,BBG000BT41Q8,0.008721568,0.018385522,2749955
20100317,10:15:00.000,BBG000BMHYD1,0.0019137611,0.0006200431,1477832
20100317,10:15:00.000,BBG000BR2TH3,0.0048044296,0.004249505,1452305
20100317,10:15:00.000,BBG000KHWT55,-0.0023418935,0.0026742239,2010750
20100317,10:15:00.000,BBG000BTZQC4,0.000954892,0.0013799904,1104810
20100317,10:15:00.000,BBG000BSJK37,0.003947537,0.0027076933,2241081
20100317,10:15:00.000,BBG000BLNNH6,-0.004927373,-0.0018659949,952615
20100317,10:15:00.000,BBG000K4ND22,0.006974917,0.012568442,1760519
20100317,10:15:00.000,BBG000BX3TD3,-0.008528051,0.0023185583,2699477
20100317,10:15:00.000,BBG000CR90K4,-0.0015877149,-0.0013315047,1797124
20100317,10:15:00.000,BBG000BVPV84,0.0032242096,0.0026942096,1008267
20100317,10:15:00.000,BBG000CGC1X8,-0.0048116813,-0.0023086565,2980389
20100317,10:15:00.000,BBG000BR2B91,0.00083029986,0.00057938794,10538992
20100317,10:15:00.000,BBG000BQPC32,0.015026546,0.010381834,13753223
20100317,10:15:00.000,BBG000BK6MB5,-0.006241174,-0.0011064847,44091200
20100317,10:15:00.000,BBG000C3J3C9,0.0041551203,0.005352606,5384786
20100317,10:15:00.000,BBG000C0G1D1,-0.00058125774,0.0068163085,17333680
20100317,10:15:00.000,BBG000BWQFY7,-0.007538581,0.00066041725,4467938
20100317,10:15:00.000,BBG000BJDB15,-0.0032789558,0.0044426983,2294430
20100317,10:15:00.000,BBG000BPH459,0.010326848,0.011574007,9119016
20100317,10:15:00.000,BBG000C6CFJ5,0.0018134605,0.006500937,1590630
20100317,10:15:00.000,BBG000DMBXR2,-0.0026269294,0.005553529,5292798
20100317,10:15:00.000,BBG000BHSKN9,-0.002880657,0.0029461375,459637
20100317,10:15:00.000,BBG000GZQ728,0.0060648574,0.012607985,7079423
20100317,10:15:00.000,BBG000BCTLF6,-0.005233846,0.00528034,25960314
20100317,10:15:00.000,BBG000B9XRY4,0.0009178709,0.0055225394,3081866
20100317,10:30:00.000,GEN_EQ0021071400001000,-0.01130864,-0.005778426,295029
20100317,10:30:00.000,GEN_EQ0096849600001000,-0.009758664,0.0065618423,259343
20100317,10:30:00.000,BBG000BJ49H3,0.00250422,0.0012096462,96350
20100317,10:30:00.000,BBG000BMFD58,-0.018263124,-0.011705434,2552592
20100317,10:30:00.000,BBG000BFVXX0,-0.006176935,-0.005077737,245417
20100317,10:30:00.000,BBG000CHWP52,0.0024793444,0.004317583,212188
20100317,10:30:00.000,BBG000BT9T73,0.09891294,0.11177978,13523153
20100317,10:30:00.000,BBG000BCQ4P6,0.0049835276,0.010424226,166407
20100317,10:30:00.000,BBG000BMLWX8,0.018089829,0.023341954,461004
20100317,10:30:00.000,BBG000BP7JB0,-0.0033175442,0.003516337,625481
20100317,10:30:00.000,BBG000BNW1S8,-0.013041512,0.00019503167,291813
20100317,10:30:00.000,BBG000MQ1SN9,-0.0012791574,-0.003429425,277852
20100317,10:30:00.000,BBG000BVB8Q0,-0.0045723356,0.001092169,427671
20100317,10:30:00.000,BBG000BSC0K9,0.00023280272,-0.00026412666,154571
20100317,10:30:00.000,BBG000C7LMS8,0.005334063,0.0076523996,97237
20100317,10:30:00.000,BBG000BB5792,0.008967604,0.013670242,544907
20100317,10:30:00.000,BBG000BFDLV8,0.010726498,0.014663623,124389
20100317,10:30:00.000,BBG000BTLMX5,0.005980765,0.012874816,212322
20100317,10:30:00.000,BBG000CQB185,0.0068250126,0.013996061,324252
20100317,10:30:00.000,BBG000BKVJK4,0.0056563737,0.0040960307,246922
20100317,10:30:00.000,BBG000BQC9V2,0.012648447,0.018059155,981170
20100317,10:30:00.000,BBG000CC53X1,0.0045312727,0.007063508,122270
20100317,10:30:00.000,BBG000C45984,8.755984e-06,0.0027923689,268803
20100317,10:30:00.000,BBG000BJNGN9,-0.0097520985,-0.0005648855,752026
20100317,10:30:00.000,BBG000FQRVM3,0.003925793,0.0044551077,189650
20100317,10:30:00.000,BBG000D2M0Z7,-0.00079378264,0.0028890313,89581
20100317,10:30:00.000,BBG000K82ZT8,-0.0053305835,-0.0024618495,220773
20100317,10:30:00.000,BBG000BF5RY1,0.0014033391,0.0032937697,2160836
20100317,10:30:00.000,BBG000BNMHS4,0.0009961174,0.008947499,274977
20100317,10:30:00.000,BBG000CPHYL4,-0.0058999094,-0.006987017,2341345
20100317,10:30:00.000,GEN_EQ0000000000852052,0.006162177,0.01610746,310896
20100317,10:30:00.000,BBG000BCHG15,0.011958254,0.017229997,163674
20100317,10:30:00.000,BBG000BNNKG9,0.001386248,0.005876485,366766
20100317,10:30:00.000,BBG000DR22B6,-0.008628922,-0.0020477343,644298
20100317,10:30:00.000,BBG000BHK836,-0.0043252404,0.0037333113,215728
20100317,10:30:00.000,BBG000BV4DR6,0.0075415797,0.01788203,829255
20100317,10:30:00.000,BBG000BC9938,-0.01126956,-0.0040714047,194400
20100317,10:30:00.000,BBG000DSMS70,-0.0068162596,-0.0058567543,183206
20100317,10:30:00.000,BBG000BWCKB6,0.003031228,0.004007303,138651
20100317,10:30:00.000,BBG000BP5YT0,-0.015978655,-0.0026093393,1575002
20100317,10:30:00.000,BBG000BGYWY6,-0.00028020897,0.0045013987,264796
20100317,10:30:00.000,GEN_EQ0010580600001000,0.008230925,0.0130679635,396338
20100317,10:30:00.000,BBG000BFJ645,0.0088375965,0.00723647,613131
20100317,10:30:00.000,BBG000PV2L86,-0.0075928364,-0.007479755,365711
20100317,10:30:00.000,BBG000BXBHJ4,-0.012849888,-0.0054761316,228400
20100317,10:30:00.000,BBG000BB29X4,0.0025009145,0.0035071648,194465
20100317,10:30:00.000,BBG000BBBP59,-0.00036872458,0.0033155296,114861
20100317,10:30:00.000,BBG000BVHBM1,-0.0044958647,0.0014663055,426339
20100317,10:30:00.000,BBG000BWGYF8,0.007731546,0.029455947,687018
20100317,10:30:00.000,BBG000BBL8V7,0.015332781,0.025173085,605150
20100317,10:30:00.000,BBG000BPNP00,-0.007707501,0.0041120285,269745
20100317,10:30:00.000,BBG000RGM5P1,,,170515
20100317,10:30:00.000,BBG000FKYVH4,0.0077547175,0.012919733,185428
20100317,10:30:00.000,BBG000BGXZB5,0.006665575,0.0031589018,940422
20100317,10:30:00.000,BBG000BTQ9G8,-0.0009463364,0.0005769103,614287
20100317,10:30:00.000,BBG000BCTQ65,0.005505712,0.004695825,262939
20100317,10:30:00.000,BBG000BK2F42,0.0054813735,0.011057069,349758
20100317,10:30:00.000,BBG000F7RCJ1,-0.005516246,-0.00035485037,108282
20100317,10:30:00.000,BBG000C2YHG9,-0.0074776644,-0.00789049,289678
20100317,10:30:00.000,BBG000BRJL00,8.5643536e-05,0.0034586214,477147
20100317,10:30:00.000,BBG000BQT4L6,-0.003640787,0.0025715898,403574
20100317,10:30:00.000,BBG000FDBX90,0.0020680642,0.002768883,466198
20100317,10:30:00.000,BBG000BKR1D6,-0.0031205069,0.0025052233,66391
20100317,10:30:00.000,GEN_EQ0010003600001000,-0.0016626229,0.0016968608,165035
20100317,10:30:00.000,BBG000BPXVJ6,-0.0030186754,-0.002079048,400122
20100317,10:30:00.000,BBG000BN84F3,0.004503118,0.0033349362,165085
20100317,10:30:00.000,BBG000DSZTN6,0.0047030216,0.013359639,372271
20100317,10:30:00.000,BBG000BBCDZ2,-0.0016019383,0.0034330192,134961
20100317,10:30:00.000,BBG000PQ6YJ3,-0.012968623,-0.008509084,75197
20100317,10:30:00.000,BBG000HQ7GC7,-0.011398807,-0.0036321457,364771
20100317,10:30:00.000,BBG000BC15S7,-0.004373701,0.001074602,186205
20100317,10:30:00.000,BBG000PX3XC0,-0.0023159194,0.0067027053,102995
20100317,10:30:00.000,BBG000BSXQV7,0.0015632242,0.005073321,112533
20100317,10:30:00.000,BBG000BP1Q11,-0.002053845,-0.0012732688,108740
20100317,10:30:00.000,GEN_EQ0010206100001000,-0.018793253,-0.019663109,1830640
20100317,10:30:00.000,BBG000C3GN47,-0.001932827,0.0043738075,200894
20100317,10:30:00.000,BBG000BN7277,-0.0021293098,0.0051560146,555589
20100317,10:30:00.000,BBG000C3NTN5,0.003950364,0.005215409,560865
20100317,10:30:00.000,BBG000DWB323,0.004264086,0.01587783,687983
20100317,10:30:00.000,BBG000BR1W32,-0.0058662286,0.0060925446,343157
20100317,10:30:00.000,BBG000BF2KK4,-0.0059485873,-0.0011612565,393124
20100317,10:30:00.000,BBG000BNBPQ0,0.012563095,0.026289135,342952
20100317,10:30:00.000,BBG000BWXL85,-0.0024082689,0.0016343864,208725
20100317,10:30:00.000,GEN_EQ0010624300001000,-0.00505786,-0.0036241687,383473
20100317,10:30:00.000,BBG000JBN3X6,0.008243857,-0.002579102,1868950
20100317,10:30:00.000,BBG000BFNR17,0.0022589734,0.009125676,341214
20100317,10:30:00.000,BBG000CXYSZ6,0.015845098,0.016790563,159030
20100317,10:30:00.000,BBG000FV1Z23,-0.014548032,-0.014190795,482729
20100317,10:30:00.000,GEN_EQ0010548100001000,0.016501551,0.031308554,1437869
20100317,10:30:00.000,GEN_EQ0010141600001000,0.0002674077,0.00908785,364299
20100317,10:30:00.000,BBG000BW2QX0,0.006119455,0.01694547,787063
20100317,10:30:00.000,BBG000C1S2X2,-0.0008420404,-0.0029739235,226085
20100317,10:30:00.000,BBG000BVXPZ8,0.004601212,0.00950379,659682
20100317,10:30:00.000,BBG000B9ZV28,0.004138286,0.0053992798,77865
20100317,10:30:00.000,BBG000CPQZ77,-0.00069332495,0.0029918952,211305
20100317,10:30:00.000,BBG000BGD7W6,-0.00049536093,0.00017389475,418753
20100317,10:30:00.000,GEN_EQ0010168800001000,-0.0059591257,-0.005198296,6620715
20100317,10:30:00.000,BBG000D9KWL9,-0.0020105157,0.0058954884,75121
20100317,10:30:00.000,BBG000BR37X2,0.026290812,0.034545958,1629878
20100317,10:30:00.000,BBG000BR54L0,0.004109486,0.01228606,995449
20100317,10:30:00.000,BBG000BLHRS2,-0.0036338577,-0.0016093074,277277
20100317,10:30:00.000,BBG000BX3BL3,-0.009097265,0.004365908,219385
20100317,10:30:00.000,BBG000BL5W86,-0.005164834,0.008703146,2627368
20100317,10:30:00.000,BBG000BJKPG0,0.0008093492,0.0067147748,213273
20100317,10:30:00.000,BBG000BCYP43,0.0006703726,0.0012015369,58774
20100317,10:30:00.000,BBG000MBDGM6,0.0073545338,0.016061373,70424
20100317,10:30:00.000,BBG000CGT2S4,-0.013776453,-0.0072426237,153434
20100317,10:30:00.000,BBG000BMFFQ0,0.0012776024,0.014323425,300954
20100317,10:30:00.000,BBG000BWVSR1,0.0007452545,0.0016224206,234600
20100317,10:30:00.000,BBG000FL0BC8,0.0008055681,0.006586003,657079
20100317,10:30:00.000,BBG000F86GP6,-0.0064413743,1.8470172e-07,158126
20100317,10:30:00.000,BBG000BHB3M6,-0.0004307909,0.0059298165,119030
20100317,10:30:00.000,BBG000BDWKC5,-0.0033720087,0.0023679584,500443
20100317,10:30:00.000,BBG000BJDPC2,0.017377084,0.0152477315,619684
20100317,10:30:00.000,BBG000BP4MH0,-0.0053874594,-0.0004080332,451578
20100317,10:30:00.000,BBG000C9W1Y1,,,1120393
20100317,10:30:00.000,BBG000BKSL41,0.00010047474,0.0057993405,542012
20100317,10:30:00.000,BBG000CVWGS6,0.007532267,0.012032749,3840172
20100317,10:30:00.000,BBG000F80SZ5,0.016283134,0.025540948,2135367
20100317,10:30:00.000,BBG000DKCC19,-0.004995473,-0.0045259236,466809
20100317,10:30:00.000,GEN_EQ0010091900001000,0.016652161,0.015927246,106352
20100317,10:30:00.000,BBG000BG7986,0.010444498,0.005971975,513405
20100317,10:30:00.000,BBG000D7RKJ5,0.0017091319,0.004362442,286235
20100317,10:30:00.000,BBG000KLB4Q1,0.011227433,0.021690723,808610
20100317,10:30:00.000,BBG000DQTXY6,-0.002593491,0.004599436,471484
20100317,10:30:00.000,BBG000BFS7D3,0.0069507244,0.004455503,775163
20100317,10:30:00.000,BBG000BV75B7,-0.0024227852,-0.0076081627,411368
20100317,10:30:00.000,BBG000C2PW58,0.04862123,0.057819672,321419
20100317,10:30:00.000,BBG000BKZTP3,-0.017886452,-0.010238523,1077528
20100317,10:30:00.000,BBG000CFJL87,-0.00080003927,-0.003701531,329235
20100317,10:30:00.000,BBG000QY3XZ2,-0.0017656606,0.003514296,687647
20100317,10:30:00.000,BBG000BJ5GK2,-0.007341967,-0.0049331672,220348
20100317,10:30:00.000,BBG000Q0BPZ4,0.024243658,0.03458764,2457142
20100317,10:30:00.000,BBG000NSCNT7,-0.0034350937,0.014906338,820158
20100317,10:30:00.000,GEN_EQ0010104800001000,-0.00094827364,0.006099974,1162336
20100317,10:30:00.000,BBG000G8N9C6,-0.005475635,-0.006801758,256001
20100317,10:30:00.000,BBG000BHKYH4,-0.0028808545,0.0005719267,189521
20100317,10:30:00.000,BBG000BK1FD3,-0.014645616,-0.0014370794,742971
20100317,10:30:00.000,BBG000BT4T69,0.0026275713,0.002852104,1514708
20100317,10:30:00.000,GEN_EQ0011591100001000,-0.0024124926,0.0025445279,393292
20100317,10:30:00.000,BBG000FFH4P5,0.0008345155,0.00677722,137700
20100317,10:30:00.000,BBG000BGRKT6,0.005033569,0.0033877708,139472
20100317,10:30:00.000,BBG000DN7P92,-1.7114065e-05,0.0014422286,189492
20100317,10:30:00.000,BBG000M4SW14,-0.0064025717,-0.002056401,197958
20100317,10:30:00.000,BBG000BNGTQ7,-0.0012267134,-0.0040442105,951622
20100317,10:30:00.000,BBG000BL79J3,0.00055280473,-0.00096136495,442659
20100317,10:30:00.000,BBG000BDG1Y1,-0.011118293,-0.006224701,578609
20100317,10:30:00.000,BBG000D9DMK0,0.0012206687,0.0006000119,127728
20100317,10:30:00.000,BBG000BVPPM1,0.0075312294,0.01722292,1253262
20100317,10:30:00.000,BBG000D3MB18,-0.004178869,-0.00057568616,864076
20100317,10:30:00.000,BBG000DGPR66,0.0066124843,0.01090905,133764
20100317,10:30:00.000,BBG000BLDV98,0.006099804,0.0017711743,496766
20100317,10:30:00.000,BBG000C6F3T8,0.0016730755,0.002956119,597800
20100317,10:30:00.000,BBG000BS0ZF1,-0.00033461454,0.00024572088,82624
20100317,10:30:00.000,BBG000DNTSP4,-0.0018430713,0.0040099057,342603
20100317,10:30:00.000,BBG000LL9LQ5,-0.0023548834,0.0047382903,460600
20100317,10:30:00.000,GEN_EQ0140919900001000,0.00124642,0.0015209969,214011
20100317,10:30:00.000,BBG000QRSL13,-0.011894113,-0.0033583571,2675532
20100317,10:30:00.000,BBG000BRJ809,0.0026632284,0.004023582,132261
20100317,10:30:00.000,BBG000D1QCF1,-0.01484398,-0.002998949,251830
20100317,10:30:00.000,BBG000BLCPY4,0.005181141,0.007698008,232339
20100317,10:30:00.000,BBG000CNWNL6,0.0022846516,0.020231763,479692
20100317,10:30:00.000,BBG000DV7MX4,-0.009818927,0.0024737737,3285591
20100317,10:30:00.000,BBG000BP1152,-0.012954222,-0.008774798,938424
20100317,10:30:00.000,BBG000BHCP19,-0.006165803,0.004939016,435992
20100317,10:30:00.000,BBG000BGKHZ3,-0.0074094916,0.00074752327,305088
20100317,10:30:00.000,BBG000BMB7R1,0.0047375797,0.005356364,209250
20100317,10:30:00.000,BBG000BHLYS1,-0.0013116514,-0.0015747166,255065
20100317,10:30:00.000,BBG000BKWSR6,0.0146818785,0.025384886,6650307
20100317,10:30:00.000,BBG000JN9BQ6,0.010305318,0.011740086,345799
20100317,10:30:00.000,BBG000BRZBT3,-0.001819118,0.003248514,576816
20100317,10:30:00.000,BBG000FBK808,0.010405905,0.018465387,2623880
20100317,10:30:00.000,BBG000BXRPH1,-0.011921692,-0.0050188513,355759
20100317,10:30:00.000,BBG000BQSQ38,-0.0025062526,0.0040252493,274139
20100317,10:30:00.000,BBG000BVMPN3,0.009399657,0.019686,263524
20100317,10:30:00.000,BBG000BGFLL5,-0.004118231,0.006938633,433519
20100317,10:30:00.000,BBG000BJ98Z0,0.020685961,0.019307915,294931
20100317,10:30:00.000,BBG000NDZ417,-0.013509259,-0.008057983,322844
20100317,10:30:00.000,BBG000BKPL53,-0.0026403242,-0.0012982144,201042
20100317,10:30:00.000,BBG000BD0TF8,0.006743798,0.016621852,201262
20100317,10:30:00.000,BBG000BY2Y78,0.0043853787,0.016690642,1009413
20100317,10:30:00.000,BBG000BPMH90,0.0018514716,0.01032999,375179
20100317,10:30:00.000,BBG000BBNYF6,0.007660093,0.011389272,326355
20100317,10:30:00.000,BBG000FJRZ68,-0.0029538209,-0.0010753061,533844
20100317,10:30:00.000,BBG000FKJRC5,0.003648219,0.00196943,105234
20100317,10:30:00.000,BBG000CL9VN6,0.0018584142,0.0021938882,176095
20100317,10:30:00.000,BBG000BK6G19,-0.0013856544,0.0033197908,188059
20100317,10:30:00.000,BBG000C23KJ3,-0.0018511002,0.0016839894,1797010
20100317,10:30:00.000,BBG000BB5BF6,-0.0077779875,-0.0025765745,659408
20100317,10:30:00.000,BBG000BK5DP1,0.010507011,0.014630011,799509
20100317,10:30:00.000,BBG000BJVZF7,0.0009134193,0.0017522464,205670
20100317,10:30:00.000,BBG000BN5HF7,-0.0049868897,0.0041753813,882973
20100317,10:30:00.000,BBG000BL9439,-0.00048756343,0.0019017117,285464
20100317,10:30:00.000,BBG000BJQWD2,0.009957024,0.018947922,987844
20100317,10:30:00.000,BBG000D8RG11,-4.4940753e-05,0.0017765028,306695
20100317,10:30:00.000,BBG000BS9489,0.0029362491,0.0058638435,194508
20100317,10:30:00.000,BBG000BH5DV1,-0.00063989067,0.0027423494,568992
20100317,10:30:00.000,BBG000BMKDM3,-0.00066913373,0.00037853385,254760
20100317,10:30:00.000,BBG000C75N77,-0.0055913585,0.0026520358,692231
20100317,10:30:00.000,BBG000BKXFN7,-0.0116092805,-0.006727442,1043638
20100317,10:30:00.000,BBG000BTCH57,-0.003493331,-0.001627213,326914
20100317,10:30:00.000,BBG000BM7HL0,0.0073184245,0.01655872,847456
20100317,10:30:00.000,BBG000BNFLM9,-0.0043082284,0.0014809134,648899
20100317,10:30:00.000,BBG000BBVCN6,0.0016380611,-0.0012228392,76702
20100317,10:30:00.000,BBG000LD9JQ8,-0.011842854,-0.008149799,1313958
20100317,10:30:00.000,BBG000MDCQC2,0.00068858557,-0.0010578273,543795
20100317,10:30:00.000,BBG000BLBXT4,-0.003946868,-0.002824326,630277
20100317,10:30:00.000,BBG000BDXGP9,0.0046314704,0.0046866518,465518
20100317,10:30:00.000,BBG000BR3KL6,0.0047123283,0.008456387,213242
20100317,10:30:00.000,BBG000BX9WL1,0.03421861,0.048208956,2834443
20100317,10:30:00.000,BBG000BQ74K1,-0.00018499518,0.0077608037,214382
20100317,10:30:00.000,BBG000BWSV34,0.0063628578,0.010557274,177697
20100317,10:30:00.000,BBG000BQZMH4,0.0003685021,0.001607369,348265
20100317,10:30:00.000,GEN_EQ0010066700001000,-0.0046380986,-0.008609563,349280
20100317,10:30:00.000,BBG000BQVTF5,-0.0035276122,0.00023956367,436610
20100317,10:30:00.000,BBG000LC1FS4,0.0076459604,0.017363485,404589
20100317,10:30:00.000,GEN_EQ0010050500001000,-0.003860844,0.002679864,1592412
20100317,10:30:00.000,BBG000G3QLY3,0.008595376,0.010241259,208234
20100317,10:30:00.000,BBG000QBR5J5,-0.003220634,0.0052301204,3242307
20100317,10:30:00.000,BBG000BTQR96,0.007087266,0.009697865,465892
20100317,10:30:00.000,GEN_EQ0012661800001000,-0.0076363003,-0.008195116,480740
20100317,10:30:00.000,BBG000CKJ0P3,0.0013702398,9.371944e-05,168053
20100317,10:30:00.000,BBG000HGYNZ9,-0.008044071,-0.000549217,1107511
20100317,10:30:00.000,BBG000BV7LP7,0.0045334576,0.0071928017,617767
20100317,10:30:00.000,BBG000BBVK30,-0.011977603,-0.01862397,3741447
20100317,10:30:00.000,BBG000BFXHL6,-0.008761818,-0.0076992307,791732
20100317,10:30:00.000,BBG000BGLRN3,0.0027153194,0.0028715467,455470
20100317,10:30:00.000,BBG000C2V3D6,-0.006941259,0.0014960609,427063
20100317,10:30:00.000,BBG000BGVW60,0.0049943905,0.0037591627,666495
20100317,10:30:00.000,BBG000BTVJ25,0.015471037,0.017810453,816378
20100317,10:30:00.000,GEN_EQ0010020500001000,0.0058575254,0.015648833,756498
20100317,10:30:00.000,BBG000BHQ1H0,0.0037771973,0.0036541533,118259
20100317,10:30:00.000,BBG000BNC3Y9,0.026194373,0.041820668,2790643
20100317,10:30:00.000,BBG000BVVQQ8,-0.016688779,-0.007278729,443612
20100317,10:30:00.000,GEN_EQ0010281900001000,0.004389689,0.002541983,258426
20100317,10:30:00.000,BBG000C1FB75,-0.0028627869,0.0075915153,53934
20100317,10:30:00.000,BBG000BFTJ91,-7.152761e-05,1.3906097e-07,531167
20100317,10:30:00.000,BBG000C1FQS9,-0.00370514,-0.0017438055,75718
20100317,10:30:00.000,BBG000BSBZH7,-0.0027846883,-0.007931311,450058
20100317,10:30:00.000,BBG000F15NW9,-0.0149532035,-0.015477796,1175481
20100317,10:30:00.000,BBG000BPT0C6,0.014628915,0.020060666,466847
20100317,10:30:00.000,GEN_EQ0010145600001000,0.0021579454,-0.0011921085,332060
20100317,10:30:00.000,BBG000H89QJ6,0.00245787,0.00072116166,200903
20100317,10:30:00.000,BBG000BR14K5,-0.0012772692,0.0054671974,468126
20100317,10:30:00.000,BBG000BP6L99,0.00334829,0.0053908043,2781546
20100317,10:30:00.000,BBG000BQWPC5,0.0007531789,-0.00058054266,202221
20100317,10:30:00.000,BBG000BNNYW1,-0.0010899556,-0.0008643752,375968
20100317,10:30:00.000,BBG000BJ3PD2,0.00027164354,0.003955423,196156
20100317,10:30:00.000,BBG000PVRDL2,-0.0037060236,0.004415085,1317206
20100317,10:30:00.000,BBG000C2ZCH8,-0.0017891773,-0.0024841216,216815
20100317,10:30:00.000,BBG000TK7PB8,0.012247941,0.02412029,2183262
20100317,10:30:00.000,BBG000BB6M98,-0.001342888,0.00074551895,236540
20100317,10:30:00.000,BBG000HW5GX3,0.005646363,0.011249194,351504
20100317,10:30:00.000,BBG000BLKK03,0.0035795197,-0.004825045,261074
20100317,10:30:00.000,BBG000BCZYD3,0.0013628,0.00082276296,145621
20100317,10:30:00.000,BBG000CSY9H9,-0.015120327,-0.010195814,255076
20100317,10:30:00.000,BBG000BB9KF2,-0.0029590137,-0.0021569394,271886
20100317,10:30:00.000,BBG000BMQPL1,0.014445039,0.02729035,3493406
20100317,10:30:00.000,BBG000BMTFR4,-0.004798603,0.0025843086,826442
20100317,10:30:00.000,BBG000H9G7X2,0.005997242,0.0047802525,356933
20100317,10:30:00.000,BBG000BCNYT9,-0.0025613937,-0.002473401,417975
20100317,10:30:00.000,BBG000C0MF34,-0.0033538197,-0.0019144098,207102
20100317,10:30:00.000,BBG000BN2DC2,-0.009830483,-0.0024113043,290851
20100317,10:30:00.000,BBG000BN9WT5,-0.000120504126,0.009655876,1368879
20100317,10:30:00.000,BBG000BQ5DS5,0.0011517054,-0.0019042181,381323
20100317,10:30:00.000,BBG000BCGY17,-0.006381373,-0.0042228075,311072
20100317,10:30:00.000,BBG000BB6G37,-0.0018515617,0.008328773,903923
20100317,10:30:00.000,BBG000CHPY97,-0.01808955,-0.0132868625,1414793
20100317,10:30:00.000,BBG000TWC2V5,-0.0030739994,-0.0039159665,337885
20100317,10:30:00.000,GEN_EQ0117562400001000,-0.008555748,-0.009284948,3057281
20100317,10:30:00.000,BBG000BP0KQ8,0.0012281728,0.008935748,1139633
20100317,10:30:00.000,BBG000BB5373,0.022242876,0.029024519,2130934
20100317,10:30:00.000,BBG000BM6788,-0.002727245,0.0013997237,591607
20100317,10:30:00.000,BBG000BH3JF8,-0.0069227577,-0.004166487,316716
20100317,10:30:00.000,GEN_EQ0085215200001000,-0.006047397,0.00093264016,1474861
20100317,10:30:00.000,BBG000BQ2C28,-0.0011935261,-0.0012372419,297179
20100317,10:30:00.000,BBG000BX5ZF5,-0.014041066,-0.006934193,3020670
20100317,10:30:00.000,BBG000BMDV41,0.0051782317,0.006312104,469012
20100317,10:30:00.000,GEN_EQ0010319800003000,-0.011089094,-0.020254144,1331598
20100317,10:30:00.000,BBG000BG14P4,0.000291582,0.0058520664,405446
20100317,10:30:00.000,BBG000GC80B4,,,675471
20100317,10:30:00.000,BBG000BB2DM7,-0.0057504424,0.0022022154,1508086
20100317,10:30:00.000,BBG000BWJFZ4,-0.001794599,-0.0033483412,400382
20100317,10:30:00.000,BBG000BHGDH5,0.0010827336,0.0006018061,1296518
20100317,10:30:00.000,BBG000BZ2GG4,-0.007546963,0.0021586365,730981
20100317,10:30:00.000,BBG000D898T9,0.003302105,0.002833331,589527
20100317,10:30:00.000,BBG000BMF5J0,-0.0025160508,-0.00048794437,469741
20100317,10:30:00.000,BBG000BKLH74,-0.005914192,-0.009877755,1722230
20100317,10:30:00.000,BBG000BGPTV6,-0.0011926402,0.00090595946,605805
20100317,10:30:00.000,BBG000BH3GZ2,0.0048873653,0.011691016,883890
20100317,10:30:00.000,BBG000BVWLJ6,-0.0048331367,0.0018791856,313476
20100317,10:30:00.000,BBG000C496P7,-0.0050047124,-1.9103233e-07,2034574
20100317,10:30:00.000,BBG000JG0547,-0.0013254045,0.002147381,518124
20100317,10:30:00.000,BBG000DYGNW7,0.0061544613,0.0056271157,245430
20100317,10:30:00.000,BBG000BNJHS8,-0.0022263695,-0.010626169,1904319
20100317,10:30:00.000,BBG000BPQD31,-0.0013427213,-0.0013584263,524454
20100317,10:30:00.000,BBG000BT9DW0,-0.00046403043,-0.0012040491,435521
20100317,10:30:00.000,BBG000BB2KW0,-0.008581721,-0.009894748,241122
20100317,10:30:00.000,BBG000BK67C7,0.0030792956,-0.0016956195,244867
20100317,10:30:00.000,BBG000DHSPT0,0.002292556,0.003671626,423649
20100317,10:30:00.000,BBG000BFMBQ6,-0.0039576436,-0.014155082,530044
20100317,10:30:00.000,BBG000B9WJ73,0.0032495004,0.015568358,2221344
20100317,10:30:00.000,BBG000FVXD63,-0.015936479,-0.00958577,626145
20100317,10:30:00.000,BBG000B9XYV2,-0.0030087696,-0.0033873862,662063
20100317,10:30:00.000,BBG000BMBL90,0.0065326607,0.009600284,905671
20100317,10:30:00.000,BBG000BB1TH9,-0.0058093234,0.004032783,253213
20100317,10:30:00.000,BBG000BVMGF2,-0.006521499,0.0029019602,1072629
20100317,10:30:00.000,BBG000BSD7C2,-0.0009445284,-0.0050155967,334537
20100317,10:30:00.000,BBG000J5Q6L2,-0.013422346,0.0006040455,1942301
20100317,10:30:00.000,BBG000BC4JJ4,-0.0031327687,-0.0018705836,228388
20100317,10:30:00.000,BBG000BM5SR2,0.016478937,0.037073918,3974782
20100317,10:30:00.000,BBG000BJPDZ1,0.00080202543,0.00016874065,81592
20100317,10:30:00.000,BBG000BZTW70,-0.0043152724,-0.0002270451,925759
20100317,10:30:00.000,BBG000C5HS04,0.004151393,0.0039776135,386398
20100317,10:30:00.000,BBG000M65M61,-0.01581579,-0.021303035,3249010
20100317,10:30:00.000,BBG000BY29C7,0.0061361585,0.0076667406,443043
20100317,10:30:00.000,BBG000BB6WG8,0.006472196,0.010846006,957867
20100317,10:30:00.000,GEN_EQ0010172300001000,-0.0030686087,-0.0035764163,267423
20100317,10:30:00.000,BBG000C2BXK4,0.003192195,0.010581913,11864619
20100317,10:30:00.000,BBG000BBBNC6,-0.0048253373,0.011075667,418110
20100317,10:30:00.000,BBG000PM7GJ0,0.008149893,0.019161312,981559
20100317,10:30:00.000,BBG000Q3JN03,-0.0056833797,0.00799458,5822196
20100317,10:30:00.000,BBG000C0LW92,-0.015289124,-0.011291674,18092532
20100317,10:30:00.000,BBG000BF1R66,0.008365648,0.014282791,467427
20100317,10:30:00.000,BBG000NSQ9M0,-0.012536468,-0.004899793,2071405
20100317,10:30:00.000,BBG000FQ6PY6,-0.03704338,-0.033612724,3753172
20100317,10:30:00.000,BBG000BWVCP8,-0.0056022084,0.0038940758,917281
20100317,10:30:00.000,BBG000BJSBJ0,-0.0011491178,0.00031334104,166332
20100317,10:30:00.000,BBG000BLM0V1,,,440473
20100317,10:30:00.000,BBG000BMY992,-0.00091563514,0.0004487846,842502
20100317,10:30:00.000,BBG000BVDLH9,0.007110597,0.008280657,323571
20100317,10:30:00.000,BBG000C0F570,0.0021696321,0.011509224,1531560
20100317,10:30:00.000,BBG000BBQCY0,0.009875001,0.018114021,7130896
20100317,10:30:00.000,GEN_EQ0000000001064567,0.0075196633,0.010887188,363120
20100317,10:30:00.000,BBG000BKCFC2,-0.0040218784,-0.0042306,227104
20100317,10:30:00.000,BBG000CGQ6M4,0.006718427,0.0060824696,286196
20100317,10:30:00.000,BBG000C17X76,-0.0047489735,-0.005774633,389575
20100317,10:30:00.000,BBG000DTMH63,,,948204
20100317,10:30:00.000,BBG000R7Z112,-0.0015868683,-0.008477851,1958789
20100317,10:30:00.000,BBG000BBMSJ6,-0.00451543,0.0047219917,1564045
20100317,10:30:00.000,BBG000BY33P5,-0.00048867834,0.0032922511,575297
20100317,10:30:00.000,BBG000BV8DN6,0.003628399,-0.000694467,424975
20100317,10:30:00.000,GEN_EQ0010135600001000,0.0037233077,0.014200723,1223400
20100317,10:30:00.000,BBG000JN8R00,0.0046382346,0.01281411,505723
20100317,10:30:00.000,BBG000K14Q84,-0.011907886,-0.0063141123,472954
20100317,10:30:00.000,BBG000BBDV81,-0.00029647173,0.0072202967,341310
20100317,10:30:00.000,BBG000BMW2Z0,0.0031634818,3.290643e-07,590356
20100317,10:30:00.000,BBG000DLVDK3,0.0007055046,0.007273527,529936
20100317,10:30:00.000,BBG000CKVSG8,-0.00019583284,0.009645719,1325643
20100317,10:30:00.000,BBG000G0Z878,0.0365068,0.05138564,6439436
20100317,10:30:00.000,BBG000BGJRC8,-0.0029426161,-0.005913629,450972
20100317,10:30:00.000,BBG000BL8GJ6,-0.014614285,-0.0044852253,1910517
20100317,10:30:00.000,BBG000HCJMF9,0.003980843,0.017614886,507001
20100317,10:30:00.000,BBG000BB6KF5,0.0015428225,0.014057152,1277223
20100317,10:30:00.000,BBG000BYYLS8,-0.0066135465,0.0012666608,1178558
20100317,10:30:00.000,BBG000FJLFX8,-0.0030304573,-0.010945902,879998
20100317,10:30:00.000,BBG000D9D830,0.005640792,0.011665341,672942
20100317,10:30:00.000,BBG000BHX7N2,-0.0024914385,0.0018477808,417229
20100317,10:30:00.000,BBG000CTQBF3,-0.0067150034,0.0015830027,1994284
20100317,10:30:00.000,BBG000BBD070,0.005192756,0.015646575,602775
20100317,10:30:00.000,BBG000BH2JM1,-0.0067941654,-0.0023156223,2308232
20100317,10:30:00.000,BBG000CS7CT9,0.0013733527,0.0009996555,676992
20100317,10:30:00.000,BBG000BFL116,-0.009734156,-0.0031223942,197235
20100317,10:30:00.000,BBG000BFC8J2,0.012708561,0.012256358,764643
20100317,10:30:00.000,BBG000C15T95,-0.009462691,-0.012643851,314886
20100317,10:30:00.000,BBG000FP1N32,-0.005672229,0.0010552312,1085601
20100317,10:30:00.000,BBG000JWD753,-0.014325496,-0.009473744,12203337
20100317,10:30:00.000,BBG000BWNFZ9,0.015693942,0.022676988,2004508
20100317,10:30:00.000,BBG000BSLZY7,-0.01105155,-0.003249078,2265178
20100317,10:30:00.000,BBG000BCBCM7,-0.00027965097,-0.0029615492,1154076
20100317,10:30:00.000,BBG000BBGGQ1,-0.0022975705,0.0063213343,2094721
20100317,10:30:00.000,BBG000BCWCG1,0.0026929057,0.008848716,1097431
20100317,10:30:00.000,BBG000BLBVN4,-0.009037506,-0.006599353,110843
20100317,10:30:00.000,BBG000C46HM9,-0.0070287306,-0.0069238115,1247313
20100317,10:30:00.000,BBG000BTKGG8,0.0044466215,0.01718153,1214717
20100317,10:30:00.000,GEN_EQ0010059600001000,0.04253346,0.054228622,3510094
20100317,10:30:00.000,BBG000C8H633,0.0010606889,0.009786914,1134434
20100317,10:30:00.000,BBG000BTR593,-0.00056248467,0.004814067,1131271
20100317,10:30:00.000,GEN_EQ0000000000158587,-0.00044756537,-0.0013271187,382370
20100317,10:30:00.000,BBG000F6H8W8,0.0005693739,0.002545116,639265
20100317,10:30:00.000,BBG000BFQYY3,-0.005277058,-0.0085710175,668030
20100317,10:30:00.000,BBG000BNBDC2,0.0029555045,0.001933735,740667
20100317,10:30:00.000,BBG000BSJTT0,0.0060936064,0.017113155,846826
20100317,10:30:00.000,BBG000BJL3N0,0.0018943588,0.011917963,1980207
20100317,10:30:00.000,BBG000BYWTX7,-0.017009104,-0.007841394,4411259
20100317,10:30:00.000,BBG000BD8PN9,-0.0013721762,0.006284099,1019579
20100317,10:30:00.000,BBG000BHLYP4,-0.0053347624,0.0031018336,68953
20100317,10:30:00.000,BBG000C1BW00,0.0014477507,-0.0005913118,390506
20100317,10:30:00.000,BBG000J6XT05,-0.008232302,-0.004849704,502698
20100317,10:30:00.000,BBG000BJX8C8,-3.5275843e-05,0.011903585,636290
20100317,10:30:00.000,BBG000BCVJ77,0.004341434,0.0026691433,453868
20100317,10:30:00.000,BBG000BZ9223,-0.006553087,-0.0028492787,454773
20100317,10:30:00.000,BBG000H556T9,-0.0058724075,-0.0037215324,837235
20100317,10:30:00.000,BBG000BJF1Z8,0.0060311663,0.007558343,918841
20100317,10:30:00.000,BBG000BB5006,0.018422054,0.023704171,2700318
20100317,10:30:00.000,BBG000F0KF42,,,3364668
20100317,10:30:00.000,BBG000BKFBD7,-0.000104425606,0.01164835,835897
20100317,10:30:00.000,BBG000BFDXW1,-0.00570244,0.003134282,904190
20100317,10:30:00.000,BBG000BW3299,-0.0023844962,-0.0070811966,802309
20100317,10:30:00.000,BBG000F0PF65,0.004721599,0.008049834,828880
20100317,10:30:00.000,BBG000BNWG87,-0.0053866254,-0.005542666,970067
20100317,10:30:00.000,BBG000BH13K9,0.0036788674,0.005566872,984711
20100317,10:30:00.000,BBG000BH1NH9,-0.0004882523,0.0015267394,472487
20100317,10:30:00.000,BBG000DY8ZS4,0.00057891174,0.012603962,2621403
20100317,10:30:00.000,BBG000BP8Z50,-0.016862534,-0.0108476,5639742
20100317,10:30:00.000,BBG000BJ81C1,0.005754232,0.010025502,732131
20100317,10:30:00.000,BBG000BBVJZ8,-0.007461046,-0.003837575,1395930
20100317,10:30:00.000,BBG000BQ8KV2,-0.018354818,-0.011824994,1611014
20100317,10:30:00.000,BBG000BGKTF9,-0.0123100495,-0.00012374476,964521
20100317,10:30:00.000,BBG000BFRF55,-0.0028096158,0.008075826,1371833
20100317,10:30:00.000,BBG000BRK7L6,0.006164367,0.015531444,2803605
20100317,10:30:00.000,BBG000BWLMJ4,-0.007050289,-0.0040562153,1039931
20100317,10:30:00.000,BBG000BD4VG8,0.007134402,0.01812858,927552
20100317,10:30:00.000,BBG000FW00S1,0.005301546,0.01639182,1903988
20100317,10:30:00.000,BBG000BBJQV0,0.0074189706,0.018022843,4290985
20100317,10:30:00.000,BBG000C5Z1S3,-0.0017341409,0.011747242,5121582
20100317,10:30:00.000,BBG000BC40Y8,0.011901399,0.017327864,872061
20100317,10:30:00.000,BBG000DWYF03,-0.00160779,0.0007129634,2135866
20100317,10:30:00.000,BBG000BRD0D8,0.008442879,0.018608546,1552104
20100317,10:30:00.000,BBG000H8TVT2,-0.0015355073,-0.003835878,375958
20100317,10:30:00.000,BBG000BP6LJ8,-3.3511822e-06,-0.00049185625,2166409
20100317,10:30:00.000,BBG000BKFZM4,0.019437183,0.024344048,4736161
20100317,10:30:00.000,BBG000BHBK84,-0.0034511876,-5.6088794e-07,1424331
20100317,10:30:00.000,BBG000FG3C43,-0.0098023005,-0.0019197179,1508305
20100317,10:30:00.000,BBG000BH23R1,0.0076150224,0.013971723,6139176
20100317,10:30:00.000,BBG000F1ZSQ2,-0.01421061,-0.0069335275,200474
20100317,10:30:00.000,BBG000GFFQN9,0.0039640088,0.01283211,3835095
20100317,10:30:00.000,BBG000BNDN65,0.0027571982,0.0071896017,3139209
20100317,10:30:00.000,BBG000C43RR5,0.0028903875,0.010449606,3203907
20100317,10:30:00.000,BBG000BP52R2,-0.00084511854,0.003674064,784043
20100317,10:30:00.000,BBG000BBPFB9,-0.0034101803,0.0032112894,8275288
20100317,10:30:00.000,BBG000BC2C10,0.005597921,0.009608397,374665
20100317,10:30:00.000,BBG000BFT2L4,-0.0017959328,-0.0022849238,2457496
20100317,10:30:00.000,BBG000L9CV04,0.0063553276,0.006966214,1169886
20100317,10:30:00.000,BBG000FL1TC8,-0.00533609,-0.007927523,1337383
20100317,10:30:00.000,BBG000FFDM15,-0.013043319,-0.0057461746,2121266
20100317,10:30:00.000,BBG000BH4R78,2.808119e-05,-0.0005928675,1189223
20100317,10:30:00.000,BBG000B9ZXB4,-0.001834335,-0.0049357014,1713920
20100317,10:30:00.000,BBG000BGRY34,0.0011184377,0.0011448755,1155723
20100317,10:30:00.000,BBG000G2R6M0,-0.002203218,0.0049941847,1572377
20100317,10:30:00.000,BBG000BCSST7,-0.00039083825,-0.0057457066,1467078
20100317,10:30:00.000,BBG000BVV7G1,-0.0031361359,0.006081308,3149137
20100317,10:30:00.000,BBG000BW8S60,-0.0014496435,-0.0039351853,660074
20100317,10:30:00.000,BBG000BL4504,-0.014574964,-0.007475938,3949467
20100317,10:30:00.000,BBG000DQLV23,-0.0025846115,-0.00538547,2942017
20100317,10:30:00.000,BBG000BBS2Y0,-0.004956608,-0.008358282,954095
20100317,10:30:00.000,BBG000BHVJJ3,-0.009066378,-0.0037282703,4516277
20100317,10:30:00.000,BBG000J2XL74,0.004242679,0.007025299,853719
20100317,10:30:00.000,BBG000CH5208,-0.011097251,-0.018751163,2827283
20100317,10:30:00.000,BBG000BCQZS4,-0.0038597053,0.002689501,1258700
20100317,10:30:00.000,BBG000BFWKC0,0.010143881,0.008049222,1976568
20100317,10:30:00.000,BBG000BCG930,-0.001629613,-0.013319587,1781886
20100317,10:30:00.000,BBG000PSKYX7,-0.0021353918,0.002238727,630187
20100317,10:30:00.000,BBG000BPWXK1,-0.004195628,0.0019487556,1322022
20100317,10:30:00.000,BBG000BWXBC2,-0.0045708003,-0.005892217,3158643
20100317,10:30:00.000,BBG000BQQ2S6,0.0055780127,0.009228644,692978
20100317,10:30:00.000,BBG000BH5LT6,-0.0021213614,-0.0013888782,1261241
20100317,10:30:00.000,BBG000DWG505,0.00196203,0.002675238,742906
20100317,10:30:00.000,BBG000BF0K17,-0.001402085,0.0009250751,1061828
20100317,10:30:00.000,BBG000BKTFN2,0.010049789,0.019233594,3361379
20100317,10:30:00.000,BBG000BB07P9,0.00017171999,0.0062398864,1668832
20100317,10:30:00.000,BBG000BNSZP1,-0.005636771,-0.002120253,794823
20100317,10:30:00.000,BBG000BKZB36,-0.003715163,-0.00092232856,2630632
20100317,10:30:00.000,BBG000CKGBP2,-0.0048464425,-0.008004269,1152228
20100317,10:30:00.000,BBG000DH7JK6,6.4008134e-05,0.0018162428,1093146
20100317,10:30:00.000,BBG000D4LWF6,-0.0017235182,-0.0020206403,1613322
20100317,10:30:00.000,BBG000BQQH30,0.007727161,0.012072397,2450132
20100317,10:30:00.000,BBG000B9WH86,0.0329373,0.04276895,18268788
20100317,10:30:00.000,BBG000BQLTW7,0.012790612,0.01467399,6190127
20100317,10:30:00.000,BBG000HS77T5,0.005550285,0.0053449934,4165511
20100317,10:30:00.000,GEN_EQ0011904200001000,0.01014318,0.013278203,5812779
20100317,10:30:00.000,BBG000BLZRJ2,-0.0012945922,0.0072618676,2697803
20100317,10:30:00.000,BBG000BMX289,-0.0036748145,-0.0018619224,1743139
20100317,10:30:00.000,BBG000BPD168,-0.00018723126,-0.0031630846,1930189
20100317,10:30:00.000,BBG000BT41Q8,0.006773162,0.014799846,3279530
20100317,10:30:00.000,BBG000BMHYD1,0.0023870922,0.00046518433,1864083
20100317,10:30:00.000,BBG000BR2TH3,0.005748008,0.002203352,1738971
20100317,10:30:00.000,BBG000KHWT55,-0.0019573576,0.0026742707,2544798
20100317,10:30:00.000,BBG000BTZQC4,-0.0033206893,-0.0035879235,1439199
20100317,10:30:00.000,BBG000BSJK37,0.00345901,0.0023210093,2894987
20100317,10:30:00.000,BBG000BLNNH6,-0.0053882743,-0.0022544772,1144786
20100317,10:30:00.000,BBG000K4ND22,0.0050559267,0.0095951725,2490906
20100317,10:30:00.000,BBG000BX3TD3,-0.010329912,-0.00055974064,3434935
20100317,10:30:00.000,BBG000CR90K4,-0.0011518174,-0.0013315695,2255926
20100317,10:30:00.000,BBG000BVPV84,0.0027253726,0.0028080775,1169199
20100317,10:30:00.000,BBG000CGC1X8,-0.004472035,-0.002308676,3778963
20100317,10:30:00.000,BBG000BR2B91,0.0017128479,0.0005792739,13771667
20100317,10:30:00.000,BBG000BQPC32,0.013669652,0.008157046,16817784
20100317,10:30:00.000,BBG000BK6MB5,-0.0018034119,0.0044258297,53285944
20100317,10:30:00.000,BBG000C3J3C9,0.0055096117,0.0061172103,6814315
20100317,10:30:00.000,BBG000C0G1D1,-0.0013444779,0.0059073525,20923424
20100317,10:30:00.000,BBG000BWQFY7,-0.00577582,0.0023114802,5774031
20100317,10:30:00.000,BBG000BJDB15,-0.0033849906,0.004442802,2659545
20100317,10:30:00.000,BBG000BPH459,0.010087356,0.01327608,12134199
20100317,10:30:00.000,BBG000C6CFJ5,0.0014944496,0.0056494097,1871994
20100317,10:30:00.000,BBG000DMBXR2,0.0013000848,0.008793055,6653342
20100317,10:30:00.000,BBG000BHSKN9,-0.003022964,0.0026452402,517464
20100317,10:30:00.000,BBG000GZQ728,0.005854805,0.012607929,8638671
20100317,10:30:00.000,BBG000BCTLF6,-0.005197424,0.005280388,29208196
20100317,10:30:00.000,BBG000B9XRY4,0.0024799441,0.0062127043,3711878
20100317,10:45:00.000,GEN_EQ0021071400001000,-0.006283757,-0.00057753304,429856
20100317,10:45:00.000,GEN_EQ0096849600001000,-0.008626989,0.00795386,273807
20100317,10:45:00.000,BBG000BJ49H3,0.002684973,0.0020159553,131530
20100317,10:45:00.000,BBG000BMFD58,-0.014576222,-0.007980986,2751691
20100317,10:45:00.000,BBG000BFVXX0,-0.0062250667,-0.0044430867,268563
20100317,10:45:00.000,BBG000CHWP52,0.0037194039,0.0064762924,249488
20100317,10:45:00.000,BBG000BT9T73,0.09879956,0.11349943,16261165
20100317,10:45:00.000,BBG000BCQ4P6,0.0034737072,0.009690213,259451
20100317,10:45:00.000,BBG000BMLWX8,0.017303476,0.02334198,595378
20100317,10:45:00.000,BBG000BP7JB0,-0.0051309834,0.0017581722,810294
20100317,10:45:00.000,BBG000BNW1S8,-0.0136582665,0.0005841812,352316
20100317,10:45:00.000,BBG000MQ1SN9,-0.00041814736,-0.0020732926,310532
20100317,10:45:00.000,BBG000BVB8Q0,-0.0055211047,9.071125e-08,495762
20100317,10:45:00.000,BBG000BSC0K9,0.0015537995,0.0008812809,189994
20100317,10:45:00.000,BBG000C7LMS8,0.004909733,0.0076228916,114771
20100317,10:45:00.000,BBG000BB5792,0.009148914,0.016565198,582687
20100317,10:45:00.000,BBG000BFDLV8,0.010355201,0.014488404,142898
20100317,10:45:00.000,BBG000BTLMX5,0.0049072946,0.011507758,235506
20100317,10:45:00.000,BBG000CQB185,0.018650888,0.026592057,411617
20100317,10:45:00.000,BBG000BKVJK4,0.005841137,0.005153532,268782
20100317,10:45:00.000,BBG000BQC9V2,0.010523804,0.01547928,1374337
20100317,10:45:00.000,BBG000CC53X1,0.004896227,0.007189537,145637
20100317,10:45:00.000,BBG000C45984,-0.0017578488,0.0025260523,314888
20100317,10:45:00.000,BBG000BJNGN9,-0.0065667247,0.002825812,820812
20100317,10:45:00.000,BBG000FQRVM3,0.0044740676,0.006144886,204014
20100317,10:45:00.000,BBG000D2M0Z7,-0.0025226614,0.0011007647,113200
20100317,10:45:00.000,BBG000K82ZT8,-0.004429926,-0.0015927084,263382
20100317,10:45:00.000,BBG000BF5RY1,0.004383092,0.0054894895,2532027
20100317,10:45:00.000,BBG000BNMHS4,0.00045797517,0.009807868,311141
20100317,10:45:00.000,BBG000CPHYL4,0.0057401364,0.0052400543,2878237
20100317,10:45:00.000,GEN_EQ0000000000852052,0.009331746,0.021157857,375374
20100317,10:45:00.000,BBG000BCHG15,0.016080638,0.022303304,190152
20100317,10:45:00.000,BBG000BNNKG9,0.0023382425,0.00848836,445736
20100317,10:45:00.000,BBG000DR22B6,-0.01109898,-0.0036856628,805274
20100317,10:45:00.000,BBG000BHK836,-0.0045495667,0.0037333325,264158
20100317,10:45:00.000,BBG000BV4DR6,0.007833891,0.018823206,1069742
20100317,10:45:00.000,BBG000BC9938,-0.011390589,-0.004996817,232343
20100317,10:45:00.000,BBG000DSMS70,-0.007242483,-0.0056072953,198354
20100317,10:45:00.000,BBG000BWCKB6,0.0015367867,0.003381103,149339
20100317,10:45:00.000,BBG000BP5YT0,-0.019030629,-0.005218608,1915162
20100317,10:45:00.000,BBG000BGYWY6,-0.0009164435,0.0047445116,298830
20100317,10:45:00.000,GEN_EQ0010580600001000,0.0086370455,0.013496395,497129
20100317,10:45:00.000,BBG000BFJ645,0.012182985,0.009950158,755662
20100317,10:45:00.000,BBG000PV2L86,-0.004816774,-0.0033241925,414293
20100317,10:45:00.000,BBG000BXBHJ4,-0.012661794,-0.0039888145,263483
20100317,10:45:00.000,BBG000BB29X4,0.0026819305,0.004712809,280534
20100317,10:45:00.000,BBG000BBBP59,-0.00022366593,0.004590761,125154
20100317,10:45:00.000,BBG000BVHBM1,-0.0054208674,0.0009772484,502025
20100317,10:45:00.000,BBG000BWGYF8,0.0068735564,0.029133506,785349
20100317,10:45:00.000,BBG000BBL8V7,0.012144778,0.022604274,686451
20100317,10:45:00.000,BBG000BPNP00,-0.0054332563,0.008224164,356231
20100317,10:45:00.000,BBG000RGM5P1,,,222448
20100317,10:45:00.000,BBG000FKYVH4,0.00792845,0.013481273,203890
20100317,10:45:00.000,BBG000BGXZB5,0.0061780554,0.0036854031,1090599
20100317,10:45:00.000,BBG000BTQ9G8,-0.00023355671,0.0023074197,689568
20100317,10:45:00.000,BBG000BCTQ65,0.003671221,0.0037566358,323043
20100317,10:45:00.000,BBG000BK2F42,0.0056474316,0.011482293,444621
20100317,10:45:00.000,BBG000F7RCJ1,-0.005533879,0.0003543799,115732
20100317,10:45:00.000,BBG000C2YHG9,-0.008582734,-0.00974723,363222
20100317,10:45:00.000,BBG000BRJL00,0.0016605154,0.005533761,530521
20100317,10:45:00.000,BBG000BQT4L6,-0.003947374,0.0032144657,451937
20100317,10:45:00.000,BBG000FDBX90,0.0019147147,0.002768883,492221
20100317,10:45:00.000,BBG000BKR1D6,-0.002695238,0.0033867804,74867
20100317,10:45:00.000,GEN_EQ0010003600001000,-0.00070049806,0.0029694291,194742
20100317,10:45:00.000,BBG000BPXVJ6,-0.0021573245,-0.0010393378,532143
20100317,10:45:00.000,BBG000BN84F3,0.00457251,0.004036861,203596
20100317,10:45:00.000,BBG000DSZTN6,0.0032031352,0.011934688,432917
20100317,10:45:00.000,BBG000BBCDZ2,-0.0024991604,0.003162068,156821
20100317,10:45:00.000,BBG000PQ6YJ3,-0.014397932,-0.008223867,84032
20100317,10:45:00.000,BBG000HQ7GC7,-0.010728252,-0.0018160315,412321
20100317,10:45:00.000,BBG000BC15S7,-0.00381736,0.002985315,214306
20100317,10:45:00.000,BBG000PX3XC0,-0.0027525446,0.006514985,148486
20100317,10:45:00.000,BBG000BSXQV7,0.0020761697,0.00637986,133028
20100317,10:45:00.000,BBG000BP1Q11,-0.0014892619,-0.0007075364,131817
20100317,10:45:00.000,GEN_EQ0010206100001000,-0.01788451,-0.018352374,2152926
20100317,10:45:00.000,BBG000C3GN47,-0.0021661762,0.0040092785,243061
20100317,10:45:00.000,BBG000BN7277,-0.00039977103,0.0062608467,726715
20100317,10:45:00.000,BBG000C3NTN5,0.0069603743,0.007823026,700233
20100317,10:45:00.000,BBG000DWB323,0.0033792197,0.015242693,799262
20100317,10:45:00.000,BBG000BR1W32,-0.0063080294,0.00636053,421973
20100317,10:45:00.000,BBG000BF2KK4,-0.0038298045,0.0019008705,450206
20100317,10:45:00.000,BBG000BNBPQ0,0.011732655,0.02662838,398603
20100317,10:45:00.000,BBG000BWXL85,-0.003784866,-0.00016355603,276341
20100317,10:45:00.000,GEN_EQ0010624300001000,-0.0017639311,-0.00049453584,455834
20100317,10:45:00.000,BBG000JBN3X6,0.0060157273,-0.005158229,2008053
20100317,10:45:00.000,BBG000BFNR17,0.0019334978,0.00897358,464693
20100317,10:45:00.000,BBG000CXYSZ6,0.010904136,0.011833398,220212
20100317,10:45:00.000,BBG000FV1Z23,-0.013758881,-0.01406528,546463
20100317,10:45:00.000,GEN_EQ0010548100001000,0.020378886,0.036317833,1791502
20100317,10:45:00.000,GEN_EQ0010141600001000,0.006556845,0.016027655,538658
20100317,10:45:00.000,BBG000BW2QX0,0.0044732033,0.017358785,928319
20100317,10:45:00.000,BBG000C1S2X2,0.00091378234,-0.00068651256,259487
20100317,10:45:00.000,BBG000BVXPZ8,0.0040539657,0.010097884,889275
20100317,10:45:00.000,BBG000B9ZV28,0.0029926735,0.005567954,84215
20100317,10:45:00.000,BBG000CPQZ77,-0.0011411901,0.00353594,234724
20100317,10:45:00.000,BBG000BGD7W6,-0.0030144749,-0.00069485937,544381
20100317,10:45:00.000,GEN_EQ0010168800001000,-0.007634582,-0.0064978013,7064130
20100317,10:45:00.000,BBG000D9KWL9,-0.0005450594,0.008781703,88566
20100317,10:45:00.000,BBG000BR37X2,0.025690747,0.035121687,2279924
20100317,10:45:00.000,BBG000BR54L0,0.0032744803,0.0131636225,1187608
20100317,10:45:00.000,BBG000BLHRS2,-0.0042546866,-0.0026437237,315825
20100317,10:45:00.000,BBG000BX3BL3,-0.01131335,0.0035822804,258027
20100317,10:45:00.000,BBG000BL5W86,-0.0020490251,0.012184387,3002018
20100317,10:45:00.000,BBG000BJKPG0,0.002834809,0.008887134,290001
20100317,10:45:00.000,BBG000BCYP43,0.0016553235,0.0019227728,78007
20100317,10:45:00.000,BBG000MBDGM6,0.0076165,0.017089657,81824
20100317,10:45:00.000,BBG000CGT2S4,-0.012214704,-0.0061044223,231107
20100317,10:45:00.000,BBG000BMFFQ0,0.0027255598,0.017051611,349590
20100317,10:45:00.000,BBG000BWVSR1,0.00034137553,0.0014746926,273316
20100317,10:45:00.000,BBG000FL0BC8,-0.000689689,0.005059996,848653
20100317,10:45:00.000,BBG000F86GP6,-0.0085438695,-0.0017417779,191056
20100317,10:45:00.000,BBG000BHB3M6,0.00055118965,0.0062532425,142058
20100317,10:45:00.000,BBG000BDWKC5,-0.0008728264,0.0047357827,696036
20100317,10:45:00.000,BBG000BJDPC2,0.018298648,0.015812457,721770
20100317,10:45:00.000,BBG000BP4MH0,-0.0040369984,0.0020413117,533111
20100317,10:45:00.000,BBG000C9W1Y1,,,1243296
20100317,10:45:00.000,BBG000BKSL41,0.0005157436,0.0072491784,608936
20100317,10:45:00.000,BBG000CVWGS6,0.0052309805,0.0094542485,4254616
20100317,10:45:00.000,BBG000F80SZ5,0.016846577,0.024831304,2391941
20100317,10:45:00.000,BBG000DKCC19,-0.0027928466,-0.0022628957,561518
20100317,10:45:00.000,GEN_EQ0010091900001000,0.019374207,0.019169623,148495
20100317,10:45:00.000,BBG000BG7986,0.009126475,0.00562085,580851
20100317,10:45:00.000,BBG000D7RKJ5,0.001972467,0.005235005,358068
20100317,10:45:00.000,BBG000KLB4Q1,0.013334014,0.02551875,1029314
20100317,10:45:00.000,BBG000DQTXY6,-0.0023901877,0.0053659356,548491
20100317,10:45:00.000,BBG000BFS7D3,0.0062524797,0.0029701467,830415
20100317,10:45:00.000,BBG000BV75B7,-0.005167906,-0.011672705,551665
20100317,10:45:00.000,BBG000C2PW58,0.047161154,0.05791398,343257
20100317,10:45:00.000,BBG000BKZTP3,-0.01939397,-0.011650828,1234718
20100317,10:45:00.000,BBG000CFJL87,-0.0011890442,-0.0041127815,375581
20100317,10:45:00.000,BBG000QY3XZ2,-0.0027635326,0.003514335,878258
20100317,10:45:00.000,BBG000BJ5GK2,-0.006934669,-0.0051998864,243766
20100317,10:45:00.000,BBG000Q0BPZ4,0.025595574,0.0347253,2617400
20100317,10:45:00.000,BBG000NSCNT7,0.0036815414,0.02310433,978033
20100317,10:45:00.000,GEN_EQ0010104800001000,0.0024042279,0.010166305,1443153
20100317,10:45:00.000,BBG000G8N9C6,-0.0051090606,-0.005920053,310197
20100317,10:45:00.000,BBG000BHKYH4,-0.002662215,0.0013727695,233628
20100317,10:45:00.000,BBG000BK1FD3,-0.012023257,0.0021555307,844810
20100317,10:45:00.000,BBG000BT4T69,0.002716543,0.002852199,1799483
20100317,10:45:00.000,GEN_EQ0011591100001000,-0.00291156,0.0018175608,452344
20100317,10:45:00.000,BBG000FFH4P5,-0.002325343,0.0031531986,170389
20100317,10:45:00.000,BBG000BGRKT6,0.006095265,0.0054314435,158831
20100317,10:45:00.000,BBG000DN7P92,0.0007057699,0.0023443764,246981
20100317,10:45:00.000,BBG000M4SW14,-0.008055152,-0.0035794713,227109
20100317,10:45:00.000,BBG000BNGTQ7,0.0008523342,-0.00080866116,1106336
20100317,10:45:00.000,BBG000BL79J3,-0.0001633424,-0.00041201897,565205
20100317,10:45:00.000,BBG000BDG1Y1,-0.011174293,-0.006478777,642557
20100317,10:45:00.000,BBG000D9DMK0,0.0014726648,0.0016665708,155720
20100317,10:45:00.000,BBG000BVPPM1,0.011469116,0.022246318,1627474
20100317,10:45:00.000,BBG000D3MB18,-0.009953717,-0.005755593,1122389
20100317,10:45:00.000,BBG000DGPR66,0.007105915,0.010909068,157190
20100317,10:45:00.000,BBG000BLDV98,0.0009456383,-0.0023622885,638846
20100317,10:45:00.000,BBG000C6F3T8,-0.001719697,0.0005913324,730989
20100317,10:45:00.000,BBG000BS0ZF1,-0.0011552242,0.00018415465,95874
20100317,10:45:00.000,BBG000DNTSP4,-0.005040878,0.0013366367,403489
20100317,10:45:00.000,BBG000LL9LQ5,-0.0023727904,0.0040614908,609994
20100317,10:45:00.000,GEN_EQ0140919900001000,0.00012614034,0.0010139975,244014
20100317,10:45:00.000,BBG000QRSL13,-0.008144072,2.6238834e-07,3104442
20100317,10:45:00.000,BBG000BRJ809,0.0037274826,0.0056488477,158077
20100317,10:45:00.000,BBG000D1QCF1,-0.01641654,-0.005524421,365005
20100317,10:45:00.000,BBG000BLCPY4,0.0061922814,0.008430984,293983
20100317,10:45:00.000,BBG000CNWNL6,0.0044973055,0.022577425,602938
20100317,10:45:00.000,BBG000DV7MX4,-0.01301609,0.0012370204,3893038
20100317,10:45:00.000,BBG000BP1152,-0.0134125175,-0.008774752,1253691
20100317,10:45:00.000,BBG000BHCP19,-0.008346287,0.0045860996,532107
20100317,10:45:00.000,BBG000BGKHZ3,-0.007676624,0.00074740284,375132
20100317,10:45:00.000,BBG000BMB7R1,0.003352032,0.00545007,245805
20100317,10:45:00.000,BBG000BHLYS1,-0.0022778613,-0.0016871684,304755
20100317,10:45:00.000,BBG000BKWSR6,0.015801186,0.027198102,8884805
20100317,10:45:00.000,BBG000JN9BQ6,0.011553505,0.012481429,373157
20100317,10:45:00.000,BBG000BRZBT3,-8.299972e-05,0.005053941,715676
20100317,10:45:00.000,BBG000FBK808,0.0090508135,0.016555067,3264733
20100317,10:45:00.000,BBG000BXRPH1,-0.013886158,-0.0060414313,434411
20100317,10:45:00.000,BBG000BQSQ38,-0.0026391323,0.004025172,322334
20100317,10:45:00.000,BBG000BVMPN3,0.011031374,0.02210037,333530
20100317,10:45:00.000,BBG000BGFLL5,-0.001294533,0.010407844,543944
20100317,10:45:00.000,BBG000BJ98Z0,0.025187775,0.023563126,419417
20100317,10:45:00.000,BBG000NDZ417,-0.013226108,-0.0080579445,414670
20100317,10:45:00.000,BBG000BKPL53,-0.005027461,-0.0039816187,258371
20100317,10:45:00.000,BBG000BD0TF8,0.007583584,0.018733865,253508
20100317,10:45:00.000,BBG000BY2Y78,0.00682742,0.020077284,1198676
20100317,10:45:00.000,BBG000BPMH90,0.002167025,0.010878524,458643
20100317,10:45:00.000,BBG000BBNYF6,0.007817995,0.012328512,409618
20100317,10:45:00.000,BBG000FJRZ68,-0.0059467484,-0.004413336,664513
20100317,10:45:00.000,BBG000FKJRC5,0.002652092,0.0011030153,125630
20100317,10:45:00.000,BBG000CL9VN6,0.0028171365,0.004034086,195602
20100317,10:45:00.000,BBG000BK6G19,-0.0022880072,0.0022132054,308809
20100317,10:45:00.000,BBG000C23KJ3,-0.004343939,-0.0008425067,2235871
20100317,10:45:00.000,BBG000BB5BF6,-0.00940331,-0.0041224523,755246
20100317,10:45:00.000,BBG000BK5DP1,0.00039405652,0.0042672185,1041107
20100317,10:45:00.000,BBG000BJVZF7,-5.08707e-05,0.0003186729,260152
20100317,10:45:00.000,BBG000BN5HF7,-0.0054990794,0.0047720163,996706
20100317,10:45:00.000,BBG000BL9439,-0.001750248,0.00063396845,341502
20100317,10:45:00.000,BBG000BJQWD2,0.0075520575,0.017053088,1085220
20100317,10:45:00.000,BBG000D8RG11,0.0011269306,0.0035530783,369373
20100317,10:45:00.000,BBG000BS9489,0.0051062056,0.0085406285,262944
20100317,10:45:00.000,BBG000BH5DV1,-0.0016149057,0.0015876885,651926
20100317,10:45:00.000,BBG000BMKDM3,-0.0010609645,-0.00028387667,305560
20100317,10:45:00.000,BBG000C75N77,-0.0042707818,0.0053042592,850477
20100317,10:45:00.000,BBG000BKXFN7,-0.010367401,-0.0060549406,1299038
20100317,10:45:00.000,BBG000BTCH57,-0.0026484975,-0.0016273168,361877
20100317,10:45:00.000,BBG000BM7HL0,0.004797108,0.013827258,929413
20100317,10:45:00.000,BBG000BNFLM9,-0.004427196,0.00059221144,726979
20100317,10:45:00.000,BBG000BBVCN6,0.004400155,0.0028387564,118142
20100317,10:45:00.000,BBG000LD9JQ8,-0.007893286,-0.00251282,1493476
20100317,10:45:00.000,BBG000MDCQC2,-0.0027415324,-0.0035256245,623273
20100317,10:45:00.000,BBG000BLBXT4,-0.006386713,-0.0034126982,717370
20100317,10:45:00.000,BBG000BDXGP9,0.005232675,0.005077266,536424
20100317,10:45:00.000,BBG000BR3KL6,0.0059683477,0.009930338,266134
20100317,10:45:00.000,BBG000BX9WL1,0.03954328,0.055417847,3209883
20100317,10:45:00.000,BBG000BQ74K1,0.00030691337,0.008491465,244381
20100317,10:45:00.000,BBG000BWSV34,0.0064476086,0.00998953,205797
20100317,10:45:00.000,BBG000BQZMH4,-0.0007791372,0.000964506,410750
20100317,10:45:00.000,GEN_EQ0010066700001000,-0.0032272593,-0.004235113,428430
20100317,10:45:00.000,BBG000BQVTF5,-0.002304438,0.0016770256,617986
20100317,10:45:00.000,BBG000LC1FS4,0.008641138,0.018818676,464163
20100317,10:45:00.000,GEN_EQ0010050500001000,-0.009140475,-0.0026796956,1872118
20100317,10:45:00.000,BBG000G3QLY3,0.008681844,0.011720476,249976
20100317,10:45:00.000,BBG000QBR5J5,-0.008661227,0.00065344456,3655346
20100317,10:45:00.000,BBG000BTQR96,0.008531726,0.010650261,587440
20100317,10:45:00.000,GEN_EQ0012661800001000,-0.0063001453,-0.006619069,556884
20100317,10:45:00.000,BBG000CKJ0P3,0.0014591276,0.0010293842,186711
20100317,10:45:00.000,BBG000HGYNZ9,-0.008483076,2.5919354e-07,1211015
20100317,10:45:00.000,BBG000BV7LP7,0.004612189,0.008391625,736893
20100317,10:45:00.000,BBG000BBVK30,-0.013461751,-0.020693222,3997157
20100317,10:45:00.000,BBG000BFXHL6,-0.009177241,-0.008810555,1042018
20100317,10:45:00.000,BBG000BGLRN3,0.002424765,0.0025843913,520430
20100317,10:45:00.000,BBG000C2V3D6,-0.008234405,0.0008973649,528342
20100317,10:45:00.000,BBG000BGVW60,0.0067487904,0.00651576,803467
20100317,10:45:00.000,BBG000BTVJ25,0.01402439,0.017461188,1094964
20100317,10:45:00.000,GEN_EQ0010020500001000,0.007395061,0.016083602,888747
20100317,10:45:00.000,BBG000BHQ1H0,0.004371223,0.003892471,137956
20100317,10:45:00.000,BBG000BNC3Y9,0.025353909,0.04252362,2985487
20100317,10:45:00.000,BBG000BVVQQ8,-0.019065456,-0.007725058,511124
20100317,10:45:00.000,GEN_EQ0010281900001000,0.0023243143,0.0014830035,338838
20100317,10:45:00.000,BBG000C1FB75,-0.007987444,0.0029445312,92164
20100317,10:45:00.000,BBG000BFTJ91,0.0022770017,0.0023974432,798705
20100317,10:45:00.000,BBG000C1FQS9,-0.00381739,-0.0014324108,151163
20100317,10:45:00.000,BBG000BSBZH7,-0.0017255286,-0.0059025576,609616
20100317,10:45:00.000,BBG000F15NW9,-0.01491903,-0.015725471,1389156
20100317,10:45:00.000,BBG000BPT0C6,0.011153425,0.016615992,544678
20100317,10:45:00.000,GEN_EQ0010145600001000,0.002080036,-0.0016254882,380622
20100317,10:45:00.000,BBG000H89QJ6,0.0061428626,0.004738837,239023
20100317,10:45:00.000,BBG000BR14K5,-0.0014653627,0.0066386242,540583
20100317,10:45:00.000,BBG000BP6L99,0.004450814,0.0053908043,3571415
20100317,10:45:00.000,BBG000BQWPC5,0.0007063717,0.00011365777,239919
20100317,10:45:00.000,BBG000BNNYW1,-0.00035122517,0.0008645358,403029
20100317,10:45:00.000,BBG000BJ3PD2,-0.0005630838,0.0032849843,219851
20100317,10:45:00.000,BBG000PVRDL2,-0.0012124403,0.0063071093,1641823
20100317,10:45:00.000,BBG000C2ZCH8,-0.001829598,-0.0024843088,255211
20100317,10:45:00.000,BBG000TK7PB8,0.0153688295,0.027566232,2532695
20100317,10:45:00.000,BBG000BB6M98,-0.00039347247,0.002250287,272093
20100317,10:45:00.000,BBG000HW5GX3,0.007205823,0.012895535,429834
20100317,10:45:00.000,BBG000BLKK03,0.0054571754,-0.0011541196,298236
20100317,10:45:00.000,BBG000BCZYD3,0.002833808,0.0023423743,157874
20100317,10:45:00.000,BBG000CSY9H9,-0.013934943,-0.007878299,322278
20100317,10:45:00.000,BBG000BB9KF2,-0.0022664503,-0.0007189573,312233
20100317,10:45:00.000,BBG000BMQPL1,0.021037174,0.0350877,4418066
20100317,10:45:00.000,BBG000BMTFR4,-0.0058056246,0.0008611852,985008
20100317,10:45:00.000,BBG000H9G7X2,0.00786375,0.0075117247,403250
20100317,10:45:00.000,BBG000BCNYT9,0.0003877602,-7.818131e-06,480020
20100317,10:45:00.000,BBG000C0MF34,-0.002229551,0.00037464275,233853
20100317,10:45:00.000,BBG000BN2DC2,-0.010603085,-0.002997637,314852
20100317,10:45:00.000,BBG000BN9WT5,-0.0015763453,0.009655956,1509195
20100317,10:45:00.000,BBG000BQ5DS5,0.00061630673,-9.0838475e-05,430382
20100317,10:45:00.000,BBG000BCGY17,-0.0075254594,-0.005911801,365196
20100317,10:45:00.000,BBG000BB6G37,-0.0014659179,0.010327898,1050849
20100317,10:45:00.000,BBG000CHPY97,-0.017891362,-0.012984894,1881050
20100317,10:45:00.000,BBG000TWC2V5,-0.0030702746,-0.004601305,554795
20100317,10:45:00.000,GEN_EQ0117562400001000,-0.008861554,-0.011141925,3918510
20100317,10:45:00.000,BBG000BP0KQ8,0.002894679,0.010052606,1340060
20100317,10:45:00.000,BBG000BB5373,0.02326063,0.0302596,2892334
20100317,10:45:00.000,BBG000BM6788,-0.0030138104,0.00083992333,792432
20100317,10:45:00.000,BBG000BH3JF8,-0.0057569942,-0.0033972356,346666
20100317,10:45:00.000,GEN_EQ0085215200001000,-0.00070607744,0.0060620843,1927365
20100317,10:45:00.000,BBG000BQ2C28,0.0002065222,0.0019335486,347007
20100317,10:45:00.000,BBG000BX5ZF5,-0.014325461,-0.006934155,3515639
20100317,10:45:00.000,BBG000BMDV41,0.006660297,0.007890197,558914
20100317,10:45:00.000,GEN_EQ0010319800003000,-0.015383921,-0.024132486,1592169
20100317,10:45:00.000,BBG000BG14P4,0.0006651541,0.0076853605,430626
20100317,10:45:00.000,BBG000GC80B4,,,730028
20100317,10:45:00.000,BBG000BB2DM7,-0.0073912265,-0.0005505545,1790320
20100317,10:45:00.000,BBG000BWJFZ4,-0.0027816582,-0.005179637,634768
20100317,10:45:00.000,BBG000BHGDH5,-0.00088448636,-0.0006019736,1375502
20100317,10:45:00.000,BBG000BZ2GG4,-0.005753742,0.002840188,910347
20100317,10:45:00.000,BBG000D898T9,0.003143718,0.0031165967,667645
20100317,10:45:00.000,BBG000BMF5J0,-0.0027920613,-0.0004878916,553459
20100317,10:45:00.000,BBG000BKLH74,-0.006820314,-0.009877616,1998141
20100317,10:45:00.000,BBG000BGPTV6,-0.0016975121,0.00024716597,838786
20100317,10:45:00.000,BBG000BH3GZ2,0.0037787429,0.0116910795,1040429
20100317,10:45:00.000,BBG000BVWLJ6,-0.0076891887,0.0009396933,463959
20100317,10:45:00.000,BBG000C496P7,-0.010027673,-0.0047411625,2502362
20100317,10:45:00.000,BBG000JG0547,-0.0001739826,0.0035036022,573724
20100317,10:45:00.000,BBG000DYGNW7,0.0047648093,0.0046484913,274431
20100317,10:45:00.000,BBG000BNJHS8,-0.0042293537,-0.012144214,2191658
20100317,10:45:00.000,BBG000BPQD31,-0.0013440388,-0.0013584999,583729
20100317,10:45:00.000,BBG000BT9DW0,-0.00023219088,-0.00060186535,527624
20100317,10:45:00.000,BBG000BB2KW0,-0.008871666,-0.009199109,307913
20100317,10:45:00.000,BBG000BK67C7,0.005041898,0.0027802158,345846
20100317,10:45:00.000,BBG000DHSPT0,0.0014437578,0.0030330701,529628
20100317,10:45:00.000,BBG000BFMBQ6,-0.0019210659,-0.010723712,592729
20100317,10:45:00.000,BBG000B9WJ73,-0.0020285582,0.010379206,2610219
20100317,10:45:00.000,BBG000FVXD63,-0.016940128,-0.0107716145,710740
20100317,10:45:00.000,BBG000B9XYV2,-0.0032618695,-0.00395192,826116
20100317,10:45:00.000,BBG000BMBL90,0.0050783423,0.0078542,1104801
20100317,10:45:00.000,BBG000BB1TH9,-0.0048274593,0.005994829,293883
20100317,10:45:00.000,BBG000BVMGF2,-0.0030688425,0.0077382424,1343691
20100317,10:45:00.000,BBG000BSD7C2,-9.526336e-05,-0.0016719181,386155
20100317,10:45:00.000,BBG000J5Q6L2,-0.011887167,0.0036223342,2241876
20100317,10:45:00.000,BBG000BC4JJ4,-0.005727609,-0.0046763653,302311
20100317,10:45:00.000,BBG000BM5SR2,0.014920974,0.03707395,4564717
20100317,10:45:00.000,BBG000BJPDZ1,0.00061525975,-0.00040772033,90192
20100317,10:45:00.000,BBG000BZTW70,-0.005692607,-0.0020419934,1118990
20100317,10:45:00.000,BBG000C5HS04,0.0013372997,0.0021309059,444633
20100317,10:45:00.000,BBG000M65M61,-0.019344226,-0.024771016,3514693
20100317,10:45:00.000,BBG000BY29C7,0.006504698,0.008988806,500768
20100317,10:45:00.000,BBG000BB6WG8,0.004147587,0.008045455,1183507
20100317,10:45:00.000,GEN_EQ0010172300001000,-0.0051855855,-0.005059324,330038
20100317,10:45:00.000,BBG000C2BXK4,0.009017098,0.017093949,14292217
20100317,10:45:00.000,BBG000BBBNC6,-0.003937545,0.013309219,473475
20100317,10:45:00.000,BBG000PM7GJ0,0.009644729,0.020912107,1109958
20100317,10:45:00.000,BBG000Q3JN03,0.004533296,0.019986462,7689770
20100317,10:45:00.000,BBG000C0LW92,-0.015754389,-0.012703083,21300340
20100317,10:45:00.000,BBG000BF1R66,0.0091095725,0.016279876,551831
20100317,10:45:00.000,BBG000NSQ9M0,-0.010845979,-0.003919828,2497019
20100317,10:45:00.000,BBG000FQ6PY6,-0.03995116,-0.036473468,5058524
20100317,10:45:00.000,BBG000BWVCP8,-0.0058965622,0.004326606,1097070
20100317,10:45:00.000,BBG000BJSBJ0,-0.0011502896,0.00073104055,197621
20100317,10:45:00.000,BBG000BLM0V1,,,564883
20100317,10:45:00.000,BBG000BMY992,0.0013265166,0.003588511,1080340
20100317,10:45:00.000,BBG000BVDLH9,0.004864741,0.006766011,393159
20100317,10:45:00.000,BBG000C0F570,0.0031816033,0.014108189,1711452
20100317,10:45:00.000,BBG000BBQCY0,0.011434657,0.021310467,7892964
20100317,10:45:00.000,GEN_EQ0000000001064567,0.008468933,0.011587264,414238
20100317,10:45:00.000,BBG000BKCFC2,-0.004579993,-0.0049130614,294000
20100317,10:45:00.000,BBG000CGQ6M4,0.007277691,0.00639287,349395
20100317,10:45:00.000,BBG000C17X76,-0.0043096147,-0.004351959,417848
20100317,10:45:00.000,BBG000DTMH63,,,1125992
20100317,10:45:00.000,BBG000R7Z112,-0.0010681713,-0.007707039,2242691
20100317,10:45:00.000,BBG000BBMSJ6,-0.0055452776,0.005508995,2073206
20100317,10:45:00.000,BBG000BY33P5,0.0014058786,0.0049384516,719405
20100317,10:45:00.000,BBG000BV8DN6,0.0035057005,0.0003470409,517832
20100317,10:45:00.000,GEN_EQ0010135600001000,0.0051678857,0.0142007535,1546647
20100317,10:45:00.000,BBG000JN8R00,0.0012664872,0.009835317,571444
20100317,10:45:00.000,BBG000K14Q84,-0.014586081,-0.009341621,635708
20100317,10:45:00.000,BBG000BBDV81,0.000131321,0.008391294,414710
20100317,10:45:00.000,BBG000BMW2Z0,0.0010928953,-0.0026439878,661210
20100317,10:45:00.000,BBG000DLVDK3,-0.003798957,0.0017555031,678165
20100317,10:45:00.000,BBG000CKVSG8,0.0027433622,0.012416323,1507662
20100317,10:45:00.000,BBG000G0Z878,0.03503613,0.05138571,7560367
20100317,10:45:00.000,BBG000BGJRC8,-0.00018764152,-0.00077533437,535307
20100317,10:45:00.000,BBG000BL8GJ6,-0.013638654,-0.0023491734,2266138
20100317,10:45:00.000,BBG000HCJMF9,0.00059265655,0.015599342,611999
20100317,10:45:00.000,BBG000BB6KF5,0.001028715,0.015228474,1455908
20100317,10:45:00.000,BBG000BYYLS8,-0.0058020847,0.00316628,1365895
20100317,10:45:00.000,BBG000FJLFX8,-0.002237761,-0.008756564,983401
20100317,10:45:00.000,BBG000D9D830,0.0050277445,0.011665348,859554
20100317,10:45:00.000,BBG000BHX7N2,-0.003168755,0.002155917,491485
20100317,10:45:00.000,BBG000CTQBF3,-0.00544344,0.0043534115,2273703
20100317,10:45:00.000,BBG000BBD070,0.0027364478,0.013052247,760886
20100317,10:45:00.000,BBG000BH2JM1,-0.008068491,-0.0040521785,2705589
20100317,10:45:00.000,BBG000CS7CT9,0.0005601067,0.0002724715,810279
20100317,10:45:00.000,BBG000BFL116,-0.010196504,-0.003469285,230299
20100317,10:45:00.000,BBG000BFC8J2,0.016417313,0.016792642,967232
20100317,10:45:00.000,BBG000C15T95,-0.008921295,-0.011690506,362799
20100317,10:45:00.000,BBG000FP1N32,-0.0051044542,0.0019597383,1204294
20100317,10:45:00.000,BBG000JWD753,-0.011270235,-0.0049860342,15532290
20100317,10:45:00.000,BBG000BWNFZ9,0.013832462,0.02125151,2248374
20100317,10:45:00.000,BBG000BSLZY7,-0.011631928,-0.0037905343,2918554
20100317,10:45:00.000,BBG000BCBCM7,-1.9735577e-05,-0.0029612796,1424371
20100317,10:45:00.000,BBG000BBGGQ1,-0.00045418544,0.008752634,2802412
20100317,10:45:00.000,BBG000BCWCG1,0.0009785051,0.007837339,1251583
20100317,10:45:00.000,BBG000BLBVN4,-0.009474894,-0.005895851,141312
20100317,10:45:00.000,BBG000C46HM9,-0.0075073093,-0.0073851855,1496276
20100317,10:45:00.000,BBG000BTKGG8,0.0013209784,0.015719263,1418850
20100317,10:45:00.000,GEN_EQ0010059600001000,0.040338453,0.05273626,3939431
20100317,10:45:00.000,BBG000C8H633,0.0005763108,0.009786983,1353373
20100317,10:45:00.000,BBG000BTR593,-0.0037015157,0.0011744032,1324367
20100317,10:45:00.000,GEN_EQ0000000000158587,0.0014906614,0.0015609328,497387
20100317,10:45:00.000,BBG000F6H8W8,0.00018352996,0.0035302618,788796
20100317,10:45:00.000,BBG000BFQYY3,-0.003656001,-0.0074479347,747858
20100317,10:45:00.000,BBG000BNBDC2,0.0023733892,0.00082871015,916712
20100317,10:45:00.000,BBG000BSJTT0,0.003633129,0.01442405,1080830
20100317,10:45:00.000,BBG000BJL3N0,-0.0006839536,0.010428332,2579293
20100317,10:45:00.000,BBG000BYWTX7,-0.013820736,-0.002940539,5173091
20100317,10:45:00.000,BBG000BD8PN9,-0.0018396487,0.006284098,1292483
20100317,10:45:00.000,BBG000BHLYP4,-0.0045873364,0.004406109,73976
20100317,10:45:00.000,BBG000C1BW00,0.00022721037,-0.0007096057,483631
20100317,10:45:00.000,BBG000J6XT05,-0.007211764,-0.0035268718,609923
20100317,10:45:00.000,BBG000BJX8C8,-0.0020729883,0.009522995,835587
20100317,10:45:00.000,BBG000BCVJ77,0.004603627,0.0024967722,504208
20100317,10:45:00.000,BBG000BZ9223,-0.002232986,0.0013984261,536413
20100317,10:45:00.000,BBG000H556T9,-0.005662948,-0.0020934506,1012547
20100317,10:45:00.000,BBG000BJF1Z8,0.007972101,0.0097019365,1148489
20100317,10:45:00.000,BBG000BB5006,0.014733821,0.019705743,3079996
20100317,10:45:00.000,BBG000F0KF42,,,3690353
20100317,10:45:00.000,BBG000BKFBD7,0.006127705,0.018304838,1044772
20100317,10:45:00.000,BBG000BFDXW1,-0.0066172043,0.0037313413,1047159
20100317,10:45:00.000,BBG000BW3299,-0.000532879,-0.002860044,933265
20100317,10:45:00.000,BBG000F0PF65,0.004635071,0.0086937705,1077522
20100317,10:45:00.000,BBG000BNWG87,-0.0065860962,-0.006872802,1366059
20100317,10:45:00.000,BBG000BH13K9,0.0033153088,0.005566787,1157999
20100317,10:45:00.000,BBG000BH1NH9,-0.0005202213,0.0012722951,542651
20100317,10:45:00.000,BBG000DY8ZS4,-0.0047024535,0.0057292245,3326283
20100317,10:45:00.000,BBG000BP8Z50,-0.017245607,-0.010847667,6219368
20100317,10:45:00.000,BBG000BJ81C1,0.0035758938,0.009268889,845512
20100317,10:45:00.000,BBG000BBVJZ8,-0.007938271,-0.0042803246,1724372
20100317,10:45:00.000,BBG000BQ8KV2,-0.02006713,-0.013126568,2026705
20100317,10:45:00.000,BBG000BGKTF9,-0.01500601,-0.0012383581,1176680
20100317,10:45:00.000,BBG000BFRF55,0.00071096513,0.012906417,1642614
20100317,10:45:00.000,BBG000BRK7L6,0.006950664,0.016178774,3531381
20100317,10:45:00.000,BBG000BWLMJ4,-0.007447359,-0.0034766328,1289628
20100317,10:45:00.000,BBG000BD4VG8,0.008222289,0.018128542,1063254
20100317,10:45:00.000,BBG000FW00S1,0.008691199,0.01997749,2268730
20100317,10:45:00.000,BBG000BBJQV0,0.0068401895,0.019149115,4910831
20100317,10:45:00.000,BBG000C5Z1S3,0.0020591132,0.017621048,6068351
20100317,10:45:00.000,BBG000BC40Y8,0.012585922,0.018719617,1058205
20100317,10:45:00.000,BBG000DWYF03,-0.000637968,0.002139038,2400815
20100317,10:45:00.000,BBG000BRD0D8,0.0062496155,0.017754845,1875532
20100317,10:45:00.000,BBG000H8TVT2,-0.0012157534,-0.0035552785,464954
20100317,10:45:00.000,BBG000BP6LJ8,-0.0011497373,-0.0019663349,2427400
20100317,10:45:00.000,BBG000BKFZM4,0.015828803,0.021098142,5512133
20100317,10:45:00.000,BBG000BHBK84,-0.0042080074,-0.0003289571,1767464
20100317,10:45:00.000,BBG000FG3C43,-0.008833508,-0.00044306237,1689612
20100317,10:45:00.000,BBG000BH23R1,0.012431737,0.018861571,7891608
20100317,10:45:00.000,BBG000F1ZSQ2,-0.017694961,-0.009999432,262421
20100317,10:45:00.000,BBG000GFFQN9,0.0027158116,0.011609984,4159565
20100317,10:45:00.000,BBG000BNDN65,0.003353455,0.008787572,3491345
20100317,10:45:00.000,BBG000C43RR5,0.0011240811,0.008956703,3648627
20100317,10:45:00.000,BBG000BP52R2,-0.0013837437,0.0046536876,891925
20100317,10:45:00.000,BBG000BBPFB9,-0.0036712578,0.0024084547,9495077
20100317,10:45:00.000,BBG000BC2C10,0.0063391547,0.010612258,494190
20100317,10:45:00.000,BBG000BFT2L4,-0.00024804406,-0.0005712522,2704168
20100317,10:45:00.000,BBG000L9CV04,0.0032402813,0.0034428157,1380373
20100317,10:45:00.000,BBG000FL1TC8,-0.0075503914,-0.010233835,1609375
20100317,10:45:00.000,BBG000FFDM15,-0.013968145,-0.005746196,2662241
20100317,10:45:00.000,BBG000BH4R78,9.850613e-05,-1.380939e-07,1335161
20100317,10:45:00.000,BBG000B9ZXB4,-0.0027152314,-0.0062152296,1966566
20100317,10:45:00.000,BBG000BGRY34,-6.35581e-06,0.00057248777,1301205
20100317,10:45:00.000,BBG000G2R6M0,-0.003174043,0.0032460866,1898763
20100317,10:45:00.000,BBG000BCSST7,0.0023785727,-0.00043614526,1661380
20100317,10:45:00.000,BBG000BVV7G1,-0.0036734198,0.007297711,3693028
20100317,10:45:00.000,BBG000BW8S60,-0.0028421876,-0.0031758659,756614
20100317,10:45:00.000,BBG000BL4504,-0.01323839,-0.0062956163,4496255
20100317,10:45:00.000,BBG000DQLV23,-0.0021815037,-0.0053856303,3360608
20100317,10:45:00.000,BBG000BBS2Y0,-0.0029122885,-0.005659276,1157328
20100317,10:45:00.000,BBG000BHVJJ3,-0.007818968,-0.0021304314,5319195
20100317,10:45:00.000,BBG000J2XL74,0.004320088,0.006830247,1013492
20100317,10:45:00.000,BBG000CH5208,-0.01342638,-0.01996095,3343991
20100317,10:45:00.000,BBG000BCQZS4,-0.0048991754,0.002200765,1539169
20100317,10:45:00.000,BBG000BFWKC0,0.008629764,0.006383836,2213830
20100317,10:45:00.000,BBG000BCG930,0.0009510696,-0.009041263,1951050
20100317,10:45:00.000,BBG000PSKYX7,-0.002877699,0.0018018568,809469
20100317,10:45:00.000,BBG000BPWXK1,-0.00530337,0.00029247426,1571182
20100317,10:45:00.000,BBG000BWXBC2,-0.0027190861,-0.0032140624,3788252
20100317,10:45:00.000,BBG000BQQ2S6,0.0038770144,0.0074070054,1040642
20100317,10:45:00.000,BBG000BH5LT6,-0.0020058681,-0.0016783648,1471703
20100317,10:45:00.000,BBG000DWG505,0.0015419926,0.0019456896,853474
20100317,10:45:00.000,BBG000BF0K17,-0.00066628895,0.0019341373,1260103
20100317,10:45:00.000,BBG000BKTFN2,0.010662039,0.018603025,4076669
20100317,10:45:00.000,BBG000BB07P9,0.0018068163,0.0069886656,2148628
20100317,10:45:00.000,BBG000BNSZP1,-0.004568483,0.00030317254,975664
20100317,10:45:00.000,BBG000BKZB36,-0.004400598,-0.00061476475,3103735
20100317,10:45:00.000,BBG000CKGBP2,-0.0050466275,-0.0075830473,1383512
20100317,10:45:00.000,BBG000DH7JK6,0.001218296,0.0028756047,1288455
20100317,10:45:00.000,BBG000D4LWF6,-0.004005272,-0.00437789,2052354
20100317,10:45:00.000,BBG000BQQH30,0.006962038,0.011114248,2783344
20100317,10:45:00.000,BBG000B9WH86,0.034407012,0.045668628,22256840
20100317,10:45:00.000,BBG000BQLTW7,0.015640946,0.01705346,7397710
20100317,10:45:00.000,BBG000HS77T5,0.0042466326,0.003674752,4529370
20100317,10:45:00.000,GEN_EQ0011904200001000,0.010043278,0.013278192,6307284
20100317,10:45:00.000,BBG000BLZRJ2,-0.0032417083,0.005611354,3058590
20100317,10:45:00.000,BBG000BMX289,-0.002386423,-0.00074446015,1978463
20100317,10:45:00.000,BBG000BPD168,-0.00059400575,-0.003953937,2136657
20100317,10:45:00.000,BBG000BT41Q8,0.007039002,0.014723642,3965610
20100317,10:45:00.000,BBG000BMHYD1,0.0036935217,0.0013954253,2156070
20100317,10:45:00.000,BBG000BR2TH3,0.0066568432,0.0026756183,1997569
20100317,10:45:00.000,BBG000KHWT55,-0.0015168875,0.003438198,3591124
20100317,10:45:00.000,BBG000BTZQC4,-0.0018986077,-0.0031935063,1724841
20100317,10:45:00.000,BBG000BSJK37,0.0039120596,0.002321032,3509784
20100317,10:45:00.000,BBG000BLNNH6,-0.0056272503,-0.0022544465,1310735
20100317,10:45:00.000,BBG000K4ND22,0.005056008,0.009865598,3003910
20100317,10:45:00.000,BBG000BX3TD3,-0.010344033,0.00087929145,4194232
20100317,10:45:00.000,BBG000CR90K4,4.0476734e-06,-0.0011986005,2563693
20100317,10:45:00.000,BBG000BVPV84,0.0023643894,0.0032632344,1256508
20100317,10:45:00.000,BBG000CGC1X8,-0.0050814985,-0.0035910327,4649041
20100317,10:45:00.000,BBG000BR2B91,0.00081269623,-0.00057919684,15969639
20100317,10:45:00.000,BBG000BQPC32,0.013582247,0.008898555,18753588
20100317,10:45:00.000,BBG000BK6MB5,-0.0002960387,0.008298623,60385756
20100317,10:45:00.000,BBG000C3J3C9,0.005823089,0.006117117,8121517
20100317,10:45:00.000,BBG000C0G1D1,0.0010827447,0.009997235,25170938
20100317,10:45:00.000,BBG000BWQFY7,-0.006647316,0.0023114146,7040201
20100317,10:45:00.000,BBG000BJDB15,-0.0034369652,0.0041992306,3206652
20100317,10:45:00.000,BBG000BPH459,0.007738486,0.010552736,13847645
20100317,10:45:00.000,BBG000C6CFJ5,0.0024299426,0.00695511,2124960
20100317,10:45:00.000,BBG000DMBXR2,0.003805284,0.01203255,8216404
20100317,10:45:00.000,BBG000BHSKN9,-0.0028682759,0.0031580927,565773
20100317,10:45:00.000,BBG000GZQ728,0.0055720033,0.012758319,10245979
20100317,10:45:00.000,BBG000BCTLF6,-0.0028403518,0.008213928,33469220
20100317,10:45:00.000,BBG000B9XRY4,0.0026467724,0.0067249145,4172928
20100317,11:00:00.000,GEN_EQ0021071400001000,-0.0018886598,0.0034676208,576142
20100317,11:00:00.000,GEN_EQ0096849600001000,-0.009501917,0.008550352,298398
20100317,11:00:00.000,BBG000BJ49H3,0.0022771102,0.003225509,161130
20100317,11:00:00.000,BBG000BMFD58,0.0025753565,0.0111730145,3586230
20100317,11:00:00.000,BBG000BFVXX0,-0.0075922846,-0.0050777853,337880
20100317,11:00:00.000,BBG000CHWP52,0.00673855,0.009560123,300210
20100317,11:00:00.000,BBG000BT9T73,0.091519184,0.10662068,18237122
20100317,11:00:00.000,BBG000BCQ4P6,0.0023425117,0.009102832,314162
20100317,11:00:00.000,BBG000BMLWX8,0.01832418,0.023911342,659713
20100317,11:00:00.000,BBG000BP7JB0,-0.008575288,-0.0017584312,916651
20100317,11:00:00.000,BBG000BNW1S8,-0.0142872855,4.910908e-07,400606
20100317,11:00:00.000,BBG000MQ1SN9,0.0014896041,0.00047929698,334538
20100317,11:00:00.000,BBG000BVB8Q0,-0.0067557297,-0.0016378444,520140
20100317,11:00:00.000,BBG000BSC0K9,-0.00010592171,-0.0005285334,206354
20100317,11:00:00.000,BBG000C7LMS8,0.0056952066,0.008568551,130449
20100317,11:00:00.000,BBG000BB5792,0.009797243,0.017208489,634364
20100317,11:00:00.000,BBG000BFDLV8,0.010872211,0.016065944,161077
20100317,11:00:00.000,BBG000BTLMX5,0.0050052265,0.011849655,259425
20100317,11:00:00.000,BBG000CQB185,0.01859105,0.026592162,466861
20100317,11:00:00.000,BBG000BKVJK4,0.0071588363,0.007003773,293291
20100317,11:00:00.000,BBG000BQC9V2,0.010653896,0.015479197,1876762
20100317,11:00:00.000,BBG000CC53X1,0.004537831,0.0069372687,177107
20100317,11:00:00.000,BBG000C45984,-0.00348572,0.00146217,366520
20100317,11:00:00.000,BBG000BJNGN9,-0.0057753087,0.0045214524,872231
20100317,11:00:00.000,BBG000FQRVM3,0.0033693826,0.0038405764,218714
20100317,11:00:00.000,BBG000D2M0Z7,-0.0029729141,0.0005503516,127518
20100317,11:00:00.000,BBG000K82ZT8,-0.0040939907,-0.0010131713,312748
20100317,11:00:00.000,BBG000BF5RY1,0.0035982719,0.005123519,2682175
20100317,11:00:00.000,BBG000BNMHS4,-0.0016500393,0.007915265,329550
20100317,11:00:00.000,BBG000CPHYL4,0.004979653,0.0052400203,3343147
20100317,11:00:00.000,GEN_EQ0000000000852052,0.008438451,0.02061207,409144
20100317,11:00:00.000,BBG000BCHG15,0.01562745,0.021537537,220654
20100317,11:00:00.000,BBG000BNNKG9,0.0012547321,0.0084883915,514952
20100317,11:00:00.000,BBG000DR22B6,-0.008336662,0.00040935096,907482
20100317,11:00:00.000,BBG000BHK836,-0.0053787073,0.0042933845,291914
20100317,11:00:00.000,BBG000BV4DR6,0.011283426,0.023529062,1169764
20100317,11:00:00.000,BBG000BC9938,-0.014788855,-0.008235449,291684
20100317,11:00:00.000,BBG000DSMS70,-0.0069419094,-0.005731904,204346
20100317,11:00:00.000,BBG000BWCKB6,0.0022050417,0.0045082523,165297
20100317,11:00:00.000,BBG000BP5YT0,-0.017237244,-0.0026092704,2048150
20100317,11:00:00.000,BBG000BGYWY6,0.0016070253,0.0076644165,342394
20100317,11:00:00.000,GEN_EQ0010580600001000,0.008872416,0.014353483,556440
20100317,11:00:00.000,BBG000BFJ645,0.0118070785,0.009950158,840394
20100317,11:00:00.000,BBG000PV2L86,-0.0046419357,-0.0037397707,462279
20100317,11:00:00.000,BBG000BXBHJ4,-0.010588807,-0.0012168796,295526
20100317,11:00:00.000,BBG000BB29X4,0.0025154415,0.0047125695,321019
20100317,11:00:00.000,BBG000BBBP59,0.00080023636,0.00541981,134850
20100317,11:00:00.000,BBG000BVHBM1,-0.003214818,0.0024439376,571120
20100317,11:00:00.000,BBG000BWGYF8,0.0117791975,0.035691235,869412
20100317,11:00:00.000,BBG000BBL8V7,0.011598494,0.02260428,851055
20100317,11:00:00.000,BBG000BPNP00,-0.0037643418,0.010280188,425797
20100317,11:00:00.000,BBG000RGM5P1,,,310579
20100317,11:00:00.000,BBG000FKYVH4,0.007235494,0.013481303,239620
20100317,11:00:00.000,BBG000BGXZB5,0.008062545,0.0068442,1267515
20100317,11:00:00.000,BBG000BTQ9G8,0.0046315542,0.008075904,787294
20100317,11:00:00.000,BBG000BCTQ65,0.003448349,0.0037566358,355545
20100317,11:00:00.000,BBG000BK2F42,0.0048523196,0.011907574,526846
20100317,11:00:00.000,BBG000F7RCJ1,-0.0026328983,0.004372847,158295
20100317,11:00:00.000,BBG000C2YHG9,-0.007224924,-0.0083547635,449986
20100317,11:00:00.000,BBG000BRJL00,0.0021572562,0.0065712375,580959
20100317,11:00:00.000,BBG000BQT4L6,-0.0050853416,0.0032144657,487385
20100317,11:00:00.000,BBG000FDBX90,0.0014583577,0.002768883,562494
20100317,11:00:00.000,BBG000BKR1D6,-0.0016476599,0.004221968,92470
20100317,11:00:00.000,GEN_EQ0010003600001000,-0.0029968354,0.001272723,233890
20100317,11:00:00.000,BBG000BPXVJ6,-0.0028007694,-0.0013859089,587482
20100317,11:00:00.000,BBG000BN84F3,0.004913022,0.0051775672,224917
20100317,11:00:00.000,BBG000DSZTN6,0.0064064628,0.015853642,484882
20100317,11:00:00.000,BBG000BBCDZ2,-0.0037062017,0.0029813033,176238
20100317,11:00:00.000,BBG000PQ6YJ3,-0.016044004,-0.00865172,93322
20100317,11:00:00.000,BBG000HQ7GC7,-0.009518989,-0.0009079846,463175
20100317,11:00:00.000,BBG000BC15S7,-0.0038525644,0.002985258,241233
20100317,11:00:00.000,BBG000PX3XC0,-0.0013514153,0.007204037,177886
20100317,11:00:00.000,BBG000BSXQV7,0.002228008,0.0069177262,152480
20100317,11:00:00.000,BBG000BP1Q11,-0.0027395273,-0.0018391942,156993
20100317,11:00:00.000,GEN_EQ0010206100001000,-0.021248523,-0.023159187,2317280
20100317,11:00:00.000,BBG000C3GN47,-0.0011397124,0.0048596794,270877
20100317,11:00:00.000,BBG000BN7277,-0.0023225246,0.005155752,802812
20100317,11:00:00.000,BBG000C3NTN5,0.01152482,0.013038066,781161
20100317,11:00:00.000,BBG000DWB323,0.0008702091,0.013972486,947911
20100317,11:00:00.000,BBG000BR1W32,-0.0073757363,0.006226705,490335
20100317,11:00:00.000,BBG000BF2KK4,-0.004864697,0.0020063787,493925
20100317,11:00:00.000,BBG000BNBPQ0,0.010065933,0.026289187,459524
20100317,11:00:00.000,BBG000BWXL85,-0.0056953626,-0.0017980689,385525
20100317,11:00:00.000,GEN_EQ0010624300001000,-0.0028245088,-0.0032946223,520358
20100317,11:00:00.000,BBG000JBN3X6,0.006421047,-2.8626636e-07,2136766
20100317,11:00:00.000,BBG000BFNR17,0.0018881683,0.011026852,523761
20100317,11:00:00.000,BBG000CXYSZ6,0.0132164685,0.014471648,246344
20100317,11:00:00.000,BBG000FV1Z23,-0.01215159,-0.013186151,604796
20100317,11:00:00.000,GEN_EQ0010548100001000,0.01836555,0.035065576,2311591
20100317,11:00:00.000,GEN_EQ0010141600001000,0.0037760942,0.014044806,616873
20100317,11:00:00.000,BBG000BW2QX0,0.002840561,0.016532214,1092756
20100317,11:00:00.000,BBG000C1S2X2,0.0011698392,-0.0009151548,279037
20100317,11:00:00.000,BBG000BVXPZ8,0.0040210183,0.011285795,1053137
20100317,11:00:00.000,BBG000B9ZV28,0.002898832,0.006495746,89315
20100317,11:00:00.000,BBG000CPQZ77,-0.00044655186,0.0054399204,280359
20100317,11:00:00.000,BBG000BGD7W6,-0.0014552576,0.0013902643,659498
20100317,11:00:00.000,GEN_EQ0010168800001000,-0.00961848,-0.007797326,7809496
20100317,11:00:00.000,BBG000D9KWL9,-0.0019695694,0.008720221,101146
20100317,11:00:00.000,BBG000BR37X2,0.024608703,0.03397004,2525936
20100317,11:00:00.000,BBG000BR54L0,0.00092059246,0.010531015,1354048
20100317,11:00:00.000,BBG000BLHRS2,-0.003461892,-0.0012643668,346610
20100317,11:00:00.000,BBG000BX3BL3,-0.012833616,0.0038060586,287214
20100317,11:00:00.000,BBG000BL5W86,0.0021774888,0.017406292,3296295
20100317,11:00:00.000,BBG000BJKPG0,0.0020724016,0.009479486,313159
20100317,11:00:00.000,BBG000BCYP43,0.0010036149,0.0021629953,92355
20100317,11:00:00.000,BBG000MBDGM6,0.0062980363,0.017334605,108129
20100317,11:00:00.000,BBG000CGT2S4,-0.0112189995,-0.005173192,280304
20100317,11:00:00.000,BBG000BMFFQ0,0.0025774718,0.017051566,385372
20100317,11:00:00.000,BBG000BWVSR1,0.00064466405,0.0025072433,307935
20100317,11:00:00.000,BBG000FL0BC8,-0.0073624174,-0.001891362,1067987
20100317,11:00:00.000,BBG000F86GP6,-0.010958765,-0.002438513,216439
20100317,11:00:00.000,BBG000BHB3M6,0.0038799986,0.009703411,178338
20100317,11:00:00.000,BBG000BDWKC5,0.0005346124,0.0062426226,788290
20100317,11:00:00.000,BBG000BJDPC2,0.017949523,0.016094936,814312
20100317,11:00:00.000,BBG000BP4MH0,-0.0030560193,0.0032660847,689345
20100317,11:00:00.000,BBG000C9W1Y1,,,1334092
20100317,11:00:00.000,BBG000BKSL41,8.447542e-05,0.0079740975,695680
20100317,11:00:00.000,BBG000CVWGS6,0.005023912,0.009454298,4529240
20100317,11:00:00.000,BBG000F80SZ5,0.015744183,0.024121802,2741746
20100317,11:00:00.000,BBG000DKCC19,-0.0008142745,2.592174e-07,645443
20100317,11:00:00.000,GEN_EQ0010091900001000,0.020349022,0.021046642,174843
20100317,11:00:00.000,BBG000BG7986,0.00951444,0.007377329,647713
20100317,11:00:00.000,BBG000D7RKJ5,0.0010672463,0.004653316,400204
20100317,11:00:00.000,BBG000KLB4Q1,0.013145888,0.025518876,1185194
20100317,11:00:00.000,BBG000DQTXY6,-0.0048435866,0.002299585,625897
20100317,11:00:00.000,BBG000BFS7D3,0.0054951636,0.0033609986,879775
20100317,11:00:00.000,BBG000BV75B7,-0.0051505077,-0.011881429,624605
20100317,11:00:00.000,BBG000C2PW58,0.048570752,0.060625557,361190
20100317,11:00:00.000,BBG000BKZTP3,-0.01648282,-0.00706124,1476043
20100317,11:00:00.000,BBG000CFJL87,-0.00025059134,-0.0039755874,459086
20100317,11:00:00.000,BBG000QY3XZ2,-0.0038818708,0.0035143853,1030917
20100317,11:00:00.000,BBG000BJ5GK2,-0.00538736,-0.0014667616,298012
20100317,11:00:00.000,BBG000Q0BPZ4,0.025596624,0.03637895,2715620
20100317,11:00:00.000,BBG000NSCNT7,0.0112418225,0.032979496,1215768
20100317,11:00:00.000,GEN_EQ0010104800001000,0.00092365546,0.009488577,1653292
20100317,11:00:00.000,BBG000G8N9C6,-0.004765465,-0.004786479,352983
20100317,11:00:00.000,BBG000BHKYH4,-0.0039981357,0.0006864717,328329
20100317,11:00:00.000,BBG000BK1FD3,-0.0151678715,-0.00017965375,893863
20100317,11:00:00.000,BBG000BT4T69,0.002741668,0.0035651703,1873255
20100317,11:00:00.000,GEN_EQ0011591100001000,-0.0009206157,0.0041195904,567834
20100317,11:00:00.000,BBG000FFH4P5,-0.00043919496,0.0063534738,198741
20100317,11:00:00.000,BBG000BGRKT6,0.007288697,0.0075826757,184141
20100317,11:00:00.000,BBG000DN7P92,0.0017924313,0.003968638,300156
20100317,11:00:00.000,BBG000M4SW14,-0.0036929816,0.0019039299,252709
20100317,11:00:00.000,BBG000BNGTQ7,0.0002906644,-0.00020197223,1249002
20100317,11:00:00.000,BBG000BL79J3,0.0014463377,0.002197225,645422
20100317,11:00:00.000,BBG000BDG1Y1,-0.0092721805,-0.004192185,688570
20100317,11:00:00.000,BBG000D9DMK0,0.0008003906,0.0020664893,192140
20100317,11:00:00.000,BBG000BVPPM1,0.008650078,0.020093555,1911395
20100317,11:00:00.000,BBG000D3MB18,-0.009446553,-0.005755657,1274298
20100317,11:00:00.000,BBG000DGPR66,0.0077031553,0.012241615,183615
20100317,11:00:00.000,BBG000BLDV98,0.00035170824,-0.0023623402,677439
20100317,11:00:00.000,BBG000C6F3T8,0.0031637598,0.005912195,837824
20100317,11:00:00.000,BBG000BS0ZF1,0.00039070664,0.002457033,107226
20100317,11:00:00.000,BBG000DNTSP4,-0.0043187053,0.0026733105,454796
20100317,11:00:00.000,BBG000LL9LQ5,-0.0023693289,0.0047383513,704278
20100317,11:00:00.000,GEN_EQ0140919900001000,0.0012905891,0.0025350067,292713
20100317,11:00:00.000,BBG000QRSL13,-0.0048517343,0.0050379564,3383895
20100317,11:00:00.000,BBG000BRJ809,0.004838252,0.007893176,197274
20100317,11:00:00.000,BBG000D1QCF1,-0.015048718,-0.004814035,424508
20100317,11:00:00.000,BBG000BLCPY4,0.0066931807,0.007819919,335998
20100317,11:00:00.000,BBG000CNWNL6,0.0064185453,0.026096119,752322
20100317,11:00:00.000,BBG000DV7MX4,-0.011017336,0.0037106988,4089076
20100317,11:00:00.000,BBG000BP1152,-0.0135234,-0.007521139,1349560
20100317,11:00:00.000,BBG000BHCP19,-0.008808971,0.004938762,680160
20100317,11:00:00.000,BBG000BGKHZ3,-0.010963449,-0.0011216081,430842
20100317,11:00:00.000,BBG000BMB7R1,0.0040246802,0.0076113413,284394
20100317,11:00:00.000,BBG000BHLYS1,-0.0022243,-0.0013497047,353700
20100317,11:00:00.000,BBG000BKWSR6,0.016349155,0.029011365,9326275
20100317,11:00:00.000,BBG000JN9BQ6,0.012446299,0.0123577425,432021
20100317,11:00:00.000,BBG000BRZBT3,-0.0015341825,0.0025263678,802375
20100317,11:00:00.000,BBG000FBK808,0.010648166,0.018465267,3815352
20100317,11:00:00.000,BBG000BXRPH1,-0.009617747,-0.0016728931,472629
20100317,11:00:00.000,BBG000BQSQ38,-0.0023120812,0.006192797,393340
20100317,11:00:00.000,BBG000BVMPN3,0.011461233,0.024514707,360675
20100317,11:00:00.000,BBG000BGFLL5,-0.0024519817,0.010407864,595530
20100317,11:00:00.000,BBG000BJ98Z0,0.024738632,0.023829011,485302
20100317,11:00:00.000,BBG000NDZ417,-0.012325344,-0.007585078,477410
20100317,11:00:00.000,BBG000BKPL53,-0.003369045,-0.001904192,313770
20100317,11:00:00.000,BBG000BD0TF8,0.008984943,0.02158063,308443
20100317,11:00:00.000,BBG000BY2Y78,0.008988749,0.023947686,1327889
20100317,11:00:00.000,BBG000BPMH90,0.0021992333,0.011335696,520557
20100317,11:00:00.000,BBG000BBNYF6,0.012404019,0.018433925,543023
20100317,11:00:00.000,BBG000FJRZ68,-0.0064820917,-0.005601441,719113
20100317,11:00:00.000,BBG000FKJRC5,0.0016082491,0.0011031091,156469
20100317,11:00:00.000,BBG000CL9VN6,0.00018530372,0.0035386833,204697
20100317,11:00:00.000,BBG000BK6G19,-0.003371802,0.0006454422,353799
20100317,11:00:00.000,BBG000C23KJ3,-0.004443896,-0.00084255217,2616617
20100317,11:00:00.000,BBG000BB5BF6,-0.0099933045,-0.0036072342,885027
20100317,11:00:00.000,BBG000BK5DP1,-0.0034238729,2.3182223e-07,1247565
20100317,11:00:00.000,BBG000BJVZF7,0.00076476624,0.0007966693,315306
20100317,11:00:00.000,BBG000BN5HF7,-0.0061056986,0.0035791406,1122480
20100317,11:00:00.000,BBG000BL9439,-0.0010607246,0.00169044,377505
20100317,11:00:00.000,BBG000BJQWD2,0.0072901123,0.018631961,1228744
20100317,11:00:00.000,BBG000D8RG11,0.0010858496,0.0035530238,428061
20100317,11:00:00.000,BBG000BS9489,0.0065636924,0.009942847,305692
20100317,11:00:00.000,BBG000BH5DV1,-0.0022288016,0.0012991899,730825
20100317,11:00:00.000,BBG000BMKDM3,-0.001164436,-9.466823e-05,385967
20100317,11:00:00.000,BBG000C75N77,-0.008857225,0.0011934757,976892
20100317,11:00:00.000,BBG000BKXFN7,-0.009945802,-0.0067276377,1397374
20100317,11:00:00.000,BBG000BTCH57,-0.004149491,-0.0005422886,399226
20100317,11:00:00.000,BBG000BM7HL0,0.0076139,0.01689994,1015309
20100317,11:00:00.000,BBG000BNFLM9,-0.0058055473,-4.7832066e-07,870917
20100317,11:00:00.000,BBG000BBVCN6,0.006633566,0.0061140344,146642
20100317,11:00:00.000,BBG000LD9JQ8,-0.011223239,-0.0053650574,1579989
20100317,11:00:00.000,BBG000MDCQC2,-0.0021321839,-0.0021154035,706952
20100317,11:00:00.000,BBG000BLBXT4,-0.0060684816,-0.002824283,773129
20100317,11:00:00.000,BBG000BDXGP9,0.0037206826,0.003905562,598912
20100317,11:00:00.000,BBG000BR3KL6,0.006436318,0.011792456,306703
20100317,11:00:00.000,BBG000BX9WL1,0.045014065,0.0630772,4163064
20100317,11:00:00.000,BBG000BQ74K1,-0.00024841804,0.009678666,271023
20100317,11:00:00.000,BBG000BWSV34,0.0051245647,0.007946249,239489
20100317,11:00:00.000,BBG000BQZMH4,-0.001505612,0.0006431317,462623
20100317,11:00:00.000,GEN_EQ0010066700001000,-0.0032832702,-0.0025687783,529934
20100317,11:00:00.000,BBG000BQVTF5,-0.0029726564,0.0016771936,659810
20100317,11:00:00.000,BBG000LC1FS4,0.008578501,0.020370724,495444
20100317,11:00:00.000,GEN_EQ0010050500001000,-0.0055974256,0.0017865335,2429531
20100317,11:00:00.000,BBG000G3QLY3,0.00978385,0.013996282,294993
20100317,11:00:00.000,BBG000QBR5J5,-0.006480211,0.004576045,3928373
20100317,11:00:00.000,BBG000BTQR96,0.0076302574,0.010910053,654782
20100317,11:00:00.000,GEN_EQ0012661800001000,-0.007191868,-0.008825472,606721
20100317,11:00:00.000,BBG000CKJ0P3,0.0015128223,-0.00018703777,209467
20100317,11:00:00.000,BBG000HGYNZ9,-0.008838902,0.0016490298,1521621
20100317,11:00:00.000,BBG000BV7LP7,0.0058942945,0.010789274,927862
20100317,11:00:00.000,BBG000BBVK30,-0.010693265,-0.013450653,4381040
20100317,11:00:00.000,BBG000BFXHL6,-0.009050555,-0.0073820865,1121574
20100317,11:00:00.000,BBG000BGLRN3,0.002974426,0.0034457624,578915
20100317,11:00:00.000,BBG000C2V3D6,-0.008101315,0.0017950732,612880
20100317,11:00:00.000,BBG000BGVW60,0.0058268392,0.005763956,954514
20100317,11:00:00.000,BBG000BTVJ25,0.012488754,0.017112067,1226146
20100317,11:00:00.000,GEN_EQ0010020500001000,0.0034487986,0.011302118,969002
20100317,11:00:00.000,BBG000BHQ1H0,0.005862211,0.005004523,155008
20100317,11:00:00.000,BBG000BNC3Y9,0.02461785,0.04322633,3132561
20100317,11:00:00.000,BBG000BVVQQ8,-0.013182292,-0.0010311861,619089
20100317,11:00:00.000,GEN_EQ0010281900001000,0.00084001495,-0.00049401843,367519
20100317,11:00:00.000,BBG000C1FB75,-0.008158131,0.004370651,116505
20100317,11:00:00.000,BBG000BFTJ91,0.004397988,0.004195724,1405398
20100317,11:00:00.000,BBG000C1FQS9,-0.006361457,-0.003487774,194780
20100317,11:00:00.000,BBG000BSBZH7,-0.0014745992,-0.0039658938,683081
20100317,11:00:00.000,BBG000F15NW9,-0.011812483,-0.012010696,1628493
20100317,11:00:00.000,BBG000BPT0C6,0.013727548,0.01884501,591527
20100317,11:00:00.000,GEN_EQ0010145600001000,0.0016908125,-0.00054193946,419267
20100317,11:00:00.000,BBG000H89QJ6,0.0039693504,0.0022664983,287492
20100317,11:00:00.000,BBG000BR14K5,-0.0013371191,0.006443128,615545
20100317,11:00:00.000,BBG000BP6L99,0.0036871973,0.0053907884,10153398
20100317,11:00:00.000,BBG000BQWPC5,0.0014068285,0.0010393761,270306
20100317,11:00:00.000,BBG000BNNYW1,0.002249251,0.0038902415,477951
20100317,11:00:00.000,BBG000BJ3PD2,-0.00087810884,0.004022497,247536
20100317,11:00:00.000,BBG000PVRDL2,-0.0021478885,0.00630699,1894328
20100317,11:00:00.000,BBG000C2ZCH8,-0.0010909076,-0.0011925654,282035
20100317,11:00:00.000,BBG000TK7PB8,0.021162992,0.034703787,2828905
20100317,11:00:00.000,BBG000BB6M98,-0.0029880828,0.00011859661,377654
20100317,11:00:00.000,BBG000HW5GX3,0.007933668,0.013032666,517653
20100317,11:00:00.000,BBG000BLKK03,0.006393318,0.00031419843,332238
20100317,11:00:00.000,BBG000BCZYD3,0.0014418361,0.001329543,174351
20100317,11:00:00.000,BBG000CSY9H9,-0.013542509,-0.0074150073,381104
20100317,11:00:00.000,BBG000BB9KF2,-0.002236631,-0.00043162992,379600
20100317,11:00:00.000,BBG000BMQPL1,0.021465836,0.03638726,4999770
20100317,11:00:00.000,BBG000BMTFR4,-0.004863307,0.0025841317,1094888
20100317,11:00:00.000,BBG000H9G7X2,0.008134085,0.008877389,478590
20100317,11:00:00.000,BBG000BCNYT9,0.0014048837,0.002457961,565686
20100317,11:00:00.000,BBG000C0MF34,-0.0042450046,-0.0007073989,267693
20100317,11:00:00.000,BBG000BN2DC2,-0.011248616,-0.0031930371,363822
20100317,11:00:00.000,BBG000BN9WT5,-0.000889689,0.011060415,1764873
20100317,11:00:00.000,BBG000BQ5DS5,0.00125388,0.002448022,465987
20100317,11:00:00.000,BBG000BCGY17,-0.007724833,-0.005456875,443147
20100317,11:00:00.000,BBG000BB6G37,-0.0011453567,0.010994184,1156664
20100317,11:00:00.000,BBG000CHPY97,-0.019958653,-0.015702698,2121764
20100317,11:00:00.000,BBG000TWC2V5,-0.0029792734,-0.00450358,641949
20100317,11:00:00.000,GEN_EQ0117562400001000,-0.0027574338,-0.003713834,5133553
20100317,11:00:00.000,BBG000BP0KQ8,0.0008533533,0.008377194,1475214
20100317,11:00:00.000,BBG000BB5373,0.022801515,0.03087721,3205584
20100317,11:00:00.000,BBG000BM6788,-0.0041879443,0.0008399646,903679
20100317,11:00:00.000,BBG000BH3JF8,-0.0061521684,-0.0037818332,385326
20100317,11:00:00.000,GEN_EQ0085215200001000,0.003769798,0.010725261,2390418
20100317,11:00:00.000,BBG000BQ2C28,-2.6759999e-05,0.0030937148,370047
20100317,11:00:00.000,BBG000BX5ZF5,-0.013997741,-0.005943532,4135935
20100317,11:00:00.000,BBG000BMDV41,0.007159905,0.009468261,664848
20100317,11:00:00.000,GEN_EQ0010319800003000,-0.014431276,-0.018099261,1712700
20100317,11:00:00.000,BBG000BG14P4,0.00028005004,0.007332647,455008
20100317,11:00:00.000,BBG000GC80B4,,,803641
20100317,11:00:00.000,BBG000BB2DM7,-0.009675014,-0.0019266827,1989765
20100317,11:00:00.000,BBG000BWJFZ4,-0.0017765373,-0.002197327,713710
20100317,11:00:00.000,BBG000BHGDH5,-0.0012086679,-0.0006019846,1649436
20100317,11:00:00.000,BBG000BZ2GG4,-0.004852446,0.002840139,1006845
20100317,11:00:00.000,BBG000D898T9,0.0009690469,0.0014166762,736092
20100317,11:00:00.000,BBG000BMF5J0,-0.003130745,0.00016313522,713875
20100317,11:00:00.000,BBG000BKLH74,-0.007526436,-0.009448175,2235089
20100317,11:00:00.000,BBG000BGPTV6,-0.0019527931,-0.00016451541,948624
20100317,11:00:00.000,BBG000BH3GZ2,0.0046006367,0.0138166705,1202384
20100317,11:00:00.000,BBG000BVWLJ6,-0.00636267,0.0024159697,516444
20100317,11:00:00.000,BBG000C496P7,-0.011234191,-0.0060958657,2840747
20100317,11:00:00.000,BBG000JG0547,-0.00016803062,0.00440773,624434
20100317,11:00:00.000,BBG000DYGNW7,0.00423457,0.004648474,317744
20100317,11:00:00.000,BBG000BNJHS8,-0.0033941688,-0.0068310252,2633405
20100317,11:00:00.000,BBG000BPQD31,-0.00055067573,-0.00045284734,785774
20100317,11:00:00.000,BBG000BT9DW0,-0.00036313207,-0.00030084598,617590
20100317,11:00:00.000,BBG000BB2KW0,-0.008321138,-0.008194218,346834
20100317,11:00:00.000,BBG000BK67C7,0.006180031,0.0054251165,441713
20100317,11:00:00.000,BBG000DHSPT0,0.0020386828,0.0033522574,587522
20100317,11:00:00.000,BBG000BFMBQ6,0.00019483702,-0.007721239,655951
20100317,11:00:00.000,BBG000B9WJ73,-0.002165977,0.011532481,2838821
20100317,11:00:00.000,BBG000FVXD63,-0.013705058,-0.0073128487,778986
20100317,11:00:00.000,BBG000B9XYV2,-0.0033819028,-0.0046293843,924060
20100317,11:00:00.000,BBG000BMBL90,0.0058815,0.009709571,1260118
20100317,11:00:00.000,BBG000BB1TH9,-0.004621955,0.0065396745,325827
20100317,11:00:00.000,BBG000BVMGF2,-0.0028963508,0.008060468,1461237
20100317,11:00:00.000,BBG000BSD7C2,0.00019161534,0.00043958033,441650
20100317,11:00:00.000,BBG000J5Q6L2,-0.020963794,-0.0048291767,2664814
20100317,11:00:00.000,BBG000BC4JJ4,-0.0065859486,-0.0043422543,375006
20100317,11:00:00.000,BBG000BM5SR2,0.015986485,0.039440326,5014142
20100317,11:00:00.000,BBG000BJPDZ1,-0.0023843693,-0.0024601305,102842
20100317,11:00:00.000,BBG000BZTW70,-0.0054639406,-0.0034029698,1249143
20100317,11:00:00.000,BBG000C5HS04,0.0019516083,0.0030542635,528235
20100317,11:00:00.000,BBG000M65M61,-0.017713549,-0.018826067,3691844
20100317,11:00:00.000,BBG000BY29C7,0.005477133,0.008460079,544865
20100317,11:00:00.000,BBG000BB6WG8,0.003029915,0.0069951825,1322602
20100317,11:00:00.000,GEN_EQ0010172300001000,-0.0063244924,-0.007327535,367384
20100317,11:00:00.000,BBG000C2BXK4,0.004206655,0.013023881,15542763
20100317,11:00:00.000,BBG000BBBNC6,-0.004853982,0.014146924,520665
20100317,11:00:00.000,BBG000PM7GJ0,0.015278743,0.02752622,1286609
20100317,11:00:00.000,BBG000Q3JN03,0.010410458,0.026648775,9278388
20100317,11:00:00.000,BBG000C0LW92,-0.013823021,-0.009880155,23268212
20100317,11:00:00.000,BBG000BF1R66,0.008772404,0.015880303,647471
20100317,11:00:00.000,BBG000NSQ9M0,-0.012534294,-0.0048997714,2865548
20100317,11:00:00.000,BBG000FQ6PY6,-0.03934467,-0.035655927,5694954
20100317,11:00:00.000,BBG000BWVCP8,-0.009453543,0.0012984044,1482318
20100317,11:00:00.000,BBG000BJSBJ0,-0.0016040914,0.00073111855,238524
20100317,11:00:00.000,BBG000BLM0V1,,,645128
20100317,11:00:00.000,BBG000BMY992,0.001106096,0.0044856076,1430177
20100317,11:00:00.000,BBG000BVDLH9,0.006091786,0.007675005,470644
20100317,11:00:00.000,BBG000C0F570,0.0028276767,0.014108248,1873045
20100317,11:00:00.000,BBG000BBQCY0,0.011259356,0.02131013,8253410
20100317,11:00:00.000,GEN_EQ0000000001064567,0.0056169094,0.008476601,517296
20100317,11:00:00.000,BBG000BKCFC2,-0.003932746,-0.00402578,340928
20100317,11:00:00.000,BBG000CGQ6M4,0.007467086,0.008068768,418582
20100317,11:00:00.000,BBG000C17X76,-0.0056496644,-0.006862611,463251
20100317,11:00:00.000,BBG000DTMH63,,,1210596
20100317,11:00:00.000,BBG000R7Z112,0.0012062821,-0.00077077886,2488693
20100317,11:00:00.000,BBG000BBMSJ6,-0.0054205675,0.005902388,2219849
20100317,11:00:00.000,BBG000BY33P5,-0.0002054854,0.003950779,892787
20100317,11:00:00.000,BBG000BV8DN6,0.0046773218,0.0025457584,588755
20100317,11:00:00.000,GEN_EQ0010135600001000,0.004508626,0.012848326,1713595
20100317,11:00:00.000,BBG000JN8R00,0.001621083,0.011184251,629205
20100317,11:00:00.000,BBG000K14Q84,-0.01862401,-0.013233786,797883
20100317,11:00:00.000,BBG000BBDV81,0.002374848,0.011708622,522147
20100317,11:00:00.000,BBG000BMW2Z0,0.0021300826,-0.00041288853,732449
20100317,11:00:00.000,BBG000DLVDK3,-0.0032157172,0.003594717,807173
20100317,11:00:00.000,BBG000CKVSG8,0.0037087416,0.013955643,1622092
20100317,11:00:00.000,BBG000G0Z878,0.029511204,0.04624719,8530261
20100317,11:00:00.000,BBG000BGJRC8,-0.0009179738,0.0004850258,594985
20100317,11:00:00.000,BBG000BL8GJ6,-0.016892605,-0.003630613,2561072
20100317,11:00:00.000,BBG000HCJMF9,-0.0018436963,0.014372422,697936
20100317,11:00:00.000,BBG000BB6KF5,-0.0003216678,0.014525819,1554282
20100317,11:00:00.000,BBG000BYYLS8,-0.00407616,0.006015699,1500653
20100317,11:00:00.000,BBG000FJLFX8,-0.0024880476,-0.008131096,1069848
20100317,11:00:00.000,BBG000D9D830,0.0028330155,0.010474937,931007
20100317,11:00:00.000,BBG000BHX7N2,-0.0023226466,0.004003829,567904
20100317,11:00:00.000,BBG000CTQBF3,-0.006487258,0.0043534404,2413890
20100317,11:00:00.000,BBG000BBD070,0.0032952079,0.01370073,839231
20100317,11:00:00.000,BBG000BH2JM1,-0.011728761,-0.0075253127,3516983
20100317,11:00:00.000,BBG000CS7CT9,7.9160396e-05,0.00018148783,902154
20100317,11:00:00.000,BBG000BFL116,-0.011530735,-0.0029488637,256385
20100317,11:00:00.000,BBG000BFC8J2,0.014723947,0.014007209,1069367
20100317,11:00:00.000,BBG000C15T95,-0.0070558595,-0.009081291,396036
20100317,11:00:00.000,BBG000FP1N32,-0.0012494848,0.0067834645,1432792
20100317,11:00:00.000,BBG000JWD753,-0.007775911,-0.00049852714,16687310
20100317,11:00:00.000,BBG000BWNFZ9,0.014412637,0.022806695,2427992
20100317,11:00:00.000,BBG000BSLZY7,-0.010198536,-0.00054124044,3326690
20100317,11:00:00.000,BBG000BCBCM7,0.0005689738,-0.0021150522,1690229
20100317,11:00:00.000,BBG000BBGGQ1,-0.0029801207,0.006807639,3096916
20100317,11:00:00.000,BBG000BCWCG1,0.0009782547,0.008090286,1391248
20100317,11:00:00.000,BBG000BLBVN4,-0.0049490174,-0.00016553528,176155
20100317,11:00:00.000,BBG000C46HM9,-0.013462303,-0.012924104,1887730
20100317,11:00:00.000,BBG000BTKGG8,0.0072003314,0.022116601,1609082
20100317,11:00:00.000,GEN_EQ0010059600001000,0.042825427,0.05601985,4552759
20100317,11:00:00.000,BBG000C8H633,0.002664865,0.012628262,1560134
20100317,11:00:00.000,BBG000BTR593,-0.0057300474,-0.00093916565,1512515
20100317,11:00:00.000,GEN_EQ0000000000158587,0.0025598297,0.003434262,569103
20100317,11:00:00.000,BBG000F6H8W8,-0.0002982374,0.0041872105,854916
20100317,11:00:00.000,BBG000BFQYY3,-0.0039407937,-0.0065613026,793150
20100317,11:00:00.000,BBG000BNBDC2,0.0017833303,0.00027616383,1072620
20100317,11:00:00.000,BBG000BSJTT0,0.0026777748,0.013446181,1262657
20100317,11:00:00.000,BBG000BJL3N0,0.0012392666,0.012663067,2916147
20100317,11:00:00.000,BBG000BYWTX7,-0.013273436,-0.0024506405,5572687
20100317,11:00:00.000,BBG000BD8PN9,-0.0016932818,0.007937752,1394248
20100317,11:00:00.000,BBG000BHLYP4,-0.004929149,0.0056148553,78897
20100317,11:00:00.000,BBG000C1BW00,0.0020668828,0.002719221,528658
20100317,11:00:00.000,BBG000J6XT05,-0.006103481,-0.0017633891,719013
20100317,11:00:00.000,BBG000BJX8C8,-0.0034744157,0.0077090277,953082
20100317,11:00:00.000,BBG000BCVJ77,0.003894587,0.0024966036,545848
20100317,11:00:00.000,BBG000BZ9223,-0.0053227507,-0.0021240183,631757
20100317,11:00:00.000,BBG000H556T9,-0.0052776085,-0.00046532424,1140165
20100317,11:00:00.000,BBG000BJF1Z8,0.008308509,0.011507113,1268917
20100317,11:00:00.000,BBG000BB5006,0.014774758,0.019991241,3268382
20100317,11:00:00.000,BBG000F0KF42,,,4047282
20100317,11:00:00.000,BBG000BKFBD7,0.0037503976,0.01697349,1175076
20100317,11:00:00.000,BBG000BFDXW1,-0.0075044404,0.0031342967,1165498
20100317,11:00:00.000,BBG000BW3299,0.00033663574,-6.871611e-05,1103971
20100317,11:00:00.000,BBG000F0PF65,0.0024564518,0.006761618,1332541
20100317,11:00:00.000,BBG000BNWG87,-0.0057525826,-0.0057642283,1487622
20100317,11:00:00.000,BBG000BH13K9,0.003401109,0.006680277,1329110
20100317,11:00:00.000,BBG000BH1NH9,0.0018800682,0.0041561956,639410
20100317,11:00:00.000,BBG000DY8ZS4,-0.008471094,0.0011459622,4106228
20100317,11:00:00.000,BBG000BP8Z50,-0.017966729,-0.010847667,6521534
20100317,11:00:00.000,BBG000BJ81C1,0.0036110815,0.009079796,926400
20100317,11:00:00.000,BBG000BBVJZ8,-0.0098510925,-0.0065681646,2136282
20100317,11:00:00.000,BBG000BQ8KV2,-0.021228977,-0.012475637,2267365
20100317,11:00:00.000,BBG000BGKTF9,-0.017052783,-0.002476679,1363234
20100317,11:00:00.000,BBG000BFRF55,0.0009916335,0.014868735,1840673
20100317,11:00:00.000,BBG000BRK7L6,0.0043674847,0.013590162,4084772
20100317,11:00:00.000,BBG000BWLMJ4,-0.0065161707,-0.0014486089,1434886
20100317,11:00:00.000,BBG000BD4VG8,0.003282344,0.012543154,1267633
20100317,11:00:00.000,BBG000FW00S1,0.0073130396,0.019260531,2580432
20100317,11:00:00.000,BBG000BBJQV0,0.007827466,0.02083872,5506149
20100317,11:00:00.000,BBG000C5Z1S3,-0.0020575929,0.013705161,7349099
20100317,11:00:00.000,BBG000BC40Y8,0.012059693,0.017884579,1221689
20100317,11:00:00.000,BBG000DWYF03,-0.00017753491,0.0021389455,2711054
20100317,11:00:00.000,BBG000BRD0D8,0.007222276,0.019120524,2039504
20100317,11:00:00.000,BBG000H8TVT2,-0.0015126083,-0.0037421824,536853
20100317,11:00:00.000,BBG000BP6LJ8,-0.0015548086,-0.0019664622,2711373
20100317,11:00:00.000,BBG000BKFZM4,0.015417962,0.021638991,6109699
20100317,11:00:00.000,BBG000BHBK84,-0.0033231433,0.0013124574,2079903
20100317,11:00:00.000,BBG000FG3C43,-0.010342384,-0.0007384675,1837788
20100317,11:00:00.000,BBG000BH23R1,0.010530583,0.0174645,9334474
20100317,11:00:00.000,BBG000F1ZSQ2,-0.017118836,-0.007935548,319048
20100317,11:00:00.000,BBG000GFFQN9,0.001547495,0.0116099445,4456164
20100317,11:00:00.000,BBG000BNDN65,0.0015076743,0.0067902985,3842073
20100317,11:00:00.000,BBG000C43RR5,0.0010348406,0.010076263,4011799
20100317,11:00:00.000,BBG000BP52R2,-0.0011352504,0.00471483,969433
20100317,11:00:00.000,BBG000BBPFB9,-0.0032977327,0.0032113509,9853645
20100317,11:00:00.000,BBG000BC2C10,0.006008748,0.009847434,550631
20100317,11:00:00.000,BBG000BFT2L4,0.001677252,0.0011426326,3222534
20100317,11:00:00.000,BBG000L9CV04,0.00408437,0.0058449893,1473536
20100317,11:00:00.000,BBG000FL1TC8,-0.0075448686,-0.010233752,1832386
20100317,11:00:00.000,BBG000FFDM15,-0.012689863,-0.003064625,2989838
20100317,11:00:00.000,BBG000BH4R78,0.000116059346,-0.000296631,1542779
20100317,11:00:00.000,BBG000B9ZXB4,-0.003311897,-0.007129078,2193740
20100317,11:00:00.000,BBG000BGRY34,-0.0018358267,-0.00028612596,1544272
20100317,11:00:00.000,BBG000G2R6M0,-0.0036913531,0.0034959165,2178607
20100317,11:00:00.000,BBG000BCSST7,0.002923717,0.0017460488,1876650
20100317,11:00:00.000,BBG000BVV7G1,-0.0034563118,0.0077032233,3954312
20100317,11:00:00.000,BBG000BW8S60,-0.0031252103,-0.0022093237,888397
20100317,11:00:00.000,BBG000BL4504,-0.011213604,-0.0047219894,4928769
20100317,11:00:00.000,BBG000DQLV23,-0.0036438399,-0.0069244527,3725923
20100317,11:00:00.000,BBG000BBS2Y0,-0.002108131,-0.0061815954,1293053
20100317,11:00:00.000,BBG000BHVJJ3,-0.010196546,-0.0037282985,6279177
20100317,11:00:00.000,BBG000J2XL74,0.004983558,0.0076107155,1161792
20100317,11:00:00.000,BBG000CH5208,-0.014917969,-0.020868143,3601510
20100317,11:00:00.000,BBG000BCQZS4,-0.0044043004,0.003912016,1762389
20100317,11:00:00.000,BBG000BFWKC0,0.008141215,0.0063839895,2380379
20100317,11:00:00.000,BBG000BCG930,0.0015634713,-0.007830295,2278070
20100317,11:00:00.000,BBG000PSKYX7,-0.00079151185,0.005296048,944765
20100317,11:00:00.000,BBG000BPWXK1,-0.0054785055,0.00068196206,1786894
20100317,11:00:00.000,BBG000BWXBC2,-0.003477994,-0.0030355942,4152141
20100317,11:00:00.000,BBG000BQQ2S6,0.0039598825,0.0078317905,1210694
20100317,11:00:00.000,BBG000BH5LT6,-0.00091701513,-0.0021416165,1665007
20100317,11:00:00.000,BBG000DWG505,0.0016563952,0.0012159772,957983
20100317,11:00:00.000,BBG000BF0K17,0.001538293,0.004204817,1468580
20100317,11:00:00.000,BBG000BKTFN2,0.013131055,0.020179426,4732739
20100317,11:00:00.000,BBG000BB07P9,0.0015611569,0.007487919,2460718
20100317,11:00:00.000,BBG000BNSZP1,-0.005078433,0.0009090996,1106416
20100317,11:00:00.000,BBG000BKZB36,-0.0021359806,0.0015367449,3437667
20100317,11:00:00.000,BBG000CKGBP2,-0.0043643625,-0.0077935606,1782069
20100317,11:00:00.000,BBG000DH7JK6,0.0013317242,0.0033296081,1434841
20100317,11:00:00.000,BBG000D4LWF6,-0.003793113,-0.004041016,2529933
20100317,11:00:00.000,BBG000BQQH30,0.008649861,0.01264716,3284828
20100317,11:00:00.000,BBG000B9WH86,0.03687165,0.05001774,26109780
20100317,11:00:00.000,BBG000BQLTW7,0.01591769,0.0174502,8601798
20100317,11:00:00.000,BBG000HS77T5,0.004343876,0.004008721,4964951
20100317,11:00:00.000,GEN_EQ0011904200001000,0.009387961,0.012215965,6708994
20100317,11:00:00.000,BBG000BLZRJ2,-0.002095757,0.007921891,3378851
20100317,11:00:00.000,BBG000BMX289,-0.0009490939,0.0011176277,2526396
20100317,11:00:00.000,BBG000BPD168,0.00031330745,-0.0034265935,2395053
20100317,11:00:00.000,BBG000BT41Q8,0.006405643,0.013502918,4325455
20100317,11:00:00.000,BBG000BMHYD1,0.0030879588,0.00046533035,2425654
20100317,11:00:00.000,BBG000BR2TH3,0.0068020606,0.0037773633,2186500
20100317,11:00:00.000,BBG000KHWT55,-0.0013184618,0.0043931515,4140065
20100317,11:00:00.000,BBG000BTZQC4,-0.004081463,-0.004060924,1870306
20100317,11:00:00.000,BBG000BSJK37,0.0039980547,0.0023209727,3921336
20100317,11:00:00.000,BBG000BLNNH6,-0.0056453706,-0.0017490571,1472259
20100317,11:00:00.000,BBG000K4ND22,0.0058572446,0.010811775,3265963
20100317,11:00:00.000,BBG000BX3TD3,-0.011358192,0.0022385172,4651656
20100317,11:00:00.000,BBG000CR90K4,0.0019634152,0.0014642938,2861647
20100317,11:00:00.000,BBG000BVPV84,0.002194148,0.004287998,1359916
20100317,11:00:00.000,BBG000CGC1X8,-0.0059325113,-0.0038476542,5574845
20100317,11:00:00.000,BBG000BR2B91,0.0013139453,-0.0005792731,17159980
20100317,11:00:00.000,BBG000BQPC32,0.01293655,0.009640074,20497546
20100317,11:00:00.000,BBG000BK6MB5,-0.0022157321,0.006638831,64456220
20100317,11:00:00.000,BBG000C3J3C9,0.005593924,0.0061170156,8927136
20100317,11:00:00.000,BBG000C0G1D1,0.0018565727,0.010906011,28115712
20100317,11:00:00.000,BBG000BWQFY7,-0.00487375,0.0046226936,8131343
20100317,11:00:00.000,BBG000BJDB15,-0.00544714,0.00292132,3529339
20100317,11:00:00.000,BBG000BPH459,0.007359613,0.010212118,15674737
20100317,11:00:00.000,BBG000C6CFJ5,0.002778806,0.008516529,2369603
20100317,11:00:00.000,BBG000DMBXR2,0.0030958476,0.012264068,9737670
20100317,11:00:00.000,BBG000BHSKN9,-0.0012244827,0.006165615,677039
20100317,11:00:00.000,BBG000GZQ728,0.0041226186,0.011857792,11418389
20100317,11:00:00.000,BBG000BCTLF6,-0.0028401408,0.0088005215,36523652
20100317,11:00:00.000,BBG000B9XRY4,0.0014285094,0.006613505,4454426
20100317,11:15:00.000,GEN_EQ0021071400001000,-0.007986972,3.061719e-07,655948
20100317,11:15:00.000,GEN_EQ0096849600001000,-0.009374046,0.008749106,311798
20100317,11:15:00.000,BBG000BJ49H3,0.004148613,0.0052412124,218898
20100317,11:15:00.000,BBG000BMFD58,-0.0006926158,0.008512591,3989487
20100317,11:15:00.000,BBG000BFVXX0,-0.008784205,-0.005712533,386878
20100317,11:15:00.000,BBG000CHWP52,0.0033318985,0.0061676926,330192
20100317,11:15:00.000,BBG000BT9T73,0.08997586,0.104901075,19110968
20100317,11:15:00.000,BBG000BCQ4P6,0.003963572,0.01027738,334512
20100317,11:15:00.000,BBG000BMLWX8,0.018802708,0.024480555,717954
20100317,11:15:00.000,BBG000BP7JB0,-0.006082184,0.0017581406,1067641
20100317,11:15:00.000,BBG000BNW1S8,-0.0138183925,0.0021404582,447004
20100317,11:15:00.000,BBG000MQ1SN9,0.0009642477,8.0650345e-05,356386
20100317,11:15:00.000,BBG000BVB8Q0,-0.007469134,-0.0010919293,542611
20100317,11:15:00.000,BBG000BSC0K9,-0.0021484864,-0.0013215619,221791
20100317,11:15:00.000,BBG000C7LMS8,0.006748021,0.010371058,146849
20100317,11:15:00.000,BBG000BB5792,0.010974842,0.018495165,693155
20100317,11:15:00.000,BBG000BFDLV8,0.014902734,0.020272175,189016
20100317,11:15:00.000,BBG000BTLMX5,0.0027394118,0.009799024,304827
20100317,11:15:00.000,BBG000CQB185,0.023154223,0.03172394,532374
20100317,11:15:00.000,BBG000BKVJK4,0.0072950437,0.007532435,333056
20100317,11:15:00.000,BBG000BQC9V2,0.014062203,0.019349102,2031332
20100317,11:15:00.000,BBG000CC53X1,0.0040764995,0.00857716,220739
20100317,11:15:00.000,BBG000C45984,-0.0018428264,0.002526296,404957
20100317,11:15:00.000,BBG000BJNGN9,-0.00411212,0.006781755,920576
20100317,11:15:00.000,BBG000FQRVM3,0.0053945,0.0054536727,245727
20100317,11:15:00.000,BBG000D2M0Z7,-0.0028306518,0.0019260363,139709
20100317,11:15:00.000,BBG000K82ZT8,-0.0049379882,-0.0015925963,346829
20100317,11:15:00.000,BBG000BF5RY1,0.0041008145,0.006221478,2874139
20100317,11:15:00.000,BBG000BNMHS4,-0.0053269514,0.0035274008,353095
20100317,11:15:00.000,BBG000CPHYL4,0.00259944,0.0034932792,3569591
20100317,11:15:00.000,GEN_EQ0000000000852052,0.0031597472,0.015424899,443222
20100317,11:15:00.000,BBG000BCHG15,0.01388953,0.020484569,244254
20100317,11:15:00.000,BBG000BNNKG9,0.0063451338,0.013711958,654319
20100317,11:15:00.000,BBG000DR22B6,-0.008321148,0.0012284593,957896
20100317,11:15:00.000,BBG000BHK836,-0.006418149,0.003733379,353085
20100317,11:15:00.000,BBG000BV4DR6,0.011358228,0.024470279,1273536
20100317,11:15:00.000,BBG000BC9938,-0.012225994,-0.0049042823,313518
20100317,11:15:00.000,BBG000DSMS70,-0.0062320153,-0.005731834,214225
20100317,11:15:00.000,BBG000BWCKB6,0.002953927,0.005572751,180688
20100317,11:15:00.000,BBG000BP5YT0,-0.014170843,0.00130462,2192503
20100317,11:15:00.000,BBG000BGYWY6,0.0049287253,0.011314006,444311
20100317,11:15:00.000,GEN_EQ0010580600001000,0.009432636,0.016067347,601573
20100317,11:15:00.000,BBG000BFJ645,0.0126712965,0.010854664,1132511
20100317,11:15:00.000,BBG000PV2L86,-0.001600267,0.00083117734,563371
20100317,11:15:00.000,BBG000BXBHJ4,-0.010692449,-0.0020957424,312779
20100317,11:15:00.000,BBG000BB29X4,0.0024995157,0.0050414293,387451
20100317,11:15:00.000,BBG000BBBP59,-0.001939002,0.0029331625,149350
20100317,11:15:00.000,BBG000BVHBM1,-0.0032052665,0.0024438272,640430
20100317,11:15:00.000,BBG000BWGYF8,0.016059125,0.042356513,959250
20100317,11:15:00.000,BBG000BBL8V7,0.012303333,0.023118066,998219
20100317,11:15:00.000,BBG000BPNP00,-0.004815546,0.009252192,444897
20100317,11:15:00.000,BBG000RGM5P1,,,356154
20100317,11:15:00.000,BBG000FKYVH4,0.0077366456,0.01502608,268306
20100317,11:15:00.000,BBG000BGXZB5,0.010734748,0.008950017,1450568
20100317,11:15:00.000,BBG000BTQ9G8,0.005150646,0.008075934,853676
20100317,11:15:00.000,BBG000BCTQ65,0.003361112,0.0046958243,391041
20100317,11:15:00.000,BBG000BK2F42,0.0046886425,0.011907574,595381
20100317,11:15:00.000,BBG000F7RCJ1,-0.0041691223,0.0033092757,196029
20100317,11:15:00.000,BBG000C2YHG9,-0.00382037,-0.0046416153,509033
20100317,11:15:00.000,BBG000BRJL00,0.0008978883,0.0055339066,620129
20100317,11:15:00.000,BBG000BQT4L6,-0.0044508404,0.0038574075,584924
20100317,11:15:00.000,BBG000FDBX90,-0.00022941225,0.0013843185,605157
20100317,11:15:00.000,BBG000BKR1D6,-0.0014447018,0.0051961895,111418
20100317,11:15:00.000,GEN_EQ0010003600001000,-0.0037559352,0.0008486759,271388
20100317,11:15:00.000,BBG000BPXVJ6,-0.0020532466,-0.0017324528,659476
20100317,11:15:00.000,BBG000BN84F3,0.0060894783,0.006318461,257435
20100317,11:15:00.000,BBG000DSZTN6,0.0059330664,0.016209854,525101
20100317,11:15:00.000,BBG000BBCDZ2,-0.004408556,0.0028908998,215253
20100317,11:15:00.000,BBG000PQ6YJ3,-0.015694605,-0.007843828,99022
20100317,11:15:00.000,BBG000HQ7GC7,-0.008778467,0.0004540265,499577
20100317,11:15:00.000,BBG000BC15S7,-0.0047712103,0.00250766,359053
20100317,11:15:00.000,BBG000PX3XC0,-0.0035563316,0.00689072,206730
20100317,11:15:00.000,BBG000BSXQV7,0.0032891314,0.008378353,164569
20100317,11:15:00.000,BBG000BP1Q11,-0.0040627145,-0.0033949474,178576
20100317,11:15:00.000,GEN_EQ0010206100001000,-0.021545082,-0.023596168,2463018
20100317,11:15:00.000,BBG000C3GN47,4.8412807e-05,0.0075326413,300522
20100317,11:15:00.000,BBG000BN7277,-0.002746534,0.0044189445,867378
20100317,11:15:00.000,BBG000C3NTN5,0.008021875,0.00938752,841171
20100317,11:15:00.000,BBG000DWB323,-0.00082254526,0.012067048,1078757
20100317,11:15:00.000,BBG000BR1W32,-0.007639451,0.00522246,537798
20100317,11:15:00.000,BBG000BF2KK4,-0.0056260764,0.0016895012,541483
20100317,11:15:00.000,BBG000BNBPQ0,0.00951921,0.026289085,537661
20100317,11:15:00.000,BBG000BWXL85,-0.0035413955,0.0004901528,456058
20100317,11:15:00.000,GEN_EQ0010624300001000,0.001576017,0.0019763948,576400
20100317,11:15:00.000,BBG000JBN3X6,0.0053993757,-2.8300892e-07,2237498
20100317,11:15:00.000,BBG000BFNR17,0.008465217,0.018175345,614466
20100317,11:15:00.000,BBG000CXYSZ6,0.015744852,0.017349947,284253
20100317,11:15:00.000,BBG000FV1Z23,-0.012197833,-0.011302441,641062
20100317,11:15:00.000,GEN_EQ0010548100001000,0.013509744,0.030056247,2651628
20100317,11:15:00.000,GEN_EQ0010141600001000,0.0023621127,0.013053265,769981
20100317,11:15:00.000,BBG000BW2QX0,0.006671998,0.019838473,1233810
20100317,11:15:00.000,BBG000C1S2X2,0.00020424653,-0.0029740802,302196
20100317,11:15:00.000,BBG000BVXPZ8,0.0050780196,0.012473569,1192367
20100317,11:15:00.000,BBG000B9ZV28,0.0007506401,0.0043868544,94015
20100317,11:15:00.000,BBG000CPQZ77,-0.0027059978,0.0040799533,311939
20100317,11:15:00.000,BBG000BGD7W6,-0.0033406059,3.6055948e-07,752942
20100317,11:15:00.000,GEN_EQ0010168800001000,-0.011694574,-0.009096919,9014284
20100317,11:15:00.000,BBG000D9KWL9,-0.0015355059,0.009457241,110945
20100317,11:15:00.000,BBG000BR37X2,0.023440283,0.03339411,2868909
20100317,11:15:00.000,BBG000BR54L0,0.0028513677,0.013163644,1463719
20100317,11:15:00.000,BBG000BLHRS2,-0.005257635,-0.0031034844,380527
20100317,11:15:00.000,BBG000BX3BL3,-0.013577772,0.004029963,311356
20100317,11:15:00.000,BBG000BL5W86,0.0032132524,0.01914683,3582022
20100317,11:15:00.000,BBG000BJKPG0,0.0018118707,0.00967693,333595
20100317,11:15:00.000,BBG000BCYP43,0.0032841028,0.004806601,155984
20100317,11:15:00.000,BBG000MBDGM6,0.009025653,0.020762209,123424
20100317,11:15:00.000,BBG000CGT2S4,-0.009705293,-0.001965565,324761
20100317,11:15:00.000,BBG000BMFFQ0,-0.0008137884,0.01386867,422655
20100317,11:15:00.000,BBG000BWVSR1,0.00072506035,0.0019172586,338640
20100317,11:15:00.000,BBG000FL0BC8,-0.008636777,-0.0015525154,1158092
20100317,11:15:00.000,BBG000F86GP6,-0.010386468,-0.0013934461,247229
20100317,11:15:00.000,BBG000BHB3M6,0.0031595128,0.010134556,199735
20100317,11:15:00.000,BBG000BDWKC5,-0.00078429823,0.0049513276,901437
20100317,11:15:00.000,BBG000BJDPC2,0.016417094,0.015953787,914579
20100317,11:15:00.000,BBG000BP4MH0,-0.0063055144,4.078735e-08,1004839
20100317,11:15:00.000,BBG000C9W1Y1,,,1412156
20100317,11:15:00.000,BBG000BKSL41,0.00010076297,0.007974156,782325
20100317,11:15:00.000,BBG000CVWGS6,0.008110503,0.01203273,4863298
20100317,11:15:00.000,BBG000F80SZ5,0.018736713,0.027669057,3009185
20100317,11:15:00.000,BBG000DKCC19,0.0029013073,0.0033950566,810485
20100317,11:15:00.000,GEN_EQ0010091900001000,0.018860959,0.019453868,199668
20100317,11:15:00.000,BBG000BG7986,0.009779037,0.007026116,714745
20100317,11:15:00.000,BBG000D7RKJ5,2.6288217e-06,0.0037809003,429691
20100317,11:15:00.000,BBG000KLB4Q1,0.013930574,0.026794903,1301928
20100317,11:15:00.000,BBG000DQTXY6,-0.0044938787,0.0030661416,699081
20100317,11:15:00.000,BBG000BFS7D3,0.0054210383,0.0036735816,943830
20100317,11:15:00.000,BBG000BV75B7,-0.007727752,-0.013444625,690081
20100317,11:15:00.000,BBG000C2PW58,0.049012996,0.060696404,374628
20100317,11:15:00.000,BBG000BKZTP3,-0.013225734,-0.0031776265,1602808
20100317,11:15:00.000,BBG000CFJL87,-0.0011836812,-0.004524026,502281
20100317,11:15:00.000,BBG000QY3XZ2,-0.004340983,0.003953502,1170567
20100317,11:15:00.000,BBG000BJ5GK2,-0.0040053423,0.002266456,348583
20100317,11:15:00.000,BBG000Q0BPZ4,0.023700273,0.035827674,2827160
20100317,11:15:00.000,BBG000NSCNT7,0.004890705,0.02608556,1349623
20100317,11:15:00.000,GEN_EQ0010104800001000,0.003971242,0.012877168,1865836
20100317,11:15:00.000,BBG000G8N9C6,-0.005078655,-0.004660486,438433
20100317,11:15:00.000,BBG000BHKYH4,-0.0049395943,-0.00011440387,362598
20100317,11:15:00.000,BBG000BK1FD3,-0.013630274,0.0017961949,947230
20100317,11:15:00.000,BBG000BT4T69,0.0020236946,0.0028522403,1964632
20100317,11:15:00.000,GEN_EQ0011591100001000,-0.0007417142,0.004240712,674632
20100317,11:15:00.000,BBG000FFH4P5,-0.0024773413,0.0048944512,222409
20100317,11:15:00.000,BBG000BGRKT6,0.0077345627,0.0075289444,221336
20100317,11:15:00.000,BBG000DN7P92,0.0022628037,0.004419719,341412
20100317,11:15:00.000,BBG000M4SW14,-0.005844309,0.0013708456,281670
20100317,11:15:00.000,BBG000BNGTQ7,-0.00027105858,-0.0012131911,1486620
20100317,11:15:00.000,BBG000BL79J3,-0.0015171783,-0.0009612027,760321
20100317,11:15:00.000,BBG000BDG1Y1,-0.00548745,-0.0003812598,754208
20100317,11:15:00.000,BBG000D9DMK0,0.0021532867,0.0035997923,217521
20100317,11:15:00.000,BBG000BVPPM1,0.010564175,0.022246322,2105185
20100317,11:15:00.000,BBG000D3MB18,-0.010000611,-0.006331392,1455957
20100317,11:15:00.000,BBG000DGPR66,0.0081911925,0.012241535,204415
20100317,11:15:00.000,BBG000BLDV98,0.0009605477,-0.0017719833,745633
20100317,11:15:00.000,BBG000C6F3T8,0.0043614963,0.007685762,1011505
20100317,11:15:00.000,BBG000BS0ZF1,0.00065652095,0.0032558183,118781
20100317,11:15:00.000,BBG000DNTSP4,-0.0043782685,0.0035644919,487291
20100317,11:15:00.000,BBG000LL9LQ5,-0.004256384,0.002707881,772810
20100317,11:15:00.000,GEN_EQ0140919900001000,0.0004128025,0.0017746617,435126
20100317,11:15:00.000,BBG000QRSL13,-0.005901799,0.0050379564,3616305
20100317,11:15:00.000,BBG000BRJ809,0.0047742208,0.007661041,211926
20100317,11:15:00.000,BBG000D1QCF1,-0.013774193,-0.0016571499,459816
20100317,11:15:00.000,BBG000BLCPY4,0.0062766927,0.008308896,375198
20100317,11:15:00.000,BBG000CNWNL6,0.0070827785,0.026535848,899224
20100317,11:15:00.000,BBG000DV7MX4,-0.013245436,0.0012370727,4419781
20100317,11:15:00.000,BBG000BP1152,-0.014355263,-0.008147882,1617697
20100317,11:15:00.000,BBG000BHCP19,-0.007937841,0.005997049,815182
20100317,11:15:00.000,BBG000BGKHZ3,-0.011485427,-0.00074771076,450985
20100317,11:15:00.000,BBG000BMB7R1,0.004432328,0.0077055674,316219
20100317,11:15:00.000,BBG000BHLYS1,-0.0016728735,-0.00033749687,399551
20100317,11:15:00.000,BBG000BKWSR6,0.016533367,0.030824516,9839913
20100317,11:15:00.000,BBG000JN9BQ6,0.013207832,0.015199902,516932
20100317,11:15:00.000,BBG000BRZBT3,0.0007302333,0.005776001,877846
20100317,11:15:00.000,BBG000FBK808,0.010271453,0.01973868,4262045
20100317,11:15:00.000,BBG000BXRPH1,-0.00815177,0.0014871976,516608
20100317,11:15:00.000,BBG000BQSQ38,-0.0033924612,0.005573333,497912
20100317,11:15:00.000,BBG000BVMPN3,0.011054318,0.02451476,402244
20100317,11:15:00.000,BBG000BGFLL5,-0.0012363084,0.011795471,715899
20100317,11:15:00.000,BBG000BJ98Z0,0.022148874,0.020797456,528550
20100317,11:15:00.000,BBG000NDZ417,-0.014066447,-0.0077426755,526610
20100317,11:15:00.000,BBG000BKPL53,-0.0050573805,-0.0031159539,353456
20100317,11:15:00.000,BBG000BD0TF8,0.0075181765,0.020524617,340889
20100317,11:15:00.000,BBG000BY2Y78,0.009348613,0.024431508,1498305
20100317,11:15:00.000,BBG000BPMH90,0.0028486946,0.01298118,577808
20100317,11:15:00.000,BBG000BBNYF6,0.011957727,0.017377244,599502
20100317,11:15:00.000,BBG000FJRZ68,-0.0074130967,-0.0054316116,823241
20100317,11:15:00.000,BBG000FKJRC5,0.0024498475,0.0023636392,199172
20100317,11:15:00.000,BBG000CL9VN6,0.0013213092,0.0053786114,230397
20100317,11:15:00.000,BBG000BK6G19,-0.0041595683,0.0017521984,406028
20100317,11:15:00.000,BBG000C23KJ3,-0.005665533,-0.0008426493,2817233
20100317,11:15:00.000,BBG000BB5BF6,-0.01142146,-0.0046378486,1033299
20100317,11:15:00.000,BBG000BK5DP1,-2.4463521e-05,0.0042670825,1373723
20100317,11:15:00.000,BBG000BJVZF7,0.0019067376,0.0014338554,351690
20100317,11:15:00.000,BBG000BN5HF7,-0.0056127454,0.0047721746,1230322
20100317,11:15:00.000,BBG000BL9439,-0.0019518363,0.0006339869,408846
20100317,11:15:00.000,BBG000BJQWD2,0.0056145396,0.017368818,1321447
20100317,11:15:00.000,BBG000D8RG11,0.0003627046,0.0035529993,527054
20100317,11:15:00.000,BBG000BS9489,0.007819286,0.010962658,360993
20100317,11:15:00.000,BBG000BH5DV1,-0.0020463422,0.0012991192,773387
20100317,11:15:00.000,BBG000BMKDM3,-0.0011779285,-0.0002839896,450233
20100317,11:15:00.000,BBG000C75N77,-0.005603806,0.004906687,1035639
20100317,11:15:00.000,BBG000BKXFN7,-0.015309398,-0.010763991,1705750
20100317,11:15:00.000,BBG000BTCH57,-0.0039894064,0.0016275987,436147
20100317,11:15:00.000,BBG000BM7HL0,0.00644768,0.016217083,1053909
20100317,11:15:00.000,BBG000BNFLM9,-0.00694358,-3.244649e-07,951277
20100317,11:15:00.000,BBG000BBVCN6,0.003464555,0.0029697148,169915
20100317,11:15:00.000,BBG000LD9JQ8,-0.0082565565,-0.0020371985,1676140
20100317,11:15:00.000,BBG000MDCQC2,-0.0027826717,-0.0028205013,837923
20100317,11:15:00.000,BBG000BLBXT4,-0.0060425107,-0.002235924,874943
20100317,11:15:00.000,BBG000BDXGP9,0.003111762,0.0031245362,647084
20100317,11:15:00.000,BBG000BR3KL6,0.003742771,0.009309751,381261
20100317,11:15:00.000,BBG000BX9WL1,0.035329513,0.054066066,4752466
20100317,11:15:00.000,BBG000BQ74K1,-0.0001107601,0.0102265095,297080
20100317,11:15:00.000,BBG000BWSV34,0.0051537594,0.007889409,290519
20100317,11:15:00.000,BBG000BQZMH4,-0.0027303947,-0.0006423225,545939
20100317,11:15:00.000,GEN_EQ0010066700001000,-0.0058609424,-0.0063181454,587069
20100317,11:15:00.000,BBG000BQVTF5,-0.0047681853,0.0014375083,723047
20100317,11:15:00.000,BBG000LC1FS4,0.009836764,0.021340748,534375
20100317,11:15:00.000,GEN_EQ0010050500001000,-0.0061480836,0.001786533,2809241
20100317,11:15:00.000,BBG000G3QLY3,0.011688319,0.015817048,358801
20100317,11:15:00.000,BBG000QBR5J5,-0.0042732847,0.0071914317,4193145
20100317,11:15:00.000,BBG000BTQR96,0.010003618,0.014200471,728602
20100317,11:15:00.000,GEN_EQ0012661800001000,-0.014709245,-0.015602384,810575
20100317,11:15:00.000,BBG000CKJ0P3,0.0025487908,0.0003743476,234177
20100317,11:15:00.000,BBG000HGYNZ9,-0.0070320144,0.0021988845,1607704
20100317,11:15:00.000,BBG000BV7LP7,0.0058456575,0.01078931,1053582
20100317,11:15:00.000,BBG000BBVK30,-0.007324549,-0.009312155,4865745
20100317,11:15:00.000,BBG000BFXHL6,-0.010395111,-0.0092074815,1183660
20100317,11:15:00.000,BBG000BGLRN3,0.003397962,0.0034458826,720840
20100317,11:15:00.000,BBG000C2V3D6,-0.006454719,0.0041891756,683116
20100317,11:15:00.000,BBG000BGVW60,0.0059047663,0.0067663933,1141896
20100317,11:15:00.000,BBG000BTVJ25,0.011520273,0.016413612,1326948
20100317,11:15:00.000,GEN_EQ0010020500001000,0.003921124,0.013910478,1057796
20100317,11:15:00.000,BBG000BHQ1H0,0.005193884,0.0037335157,184137
20100317,11:15:00.000,BBG000BNC3Y9,0.027064309,0.044983424,3298317
20100317,11:15:00.000,BBG000BVVQQ8,-0.008309938,0.005662773,713186
20100317,11:15:00.000,GEN_EQ0010281900001000,0.00021663631,-0.0016238228,448978
20100317,11:15:00.000,BBG000C1FB75,-0.0040253247,0.00933966,146634
20100317,11:15:00.000,BBG000BFTJ91,0.003870657,0.0029970123,1683162
20100317,11:15:00.000,BBG000C1FQS9,-0.004128862,-0.0008719524,230264
20100317,11:15:00.000,BBG000BSBZH7,-0.0043233614,-0.007101552,733757
20100317,11:15:00.000,BBG000F15NW9,-0.012722932,-0.012753767,1783160
20100317,11:15:00.000,BBG000BPT0C6,0.017783426,0.02472122,675367
20100317,11:15:00.000,GEN_EQ0010145600001000,0.0024211688,-0.00054191437,453885
20100317,11:15:00.000,BBG000H89QJ6,0.0016969034,-0.0005148971,319782
20100317,11:15:00.000,BBG000BR14K5,7.4269396e-05,0.008200337,679616
20100317,11:15:00.000,BBG000BP6L99,0.006827836,0.008984631,11067304
20100317,11:15:00.000,BBG000BQWPC5,0.0019134537,0.0026591532,321148
20100317,11:15:00.000,BBG000BNNYW1,0.0049892697,0.0069162524,523668
20100317,11:15:00.000,BBG000BJ3PD2,0.0018663384,0.007039126,293780
20100317,11:15:00.000,BBG000PVRDL2,-0.00091135537,0.0075682714,2123100
20100317,11:15:00.000,BBG000C2ZCH8,-0.0025553307,-0.0026830386,328622
20100317,11:15:00.000,BBG000TK7PB8,0.024599519,0.039872162,3069375
20100317,11:15:00.000,BBG000BB6M98,-0.003325423,-6.7641117e-06,423152
20100317,11:15:00.000,BBG000HW5GX3,0.0063344417,0.012621048,568524
20100317,11:15:00.000,BBG000BLKK03,0.0043465337,-0.002203111,360095
20100317,11:15:00.000,BBG000BCZYD3,0.0018857489,0.0017091515,185415
20100317,11:15:00.000,BBG000CSY9H9,-0.014875966,-0.008110124,416681
20100317,11:15:00.000,BBG000BB9KF2,-0.001428088,0.00043128812,414046
20100317,11:15:00.000,BBG000BMQPL1,0.020260569,0.035087686,6248428
20100317,11:15:00.000,BBG000BMTFR4,-0.0057662246,0.0029287238,1194112
20100317,11:15:00.000,BBG000H9G7X2,0.00855837,0.009105032,540481
20100317,11:15:00.000,BBG000BCNYT9,0.0008911687,0.0018413258,608440
20100317,11:15:00.000,BBG000C0MF34,-0.0042134216,-0.0011236465,290353
20100317,11:15:00.000,BBG000BN2DC2,-0.010635227,-0.0029322451,392422
20100317,11:15:00.000,BBG000BN9WT5,-0.00074789464,0.011411716,2009731
20100317,11:15:00.000,BBG000BQ5DS5,0.0008624476,0.0017225854,506476
20100317,11:15:00.000,BBG000BCGY17,-0.007143585,-0.0050021517,474585
20100317,11:15:00.000,BBG000BB6G37,-0.0026489273,0.009661513,1282112
20100317,11:15:00.000,BBG000CHPY97,-0.01858825,-0.013286859,2369799
20100317,11:15:00.000,BBG000TWC2V5,-0.003380249,-0.004895197,720465
20100317,11:15:00.000,GEN_EQ0117562400001000,-0.0056121615,-0.005570748,5549255
20100317,11:15:00.000,BBG000BP0KQ8,0.0015079486,0.009494262,1623927
20100317,11:15:00.000,BBG000BB5373,0.021593446,0.03025986,3503055
20100317,11:15:00.000,BBG000BM6788,-0.004826276,0.000840097,980755
20100317,11:15:00.000,BBG000BH3JF8,-0.007533202,-0.004935739,499666
20100317,11:15:00.000,GEN_EQ0085215200001000,0.002386687,0.010725233,2564354
20100317,11:15:00.000,BBG000BQ2C28,0.00029527702,0.0027844799,393234
20100317,11:15:00.000,BBG000BX5ZF5,-0.016445734,-0.007924529,4651226
20100317,11:15:00.000,BBG000BMDV41,0.007380751,0.010099285,720672
20100317,11:15:00.000,GEN_EQ0010319800003000,-0.011885219,-0.015513456,1816991
20100317,11:15:00.000,BBG000BG14P4,-0.0006231122,0.0068389536,530045
20100317,11:15:00.000,BBG000GC80B4,,,1013672
20100317,11:15:00.000,BBG000BB2DM7,-0.010776325,-0.0033030258,2211100
20100317,11:15:00.000,BBG000BWJFZ4,-0.00085350603,-0.0014124343,758940
20100317,11:15:00.000,BBG000BHGDH5,-0.0005215139,1.2318379e-08,2192513
20100317,11:15:00.000,BBG000BZ2GG4,-0.003066444,0.0063619115,1095023
20100317,11:15:00.000,BBG000D898T9,0.0011916396,0.001700016,787410
20100317,11:15:00.000,BBG000BMF5J0,-0.0036848623,0.00048876274,802029
20100317,11:15:00.000,BBG000BKLH74,-0.0072922837,-0.009448162,2498260
20100317,11:15:00.000,BBG000BGPTV6,-0.00026588663,0.003376669,1014649
20100317,11:15:00.000,BBG000BH3GZ2,0.004087266,0.012222382,1337738
20100317,11:15:00.000,BBG000BVWLJ6,-0.006803717,0.0030869693,601898
20100317,11:15:00.000,BBG000C496P7,-0.0118106315,-0.0067730783,2925703
20100317,11:15:00.000,BBG000JG0547,0.0027281751,0.0073464066,748253
20100317,11:15:00.000,BBG000DYGNW7,0.0050843577,0.0054640654,366307
20100317,11:15:00.000,BBG000BNJHS8,-0.004849181,-0.0075900774,2827759
20100317,11:15:00.000,BBG000BPQD31,2.8125054e-05,-9.466585e-08,823153
20100317,11:15:00.000,BBG000BT9DW0,6.168858e-05,0.00030109906,683411
20100317,11:15:00.000,BBG000BB2KW0,-0.011250347,-0.010745178,392646
20100317,11:15:00.000,BBG000BK67C7,0.0070787505,0.005289312,491406
20100317,11:15:00.000,BBG000DHSPT0,0.0010072633,0.0023944653,647453
20100317,11:15:00.000,BBG000BFMBQ6,-0.0016841854,-0.009865781,695363
20100317,11:15:00.000,BBG000B9WJ73,0.0071304715,0.022295559,3185061
20100317,11:15:00.000,BBG000FVXD63,-0.01232167,-0.0041505313,979198
20100317,11:15:00.000,BBG000B9XYV2,-0.0063116015,-0.005758378,1105819
20100317,11:15:00.000,BBG000BMBL90,0.0110165905,0.015056894,1474862
20100317,11:15:00.000,BBG000BB1TH9,-0.0038430837,0.0073026028,351592
20100317,11:15:00.000,BBG000BVMGF2,-0.0037034568,0.007415624,1557808
20100317,11:15:00.000,BBG000BSD7C2,0.0003773256,-0.00017632698,478134
20100317,11:15:00.000,BBG000J5Q6L2,-0.015218002,0.0012075141,2894492
20100317,11:15:00.000,BBG000BC4JJ4,-0.008066658,-0.006079118,447852
20100317,11:15:00.000,BBG000BM5SR2,0.018545639,0.042595547,5271526
20100317,11:15:00.000,BBG000BJPDZ1,-0.0032882825,-0.0029521326,117860
20100317,11:15:00.000,BBG000BZTW70,-0.0072218287,-0.003856607,1465274
20100317,11:15:00.000,BBG000C5HS04,0.0022234414,0.0036935846,582869
20100317,11:15:00.000,BBG000M65M61,-0.014997731,-0.014862665,4114924
20100317,11:15:00.000,BBG000BY29C7,0.005426819,0.009253312,599509
20100317,11:15:00.000,BBG000BB6WG8,0.005338225,0.009095755,1418039
20100317,11:15:00.000,GEN_EQ0010172300001000,-0.0059878007,-0.007502062,401866
20100317,11:15:00.000,BBG000C2BXK4,0.0046216445,0.014651899,16119616
20100317,11:15:00.000,BBG000BBBNC6,-0.0054598083,0.013588166,587191
20100317,11:15:00.000,BBG000PM7GJ0,0.01942279,0.03297296,1433592
20100317,11:15:00.000,BBG000Q3JN03,0.004987172,0.021319106,10270232
20100317,11:15:00.000,BBG000C0LW92,-0.016870873,-0.012703016,24979868
20100317,11:15:00.000,BBG000BF1R66,0.009181838,0.016679132,713394
20100317,11:15:00.000,BBG000NSQ9M0,-0.014006044,-0.0068595544,3456049
20100317,11:15:00.000,BBG000FQ6PY6,-0.03877463,-0.035043012,6350100
20100317,11:15:00.000,BBG000BWVCP8,-0.012316373,-0.0006483166,1668005
20100317,11:15:00.000,BBG000BJSBJ0,-0.0025859962,0.00010437062,291622
20100317,11:15:00.000,BBG000BLM0V1,,,706287
20100317,11:15:00.000,BBG000BMY992,0.00052799965,0.0040369206,1956303
20100317,11:15:00.000,BBG000BVDLH9,0.005573487,0.006766109,549488
20100317,11:15:00.000,BBG000C0F570,0.002527459,0.014108369,2000804
20100317,11:15:00.000,BBG000BBQCY0,0.009016075,0.019179022,8482230
20100317,11:15:00.000,GEN_EQ0000000001064567,0.0059588687,0.011198384,568969
20100317,11:15:00.000,BBG000BKCFC2,-0.00504922,-0.005390489,380337
20100317,11:15:00.000,BBG000CGQ6M4,0.007452709,0.007448075,461734
20100317,11:15:00.000,BBG000C17X76,-0.006666822,-0.00853639,499610
20100317,11:15:00.000,BBG000DTMH63,,,1317744
20100317,11:15:00.000,BBG000R7Z112,-1.7279426e-05,-0.0007708421,2878970
20100317,11:15:00.000,BBG000BBMSJ6,-0.0048560044,0.006689241,2407381
20100317,11:15:00.000,BBG000BY33P5,-0.00095410435,0.0036214013,1013135
20100317,11:15:00.000,BBG000BV8DN6,0.0033410727,0.0008100974,693004
20100317,11:15:00.000,GEN_EQ0010135600001000,0.004001004,0.014200731,1877268
20100317,11:15:00.000,BBG000JN8R00,0.0039816243,0.01511811,709813
20100317,11:15:00.000,BBG000K14Q84,-0.013007699,-0.0056220186,899054
20100317,11:15:00.000,BBG000BBDV81,0.0010102285,0.010928047,576636
20100317,11:15:00.000,BBG000BMW2Z0,0.0021362829,-0.0001649038,828036
20100317,11:15:00.000,BBG000DLVDK3,-0.003331526,0.0031767292,886323
20100317,11:15:00.000,BBG000CKVSG8,0.0029966282,0.014879209,1719990
20100317,11:15:00.000,BBG000G0Z878,0.031872552,0.04844936,9041905
20100317,11:15:00.000,BBG000BGJRC8,0.0007419088,0.0017452162,636061
20100317,11:15:00.000,BBG000BL8GJ6,-0.017994175,-0.005339125,2799047
20100317,11:15:00.000,BBG000HCJMF9,-0.0029538316,0.013057684,825861
20100317,11:15:00.000,BBG000BB6KF5,-0.0008504425,0.013354414,1695521
20100317,11:15:00.000,BBG000BYYLS8,-0.0020167565,0.008231996,1663844
20100317,11:15:00.000,BBG000FJLFX8,-0.0041382457,-0.01032025,1122168
20100317,11:15:00.000,BBG000D9D830,0.005975159,0.014045906,1083697
20100317,11:15:00.000,BBG000BHX7N2,-0.0025021413,0.0041064383,621291
20100317,11:15:00.000,BBG000CTQBF3,-0.007979366,0.0023744653,2589597
20100317,11:15:00.000,BBG000BBD070,0.004361093,0.015727343,891692
20100317,11:15:00.000,BBG000BH2JM1,-0.016555728,-0.01215652,4258228
20100317,11:15:00.000,BBG000CS7CT9,-0.00085333595,0.00045418236,1001194
20100317,11:15:00.000,BBG000BFL116,-0.011344829,-0.002298443,286890
20100317,11:15:00.000,BBG000BFC8J2,0.014272399,0.012574481,1167697
20100317,11:15:00.000,BBG000C15T95,-0.0058778473,-0.008128112,438572
20100317,11:15:00.000,BBG000FP1N32,-0.0029630908,0.0058789756,1628253
20100317,11:15:00.000,BBG000JWD753,-0.0069922577,0.000997409,17909336
20100317,11:15:00.000,BBG000BWNFZ9,0.019777475,0.028767532,2869088
20100317,11:15:00.000,BBG000BSLZY7,-0.011232297,-0.0010828938,3830578
20100317,11:15:00.000,BBG000BCBCM7,-0.0006117491,-0.0025380116,1947384
20100317,11:15:00.000,BBG000BBGGQ1,0.00130587,0.01167043,3863316
20100317,11:15:00.000,BBG000BCWCG1,0.0032684316,0.0106183225,1588102
20100317,11:15:00.000,BBG000BLBVN4,-0.004746528,0.00035149182,197198
20100317,11:15:00.000,BBG000C46HM9,-0.01221474,-0.010615956,2330504
20100317,11:15:00.000,BBG000BTKGG8,0.01220158,0.027417302,1969217
20100317,11:15:00.000,GEN_EQ0010059600001000,0.04357575,0.058407985,4940419
20100317,11:15:00.000,BBG000C8H633,0.0033005143,0.013575402,1772929
20100317,11:15:00.000,BBG000BTR593,-0.0038618671,0.0025831608,1668941
20100317,11:15:00.000,GEN_EQ0000000000158587,0.0037089267,0.004527184,635335
20100317,11:15:00.000,BBG000F6H8W8,0.0009518074,0.005582837,933159
20100317,11:15:00.000,BBG000BFQYY3,-0.0039642784,-0.006502149,857057
20100317,11:15:00.000,BBG000BNBDC2,0.0022910815,-1.6141936e-07,1608036
20100317,11:15:00.000,BBG000BSJTT0,0.0034036913,0.015646249,1455514
20100317,11:15:00.000,BBG000BJL3N0,-0.00050904776,0.011918394,3389620
20100317,11:15:00.000,BBG000BYWTX7,-0.015367605,-0.0044110236,5946490
20100317,11:15:00.000,BBG000BD8PN9,-0.0012495344,0.008599086,1578039
20100317,11:15:00.000,BBG000BHLYP4,-0.0053544324,0.0053764125,83697
20100317,11:15:00.000,BBG000C1BW00,0.001707214,0.0016549784,606655
20100317,11:15:00.000,BBG000J6XT05,-0.0063741733,-0.0017633013,854667
20100317,11:15:00.000,BBG000BJX8C8,-0.0014551,0.011223294,1042723
20100317,11:15:00.000,BBG000BCVJ77,0.008492965,0.00714635,658126
20100317,11:15:00.000,BBG000BZ9223,-0.0049303225,-0.00036273815,729353
20100317,11:15:00.000,BBG000H556T9,-0.004312343,-5.5417328e-08,1239880
20100317,11:15:00.000,BBG000BJF1Z8,0.0077016335,0.012353233,1427265
20100317,11:15:00.000,BBG000BB5006,0.010816679,0.016278502,3536370
20100317,11:15:00.000,BBG000F0KF42,,,4379348
20100317,11:15:00.000,BBG000BKFBD7,0.004009209,0.018304834,1320992
20100317,11:15:00.000,BBG000BFDXW1,-0.006261352,0.0046268427,1255038
20100317,11:15:00.000,BBG000BW3299,0.0015467188,0.0006801677,1297305
20100317,11:15:00.000,BBG000F0PF65,0.0017567426,0.0057955943,1450772
20100317,11:15:00.000,BBG000BNWG87,-0.0050257873,-0.0048772884,1623385
20100317,11:15:00.000,BBG000BH13K9,0.0026748767,0.0055667623,1472942
20100317,11:15:00.000,BBG000BH1NH9,0.00069547375,0.004325873,724661
20100317,11:15:00.000,BBG000DY8ZS4,-0.010822207,0.0005731788,4935812
20100317,11:15:00.000,BBG000BP8Z50,-0.019437328,-0.012203644,6955314
20100317,11:15:00.000,BBG000BJ81C1,0.0022701842,0.007944863,1045564
20100317,11:15:00.000,BBG000BBVJZ8,-0.007204348,-0.0026571343,2583803
20100317,11:15:00.000,BBG000BQ8KV2,-0.020775298,-0.012584007,2501264
20100317,11:15:00.000,BBG000BGKTF9,-0.014139391,0.00074319844,1604672
20100317,11:15:00.000,BBG000BFRF55,-0.00027588438,0.012755457,2014871
20100317,11:15:00.000,BBG000BRK7L6,0.0044952678,0.014560982,4419272
20100317,11:15:00.000,BBG000BWLMJ4,-0.007227787,-0.0020280934,1560118
20100317,11:15:00.000,BBG000BD4VG8,0.0044985753,0.015580876,1405367
20100317,11:15:00.000,BBG000FW00S1,0.008919764,0.022333954,2797590
20100317,11:15:00.000,BBG000BBJQV0,0.00726801,0.020275654,5907142
20100317,11:15:00.000,BBG000C5Z1S3,0.0016546681,0.017620934,8593803
20100317,11:15:00.000,BBG000BC40Y8,0.010793603,0.01809346,1549019
20100317,11:15:00.000,BBG000DWYF03,-0.0013391811,0.00071292697,3076599
20100317,11:15:00.000,BBG000BRD0D8,0.008874741,0.020827882,2202138
20100317,11:15:00.000,BBG000H8TVT2,-0.0045233,-0.0056133405,634140
20100317,11:15:00.000,BBG000BP6LJ8,-0.00231259,-0.0024580068,2885345
20100317,11:15:00.000,BBG000BKFZM4,0.015760433,0.022180172,6620544
20100317,11:15:00.000,BBG000BHBK84,-0.002878204,0.0019687484,2296758
20100317,11:15:00.000,BBG000FG3C43,-0.011997378,-0.00162441,2049251
20100317,11:15:00.000,BBG000BH23R1,0.011456674,0.01956023,10561184
20100317,11:15:00.000,BBG000F1ZSQ2,-0.017574083,-0.008376588,357447
20100317,11:15:00.000,BBG000GFFQN9,-0.00023606281,0.010998898,4600446
20100317,11:15:00.000,BBG000BNDN65,0.0012799094,0.0067902715,4049195
20100317,11:15:00.000,BBG000C43RR5,0.0024267144,0.01231542,4408778
20100317,11:15:00.000,BBG000BP52R2,-0.0021919217,0.0046535423,1139423
20100317,11:15:00.000,BBG000BBPFB9,-0.0033530525,0.0040142923,10430905
20100317,11:15:00.000,BBG000BC2C10,0.007711734,0.01309794,656337
20100317,11:15:00.000,BBG000BFT2L4,0.00045729312,-0.00057126395,3479155
20100317,11:15:00.000,BBG000L9CV04,0.00704009,0.010329359,1640354
20100317,11:15:00.000,BBG000FL1TC8,-0.0075914063,-0.010521989,2026846
20100317,11:15:00.000,BBG000FFDM15,-0.012979936,-0.0022985174,3349143
20100317,11:15:00.000,BBG000BH4R78,-0.0003098739,-0.0011859647,1853335
20100317,11:15:00.000,BBG000B9ZXB4,-0.0016679227,-0.00621508,2366373
20100317,11:15:00.000,BBG000BGRY34,-0.0009342773,0.0005724488,1805946
20100317,11:15:00.000,BBG000G2R6M0,-0.0036141232,0.0032461025,2448384
20100317,11:15:00.000,BBG000BCSST7,0.0021675373,4.538643e-07,2047616
20100317,11:15:00.000,BBG000BVV7G1,-0.003517626,0.007703205,4193511
20100317,11:15:00.000,BBG000BW8S60,-0.0028567968,-0.0024855263,1143172
20100317,11:15:00.000,BBG000BL4504,-0.0131196985,-0.0051156064,5304095
20100317,11:15:00.000,BBG000DQLV23,-0.0024353908,-0.006539656,4329216
20100317,11:15:00.000,BBG000BBS2Y0,-0.0017143323,-0.0063555776,1387870
20100317,11:15:00.000,BBG000BHVJJ3,-0.010197789,-0.003195697,6955201
20100317,11:15:00.000,BBG000J2XL74,0.006919877,0.009757266,1388661
20100317,11:15:00.000,BBG000CH5208,-0.01415019,-0.02026321,3894183
20100317,11:15:00.000,BBG000BCQZS4,-0.002860646,0.006112186,2096158
20100317,11:15:00.000,BBG000BFWKC0,0.009010741,0.006314392,2625442
20100317,11:15:00.000,BBG000BCG930,0.002218939,-0.0076687676,2464476
20100317,11:15:00.000,BBG000PSKYX7,-0.00042382453,0.0062242276,1073001
20100317,11:15:00.000,BBG000BPWXK1,-0.0061828247,9.7323405e-05,1919159
20100317,11:15:00.000,BBG000BWXBC2,-0.0025982007,-0.002321206,4448750
20100317,11:15:00.000,BBG000BQQ2S6,0.0042349254,0.008864046,1352818
20100317,11:15:00.000,BBG000BH5LT6,-0.0011563291,-0.0015048595,1806203
20100317,11:15:00.000,BBG000DWG505,0.001276869,0.00085121935,1058691
20100317,11:15:00.000,BBG000BF0K17,0.0005583362,0.0047093774,1602195
20100317,11:15:00.000,BBG000BKTFN2,0.014818294,0.023647895,5125340
20100317,11:15:00.000,BBG000BB07P9,0.0020438726,0.0077375313,2762317
20100317,11:15:00.000,BBG000BNSZP1,-0.0050113704,2.435007e-07,1316182
20100317,11:15:00.000,BBG000BKZB36,-0.0026842835,0.0012294063,3828740
20100317,11:15:00.000,BBG000CKGBP2,-0.004637939,-0.008846704,2053665
20100317,11:15:00.000,BBG000DH7JK6,0.0016602379,0.003632519,1592884
20100317,11:15:00.000,BBG000D4LWF6,-0.003468677,-0.004040962,3139195
20100317,11:15:00.000,BBG000BQQH30,0.007450552,0.012263904,3550088
20100317,11:15:00.000,BBG000B9WH86,0.0357623,0.047842834,28371500
20100317,11:15:00.000,BBG000BQLTW7,0.014924311,0.016260395,10164510
20100317,11:15:00.000,BBG000HS77T5,0.0044563604,0.0040088324,5273807
20100317,11:15:00.000,GEN_EQ0011904200001000,0.008027909,0.012215866,7147368
20100317,11:15:00.000,BBG000BLZRJ2,-0.005608107,0.0046210517,3873488
20100317,11:15:00.000,BBG000BMX289,-0.0016577576,0.00074524456,2780977
20100317,11:15:00.000,BBG000BPD168,-0.0023938897,-0.0071170856,2811175
20100317,11:15:00.000,BBG000BT41Q8,0.005597671,0.014189392,4667753
20100317,11:15:00.000,BBG000BMHYD1,0.004317073,0.0010853747,2732154
20100317,11:15:00.000,BBG000BR2TH3,0.007538727,0.004564375,2364180
20100317,11:15:00.000,BBG000KHWT55,-0.0013265909,0.00458416,4562813
20100317,11:15:00.000,BBG000BTZQC4,-0.005164442,-0.0055592554,2065373
20100317,11:15:00.000,BBG000BSJK37,0.0034535034,0.0019341668,4364935
20100317,11:15:00.000,BBG000BLNNH6,-0.005922525,-0.0020213039,1594793
20100317,11:15:00.000,BBG000K4ND22,0.0054415823,0.011217299,3688518
20100317,11:15:00.000,BBG000BX3TD3,-0.013260196,-0.0007197116,5141602
20100317,11:15:00.000,BBG000CR90K4,0.00048605568,-1.2090713e-07,3042308
20100317,11:15:00.000,BBG000BVPV84,0.0015505904,0.0041360897,1438251
20100317,11:15:00.000,BBG000CGC1X8,-0.006294106,-0.0039757467,6215105
20100317,11:15:00.000,BBG000BR2B91,0.0015356762,-0.0011585925,17869748
20100317,11:15:00.000,BBG000BQPC32,0.012384144,0.01038154,23055366
20100317,11:15:00.000,BBG000BK6MB5,-0.0010339281,0.008298309,67576696
20100317,11:15:00.000,BBG000C3J3C9,0.0054578953,0.0061169392,9954601
20100317,11:15:00.000,BBG000C0G1D1,0.0024959245,0.0113605745,30559092
20100317,11:15:00.000,BBG000BWQFY7,-0.00522521,0.0042926474,9169824
20100317,11:15:00.000,BBG000BJDB15,-0.0063829185,0.0023735862,3840559
20100317,11:15:00.000,BBG000BPH459,0.007335661,0.010211905,16721564
20100317,11:15:00.000,BBG000C6CFJ5,0.0023447245,0.0084596295,2637762
20100317,11:15:00.000,BBG000DMBXR2,0.0052044983,0.014578077,10731890
20100317,11:15:00.000,BBG000BHSKN9,-0.0001752399,0.007846303,801622
20100317,11:15:00.000,BBG000GZQ728,0.003591823,0.011707673,12215470
20100317,11:15:00.000,BBG000BCTLF6,-0.0019388389,0.010560645,43196200
20100317,11:15:00.000,BBG000B9XRY4,0.0007612457,0.0060791126,4768002
20100317,11:30:00.000,GEN_EQ0021071400001000,-0.0113116475,-0.002888967,717378
20100317,11:30:00.000,GEN_EQ0096849600001000,-0.00934694,0.010737554,334138
20100317,11:30:00.000,BBG000BJ49H3,0.0018961418,0.0033596365,272299
20100317,11:30:00.000,BBG000BMFD58,-0.002096976,0.007448528,4127938
20100317,11:30:00.000,BBG000BFVXX0,-0.009114685,-0.0050778138,435861
20100317,11:30:00.000,BBG000CHWP52,0.0021989867,0.006167708,354654
20100317,11:30:00.000,BBG000BT9T73,0.07976423,0.0980223,20498358
20100317,11:30:00.000,BBG000BCQ4P6,0.002064475,0.009396564,383792
20100317,11:30:00.000,BBG000BMLWX8,0.015566304,0.021064933,822992
20100317,11:30:00.000,BBG000BP7JB0,-0.002951351,0.007032742,1270624
20100317,11:30:00.000,BBG000BNW1S8,-0.013995983,0.0021404838,524900
20100317,11:30:00.000,BBG000MQ1SN9,0.0037921832,0.0039891084,377846
20100317,11:30:00.000,BBG000BVB8Q0,-0.007823664,-0.0016380266,596452
20100317,11:30:00.000,BBG000BSC0K9,-0.0044831443,-0.001409632,249382
20100317,11:30:00.000,BBG000C7LMS8,0.0078680655,0.01243919,165635
20100317,11:30:00.000,BBG000BB5792,0.009031806,0.018334337,723788
20100317,11:30:00.000,BBG000BFDLV8,0.015572001,0.021382188,218909
20100317,11:30:00.000,BBG000BTLMX5,0.003484166,0.010824522,368735
20100317,11:30:00.000,BBG000CQB185,0.022530895,0.031490553,590067
20100317,11:30:00.000,BBG000BKVJK4,0.0063975644,0.0075324257,363262
20100317,11:30:00.000,BBG000BQC9V2,0.0155162765,0.022573803,2157594
20100317,11:30:00.000,BBG000CC53X1,0.0071282433,0.013874817,374981
20100317,11:30:00.000,BBG000C45984,-0.003193404,0.0022602822,468142
20100317,11:30:00.000,BBG000BJNGN9,-0.0007364056,0.011867868,992628
20100317,11:30:00.000,BBG000FQRVM3,0.0049063014,0.0058377613,285586
20100317,11:30:00.000,BBG000D2M0Z7,-0.0042265086,0.0013757278,159329
20100317,11:30:00.000,BBG000K82ZT8,-0.0038633437,-0.00014404458,391876
20100317,11:30:00.000,BBG000BF5RY1,0.004421538,0.0065875812,3083608
20100317,11:30:00.000,BBG000BNMHS4,-0.004233439,0.0055922205,363994
20100317,11:30:00.000,BBG000CPHYL4,0.011177213,0.013973657,3878225
20100317,11:30:00.000,GEN_EQ0000000000852052,0.00399486,0.018701022,491949
20100317,11:30:00.000,BBG000BCHG15,0.014260081,0.022303248,264945
20100317,11:30:00.000,BBG000BNNKG9,0.0067702355,0.015670804,837847
20100317,11:30:00.000,BBG000DR22B6,-0.010375642,0.00040935402,1013766
20100317,11:30:00.000,BBG000BHK836,-0.0068968893,0.0044801035,433242
20100317,11:30:00.000,BBG000BV4DR6,0.012821179,0.029176248,1419791
20100317,11:30:00.000,BBG000BC9938,-0.011585676,-0.0040713996,340334
20100317,11:30:00.000,BBG000DSMS70,-0.007815335,-0.007227151,238649
20100317,11:30:00.000,BBG000BWCKB6,0.0026905208,0.006386722,194550
20100317,11:30:00.000,BBG000BP5YT0,-0.016426306,0.0013046234,2428464
20100317,11:30:00.000,BBG000BGYWY6,0.0028293764,0.009853996,493049
20100317,11:30:00.000,GEN_EQ0010580600001000,0.009669936,0.019494897,668494
20100317,11:30:00.000,BBG000BFJ645,0.013355187,0.011759161,1247342
20100317,11:30:00.000,BBG000PV2L86,0.004438977,0.007895725,671123
20100317,11:30:00.000,BBG000BXBHJ4,-0.011752336,-0.0033127114,345989
20100317,11:30:00.000,BBG000BB29X4,0.0009911205,0.0049319845,436632
20100317,11:30:00.000,BBG000BBBP59,-0.0040266886,0.000956638,182915
20100317,11:30:00.000,BBG000BVHBM1,-0.0015156107,0.0034214314,735870
20100317,11:30:00.000,BBG000BWGYF8,0.015853038,0.04515163,1112426
20100317,11:30:00.000,BBG000BBL8V7,0.010729378,0.02260414,1048535
20100317,11:30:00.000,BBG000BPNP00,-0.0028126615,0.014392302,501567
20100317,11:30:00.000,BBG000RGM5P1,,,399428
20100317,11:30:00.000,BBG000FKYVH4,0.006745942,0.01572847,307531
20100317,11:30:00.000,BBG000BGXZB5,0.009027498,0.008423345,1564006
20100317,11:30:00.000,BBG000BTQ9G8,0.00554854,0.010960421,926849
20100317,11:30:00.000,BBG000BCTQ65,0.0031536524,0.005635054,440914
20100317,11:30:00.000,BBG000BK2F42,0.0074324165,0.01616012,697147
20100317,11:30:00.000,BBG000F7RCJ1,-0.0057643363,0.0023635959,234879
20100317,11:30:00.000,BBG000C2YHG9,-0.0016446956,-0.0013926654,570117
20100317,11:30:00.000,BBG000BRJL00,0.0007401944,0.0072631943,657133
20100317,11:30:00.000,BBG000BQT4L6,-0.0032940523,0.0045002704,641497
20100317,11:30:00.000,BBG000FDBX90,0.00015468195,0.0027688225,657135
20100317,11:30:00.000,BBG000BKR1D6,-0.0015862576,0.0062170364,120099
20100317,11:30:00.000,GEN_EQ0010003600001000,-0.0040628826,0.0019092256,296077
20100317,11:30:00.000,BBG000BPXVJ6,-0.0024685527,-0.0017322238,787310
20100317,11:30:00.000,BBG000BN84F3,0.006708874,0.008073655,298849
20100317,11:30:00.000,BBG000DSZTN6,0.007978146,0.0187036,560097
20100317,11:30:00.000,BBG000BBCDZ2,-0.005081096,0.002981471,262242
20100317,11:30:00.000,BBG000PQ6YJ3,-0.0159282,-0.0050865244,124272
20100317,11:30:00.000,BBG000HQ7GC7,-0.0087984195,0.0018159002,580812
20100317,11:30:00.000,BBG000BC15S7,-0.002451091,0.0051347683,398395
20100317,11:30:00.000,BBG000PX3XC0,-0.002165782,0.00801855,224786
20100317,11:30:00.000,BBG000BSXQV7,0.003917768,0.009531278,192984
20100317,11:30:00.000,BBG000BP1Q11,-0.0032352002,-0.0012734699,210087
20100317,11:30:00.000,GEN_EQ0010206100001000,-0.025937567,-0.02752881,2662808
20100317,11:30:00.000,BBG000C3GN47,0.0028864846,0.01008386,355613
20100317,11:30:00.000,BBG000BN7277,-0.0035840669,0.0044188253,938590
20100317,11:30:00.000,BBG000C3NTN5,0.0031289898,0.004693841,966960
20100317,11:30:00.000,BBG000DWB323,-0.00020128212,0.013972406,1175947
20100317,11:30:00.000,BBG000BR1W32,-0.00828066,0.0057580657,591438
20100317,11:30:00.000,BBG000BF2KK4,-0.0059787543,0.0017951721,615586
20100317,11:30:00.000,BBG000BNBPQ0,0.010349542,0.028324187,698849
20100317,11:30:00.000,BBG000BWXL85,-0.0025670694,0.001470846,537887
20100317,11:30:00.000,GEN_EQ0010624300001000,0.0008724857,0.0023058124,615654
20100317,11:30:00.000,BBG000JBN3X6,0.0060165594,-3.3868895e-07,2337806
20100317,11:30:00.000,BBG000BFNR17,0.0035386404,0.014905142,665466
20100317,11:30:00.000,BBG000CXYSZ6,0.01470759,0.017589835,311849
20100317,11:30:00.000,BBG000FV1Z23,-0.011813558,-0.010674519,769955
20100317,11:30:00.000,GEN_EQ0010548100001000,0.016119454,0.03381318,3001886
20100317,11:30:00.000,GEN_EQ0010141600001000,0.0024958581,0.01338373,848349
20100317,11:30:00.000,BBG000BW2QX0,0.0071323626,0.021491893,1408953
20100317,11:30:00.000,BBG000C1S2X2,-0.0013628699,-0.0045754313,334567
20100317,11:30:00.000,BBG000BVXPZ8,0.0076211705,0.014849646,1300839
20100317,11:30:00.000,BBG000B9ZV28,0.002017329,0.006580211,180242
20100317,11:30:00.000,BBG000CPQZ77,-0.0051913685,0.0040800143,412244
20100317,11:30:00.000,BBG000BGD7W6,-0.0039016898,0.0006955521,843505
20100317,11:30:00.000,GEN_EQ0010168800001000,-0.016655017,-0.0129954675,10826142
20100317,11:30:00.000,BBG000D9KWL9,-0.0005504602,0.010378236,126219
20100317,11:30:00.000,BBG000BR37X2,0.020793857,0.031090688,3108928
20100317,11:30:00.000,BBG000BR54L0,0.002168428,0.012286067,1605861
20100317,11:30:00.000,BBG000BLHRS2,-0.0071375156,-0.004368013,439599
20100317,11:30:00.000,BBG000BX3BL3,-0.015826166,0.004365605,363553
20100317,11:30:00.000,BBG000BL5W86,0.0030672967,0.020887401,4024982
20100317,11:30:00.000,BBG000BJKPG0,0.0033426646,0.012639242,408336
20100317,11:30:00.000,BBG000BCYP43,0.0042826496,0.006248556,182507
20100317,11:30:00.000,BBG000MBDGM6,0.008886124,0.021986358,179593
20100317,11:30:00.000,BBG000CGT2S4,-0.0075625787,0.00020705427,357513
20100317,11:30:00.000,BBG000BMFFQ0,0.0020791178,0.0180746,491347
20100317,11:30:00.000,BBG000BWVSR1,0.00085278536,0.0028022332,374685
20100317,11:30:00.000,BBG000FL0BC8,-0.010685834,-0.0035871123,1301942
20100317,11:30:00.000,BBG000F86GP6,-0.009866006,-1.0050446e-07,276981
20100317,11:30:00.000,BBG000BHB3M6,0.005007531,0.0129377395,223172
20100317,11:30:00.000,BBG000BDWKC5,-0.00022351295,0.006242924,998702
20100317,11:30:00.000,BBG000BJDPC2,0.014652926,0.0163773,1023023
20100317,11:30:00.000,BBG000BP4MH0,-0.0049555087,0.0020413126,1176352
20100317,11:30:00.000,BBG000C9W1Y1,,,1488944
20100317,11:30:00.000,BBG000BKSL41,-0.0009428656,0.0072493297,905372
20100317,11:30:00.000,BBG000CVWGS6,0.007934718,0.012032706,5314607
20100317,11:30:00.000,BBG000F80SZ5,0.01620298,0.027668936,3638467
20100317,11:30:00.000,BBG000DKCC19,0.0028265677,0.0039608106,932471
20100317,11:30:00.000,GEN_EQ0010091900001000,0.015767327,0.017292215,219598
20100317,11:30:00.000,BBG000BG7986,0.008592492,0.0066746497,758863
20100317,11:30:00.000,BBG000D7RKJ5,-6.561288e-05,0.0050895987,471626
20100317,11:30:00.000,BBG000KLB4Q1,0.008398143,0.023605091,1509630
20100317,11:30:00.000,BBG000DQTXY6,-0.006605929,0.00076630525,792599
20100317,11:30:00.000,BBG000BFS7D3,0.0043583363,0.003282742,994353
20100317,11:30:00.000,BBG000BV75B7,-0.0054363916,-0.008754881,861175
20100317,11:30:00.000,BBG000C2PW58,0.046281334,0.0586448,400473
20100317,11:30:00.000,BBG000BKZTP3,-0.016185112,-0.0051194252,1762337
20100317,11:30:00.000,BBG000CFJL87,-0.0021579112,-0.0056207594,576417
20100317,11:30:00.000,BBG000QY3XZ2,-0.005880131,0.0065891603,1381155
20100317,11:30:00.000,BBG000BJ5GK2,-0.003264616,0.0049330276,400421
20100317,11:30:00.000,BBG000Q0BPZ4,0.027852844,0.041064087,2952797
20100317,11:30:00.000,BBG000NSCNT7,0.011103282,0.03465647,1580042
20100317,11:30:00.000,GEN_EQ0010104800001000,0.008394854,0.020332342,2488182
20100317,11:30:00.000,BBG000G8N9C6,-0.0075737047,-0.0052901614,478476
20100317,11:30:00.000,BBG000BHKYH4,-0.004689554,0.00022902602,407466
20100317,11:30:00.000,BBG000BK1FD3,-0.015576483,0.0008980707,1006705
20100317,11:30:00.000,BBG000BT4T69,0.0010448527,0.0028522708,2078412
20100317,11:30:00.000,GEN_EQ0011591100001000,-0.001437852,0.0038774144,783824
20100317,11:30:00.000,BBG000FFH4P5,-0.0041412385,0.0038589104,260382
20100317,11:30:00.000,BBG000BGRKT6,0.00765759,0.008604589,243945
20100317,11:30:00.000,BBG000DN7P92,0.005345122,0.008119146,402859
20100317,11:30:00.000,BBG000M4SW14,0.0021478045,0.009290957,315916
20100317,11:30:00.000,BBG000BNGTQ7,-0.00088297616,1.3810377e-07,1601390
20100317,11:30:00.000,BBG000BL79J3,-0.0041839518,-0.0023345551,823823
20100317,11:30:00.000,BBG000BDG1Y1,-0.0064821965,-0.00088933925,849599
20100317,11:30:00.000,BBG000D9DMK0,0.0050260685,0.0074655353,238306
20100317,11:30:00.000,BBG000BVPPM1,0.014343742,0.025834577,2356132
20100317,11:30:00.000,BBG000D3MB18,-0.008297916,-0.0028781733,1525282
20100317,11:30:00.000,BBG000DGPR66,0.0074870945,0.012491344,239479
20100317,11:30:00.000,BBG000BLDV98,-0.0022485785,-0.003543351,817599
20100317,11:30:00.000,BBG000C6F3T8,0.007931788,0.013006416,1204202
20100317,11:30:00.000,BBG000BS0ZF1,0.00075925293,0.00479158,132181
20100317,11:30:00.000,BBG000DNTSP4,-0.0040170513,0.0044555874,527663
20100317,11:30:00.000,BBG000LL9LQ5,-0.0045473375,0.0033847967,838944
20100317,11:30:00.000,GEN_EQ0140919900001000,0.002029822,0.004816815,546940
20100317,11:30:00.000,BBG000QRSL13,-0.0073500006,0.0050379112,4038526
20100317,11:30:00.000,BBG000BRJ809,0.004362791,0.008357573,230415
20100317,11:30:00.000,BBG000D1QCF1,-0.012818124,0.0003156395,496434
20100317,11:30:00.000,BBG000BLCPY4,0.006437067,0.0095306495,547403
20100317,11:30:00.000,BBG000CNWNL6,0.0072216233,0.028734807,1004441
20100317,11:30:00.000,BBG000DV7MX4,-0.01163979,0.0061844485,4910510
20100317,11:30:00.000,BBG000BP1152,-0.016226579,-0.008147882,1740266
20100317,11:30:00.000,BBG000BHCP19,-0.009551989,0.0070554367,1022277
20100317,11:30:00.000,BBG000BGKHZ3,-0.010832623,0.0014948737,482412
20100317,11:30:00.000,BBG000BMB7R1,0.005774758,0.010242569,360534
20100317,11:30:00.000,BBG000BHLYS1,-0.001494553,0.0008996138,442730
20100317,11:30:00.000,BBG000BKWSR6,0.017971814,0.032637667,11024795
20100317,11:30:00.000,BBG000JN9BQ6,0.013206193,0.01594141,567312
20100317,11:30:00.000,BBG000BRZBT3,0.0015791089,0.007942474,973636
20100317,11:30:00.000,BBG000FBK808,0.012596418,0.021649044,4829812
20100317,11:30:00.000,BBG000BXRPH1,-0.009178692,0.0011153807,576727
20100317,11:30:00.000,BBG000BQSQ38,-0.003836326,0.006502126,581780
20100317,11:30:00.000,BBG000BVMPN3,0.013586336,0.027857687,450229
20100317,11:30:00.000,BBG000BGFLL5,-0.00040332222,0.013530048,820429
20100317,11:30:00.000,BBG000BJ98Z0,0.026149036,0.024360977,567191
20100317,11:30:00.000,BBG000NDZ417,-0.009717533,-0.0034853204,583927
20100317,11:30:00.000,BBG000BKPL53,-0.004828819,-0.0023370422,405742
20100317,11:30:00.000,BBG000BD0TF8,0.010241245,0.024335468,383248
20100317,11:30:00.000,BBG000BY2Y78,0.011084884,0.027334305,1624648
20100317,11:30:00.000,BBG000BPMH90,0.0049636336,0.015449558,691061
20100317,11:30:00.000,BBG000BBNYF6,0.013045838,0.019490706,672612
20100317,11:30:00.000,BBG000FJRZ68,-0.009093423,-0.0060541686,902623
20100317,11:30:00.000,BBG000FKJRC5,0.0042035645,0.004726767,238439
20100317,11:30:00.000,BBG000CL9VN6,-0.0019853495,0.0051662493,254496
20100317,11:30:00.000,BBG000BK6G19,-0.004397562,0.0013833803,447628
20100317,11:30:00.000,BBG000C23KJ3,-0.007259963,-0.0008426969,2910305
20100317,11:30:00.000,BBG000BB5BF6,-0.0110658975,-0.004122492,1181843
20100317,11:30:00.000,BBG000BK5DP1,0.0016287016,0.007924571,1509730
20100317,11:30:00.000,BBG000BJVZF7,0.0033550877,0.0033452366,377113
20100317,11:30:00.000,BBG000BN5HF7,-0.0064688013,0.0047722133,1308028
20100317,11:30:00.000,BBG000BL9439,-0.0025428198,0.00084518024,462593
20100317,11:30:00.000,BBG000BJQWD2,0.004209484,0.017053029,1391159
20100317,11:30:00.000,BBG000D8RG11,-1.6643342e-05,0.0044414625,606072
20100317,11:30:00.000,BBG000BS9489,0.0073965373,0.011472514,402196
20100317,11:30:00.000,BBG000BH5DV1,0.0005589547,0.004186006,862112
20100317,11:30:00.000,BBG000BMKDM3,-0.0029720098,-0.0014193109,514884
20100317,11:30:00.000,BBG000C75N77,-0.0029880465,0.007956641,1201095
20100317,11:30:00.000,BBG000BKXFN7,-0.012689887,-0.007400532,2371086
20100317,11:30:00.000,BBG000BTCH57,-0.0033135116,0.003978157,465548
20100317,11:30:00.000,BBG000BM7HL0,0.005697856,0.015875693,1119148
20100317,11:30:00.000,BBG000BNFLM9,-0.008094855,0.0020736386,1035452
20100317,11:30:00.000,BBG000BBVCN6,0.0034533194,0.0037992715,202326
20100317,11:30:00.000,BBG000LD9JQ8,-0.0063116294,0.001697906,1830071
20100317,11:30:00.000,BBG000MDCQC2,-0.0047320966,-0.003525591,919702
20100317,11:30:00.000,BBG000BLBXT4,-0.006641369,-0.0015298742,957097
20100317,11:30:00.000,BBG000BDXGP9,0.0049656914,0.005467819,755392
20100317,11:30:00.000,BBG000BR3KL6,0.0018154408,0.008301272,455825
20100317,11:30:00.000,BBG000BX9WL1,0.026269127,0.04505505,5261350
20100317,11:30:00.000,BBG000BQ74K1,0.00018245334,0.011230698,335032
20100317,11:30:00.000,BBG000BWSV34,0.0063761775,0.0102733895,322719
20100317,11:30:00.000,BBG000BQZMH4,-0.0031395466,5.1055395e-07,643512
20100317,11:30:00.000,GEN_EQ0010066700001000,-0.0042680926,-0.0033322687,627892
20100317,11:30:00.000,BBG000BQVTF5,-0.0024649526,0.005750673,862663
20100317,11:30:00.000,BBG000LC1FS4,0.010822715,0.022698766,606161
20100317,11:30:00.000,GEN_EQ0010050500001000,-0.005550095,0.00357305,3282554
20100317,11:30:00.000,BBG000G3QLY3,0.01243314,0.01752372,416891
20100317,11:30:00.000,BBG000QBR5J5,-0.0048193308,0.007845172,4568570
20100317,11:30:00.000,BBG000BTQR96,0.009179935,0.014200375,798230
20100317,11:30:00.000,GEN_EQ0012661800001000,-0.015260286,-0.015129552,905419
20100317,11:30:00.000,BBG000CKJ0P3,0.0020403091,0.00018708591,281610
20100317,11:30:00.000,BBG000HGYNZ9,-0.0066531743,0.0027487183,1688584
20100317,11:30:00.000,BBG000BV7LP7,0.005494722,0.01278742,1135302
20100317,11:30:00.000,BBG000BBVK30,-0.0063801324,-0.008277565,5108779
20100317,11:30:00.000,BBG000BFXHL6,-0.009499968,-0.0069060083,1288456
20100317,11:30:00.000,BBG000BGLRN3,0.0032039203,0.003158789,783052
20100317,11:30:00.000,BBG000C2V3D6,-0.007910489,0.0044885473,791872
20100317,11:30:00.000,BBG000BGVW60,0.0063243173,0.008520507,1370519
20100317,11:30:00.000,BBG000BTVJ25,0.01005534,0.017461276,1472385
20100317,11:30:00.000,GEN_EQ0010020500001000,0.0038439513,0.014780118,1250152
20100317,11:30:00.000,BBG000BHQ1H0,0.005816959,0.0046867747,207332
20100317,11:30:00.000,BBG000BNC3Y9,0.03191849,0.052012026,3541077
20100317,11:30:00.000,BBG000BVVQQ8,-0.0066511785,0.008340643,919896
20100317,11:30:00.000,GEN_EQ0010281900001000,-0.0004979887,-0.0018356879,481907
20100317,11:30:00.000,BBG000C1FB75,-0.0029289308,0.011042104,167951
20100317,11:30:00.000,BBG000BFTJ91,0.0059064436,0.0059938193,1971533
20100317,11:30:00.000,BBG000C1FQS9,-0.0037408173,0.00105873,287388
20100317,11:30:00.000,BBG000BSBZH7,-0.002689945,-0.0046115317,769042
20100317,11:30:00.000,BBG000F15NW9,-0.013719551,-0.013248896,1931283
20100317,11:30:00.000,BBG000BPT0C6,0.021213498,0.027895803,793363
20100317,11:30:00.000,GEN_EQ0010145600001000,0.0013428271,-0.0005419236,484206
20100317,11:30:00.000,BBG000H89QJ6,0.0046331305,0.003914911,374968
20100317,11:30:00.000,BBG000BR14K5,0.00078154576,0.009371766,723300
20100317,11:30:00.000,BBG000BP6L99,0.007316339,0.010781619,12083076
20100317,11:30:00.000,BBG000BQWPC5,0.001651141,0.0033534253,350574
20100317,11:30:00.000,BBG000BNNYW1,0.0041927597,0.007348484,564710
20100317,11:30:00.000,BBG000BJ3PD2,0.0017753659,0.007910793,345516
20100317,11:30:00.000,BBG000PVRDL2,0.0034307125,0.012613949,2542678
20100317,11:30:00.000,BBG000C2ZCH8,-0.0016246234,-0.0007950645,355433
20100317,11:30:00.000,BBG000TK7PB8,0.018595604,0.03445752,3324963
20100317,11:30:00.000,BBG000BB6M98,-0.004212842,0.0007456045,483441
20100317,11:30:00.000,BBG000HW5GX3,0.0058101676,0.012072329,624984
20100317,11:30:00.000,BBG000BLKK03,0.004837279,-0.00083956437,392434
20100317,11:30:00.000,BBG000BCZYD3,0.002231225,0.002532274,199724
20100317,11:30:00.000,BBG000CSY9H9,-0.013012612,-0.0055609737,464819
20100317,11:30:00.000,BBG000BB9KF2,-0.0012723313,0.0021572025,444819
20100317,11:30:00.000,BBG000BMQPL1,0.025889993,0.041585468,6954023
20100317,11:30:00.000,BBG000BMTFR4,-0.005597281,0.0067192367,1368128
20100317,11:30:00.000,BBG000H9G7X2,0.008909219,0.010812043,620084
20100317,11:30:00.000,BBG000BCNYT9,0.004257167,0.0058483756,685442
20100317,11:30:00.000,BBG000C0MF34,-0.0049831527,-0.0011236641,333325
20100317,11:30:00.000,BBG000BN2DC2,-0.010325898,-0.0024759732,417336
20100317,11:30:00.000,BBG000BN9WT5,0.0051077674,0.020540904,2718606
20100317,11:30:00.000,BBG000BQ5DS5,0.0021193854,0.0034454165,553485
20100317,11:30:00.000,BBG000BCGY17,-0.0052653905,-0.0031828831,504776
20100317,11:30:00.000,BBG000BB6G37,-0.0010873462,0.014325874,1437505
20100317,11:30:00.000,BBG000CHPY97,-0.019976214,-0.014796679,2505088
20100317,11:30:00.000,BBG000TWC2V5,-0.0030868417,-0.0045037614,770890
20100317,11:30:00.000,GEN_EQ0117562400001000,-0.0062167905,-0.0055707027,5924758
20100317,11:30:00.000,BBG000BP0KQ8,-0.00016250456,0.008377232,1856111
20100317,11:30:00.000,BBG000BB5373,0.021736216,0.033347417,3755115
20100317,11:30:00.000,BBG000BM6788,-0.004497551,0.0022397526,1067195
20100317,11:30:00.000,BBG000BH3JF8,-0.006184884,-0.0028845738,568846
20100317,11:30:00.000,GEN_EQ0085215200001000,0.00032773297,0.008393638,2712790
20100317,11:30:00.000,BBG000BQ2C28,-0.00018708655,0.0037898826,424042
20100317,11:30:00.000,BBG000BX5ZF5,-0.01753752,-0.006934063,5081100
20100317,11:30:00.000,BBG000BMDV41,0.009701409,0.01293989,796342
20100317,11:30:00.000,GEN_EQ0010319800003000,-0.010396483,-0.013789747,1915667
20100317,11:30:00.000,BBG000BG14P4,-0.0017819001,0.007896628,562294
20100317,11:30:00.000,BBG000GC80B4,,,1223008
20100317,11:30:00.000,BBG000BB2DM7,-0.007899075,0.0005503666,2406264
20100317,11:30:00.000,BBG000BWJFZ4,-0.0022839035,-0.0019357129,813279
20100317,11:30:00.000,BBG000BHGDH5,-0.0012609102,0.0006017758,2306011
20100317,11:30:00.000,BBG000BZ2GG4,-0.0034126283,0.006702625,1212358
20100317,11:30:00.000,BBG000D898T9,0.0035331033,0.0050998935,854594
20100317,11:30:00.000,BBG000BMF5J0,-0.007910012,-0.00081339397,889421
20100317,11:30:00.000,BBG000BKLH74,-0.006599171,-0.007300684,2704385
20100317,11:30:00.000,BBG000BGPTV6,-0.00292811,0.0032120724,1090557
20100317,11:30:00.000,BBG000BH3GZ2,0.0056380774,0.015145364,1489036
20100317,11:30:00.000,BBG000BVWLJ6,-0.00792229,0.0026842982,682648
20100317,11:30:00.000,BBG000C496P7,-0.013094566,-0.00609589,3135139
20100317,11:30:00.000,BBG000JG0547,0.004487854,0.010058922,848980
20100317,11:30:00.000,BBG000DYGNW7,0.007433487,0.00872613,412068
20100317,11:30:00.000,BBG000BNJHS8,-0.004968507,-0.0075901435,3054440
20100317,11:30:00.000,BBG000BPQD31,-0.00081032474,-0.0004528103,884034
20100317,11:30:00.000,BBG000BT9DW0,0.0011295218,0.0027090078,776604
20100317,11:30:00.000,BBG000BB2KW0,-0.011613965,-0.01012704,433401
20100317,11:30:00.000,BBG000BK67C7,0.007603705,0.00725599,542031
20100317,11:30:00.000,BBG000DHSPT0,0.00075294584,0.0033522244,711010
20100317,11:30:00.000,BBG000BFMBQ6,-0.002378559,-0.009579836,724968
20100317,11:30:00.000,BBG000B9WJ73,0.0037934277,0.019220281,3432524
20100317,11:30:00.000,BBG000FVXD63,-0.013164212,-0.0053364653,1082384
20100317,11:30:00.000,BBG000B9XYV2,-0.006789236,-0.005758339,1246877
20100317,11:30:00.000,BBG000BMBL90,0.012568694,0.017894344,1666650
20100317,11:30:00.000,BBG000BB1TH9,-0.0033129242,0.008937751,417218
20100317,11:30:00.000,BBG000BVMGF2,-0.006880333,0.005481154,1916296
20100317,11:30:00.000,BBG000BSD7C2,-0.0007256671,-5.084071e-07,509342
20100317,11:30:00.000,BBG000J5Q6L2,-0.022414481,-0.0042255824,3423547
20100317,11:30:00.000,BBG000BC4JJ4,-0.009245172,-0.0054777516,489431
20100317,11:30:00.000,BBG000BM5SR2,0.018907713,0.046145264,5889434
20100317,11:30:00.000,BBG000BJPDZ1,-0.00082518556,-0.00064658077,134371
20100317,11:30:00.000,BBG000BZTW70,-0.011363559,-0.00657887,1793896
20100317,11:30:00.000,BBG000C5HS04,0.001954918,0.0043327613,622361
20100317,11:30:00.000,BBG000M65M61,-0.021739798,-0.020807605,4666059
20100317,11:30:00.000,BBG000BY29C7,0.003581774,0.00846013,657618
20100317,11:30:00.000,BBG000BB6WG8,0.0042385226,0.008745697,1515458
20100317,11:30:00.000,GEN_EQ0010172300001000,-0.005171808,-0.00636826,439974
20100317,11:30:00.000,BBG000C2BXK4,0.006939243,0.018721875,17228448
20100317,11:30:00.000,BBG000BBBNC6,-0.0055327322,0.01572895,677649
20100317,11:30:00.000,BBG000PM7GJ0,0.020905556,0.034626476,1602266
20100317,11:30:00.000,BBG000Q3JN03,0.0057052663,0.022651514,10923101
20100317,11:30:00.000,BBG000C0LW92,-0.017862944,-0.012703016,25608474
20100317,11:30:00.000,BBG000BF1R66,0.009200907,0.017078549,794729
20100317,11:30:00.000,BBG000NSQ9M0,-0.013986663,-0.0058796797,3941841
20100317,11:30:00.000,BBG000FQ6PY6,-0.037815463,-0.034021355,6949840
20100317,11:30:00.000,BBG000BWVCP8,-0.013505093,-0.001297356,1859422
20100317,11:30:00.000,BBG000BJSBJ0,-0.003738382,0.00031325538,353835
20100317,11:30:00.000,BBG000BLM0V1,,,759140
20100317,11:30:00.000,BBG000BMY992,-0.0005370719,0.005382622,2203429
20100317,11:30:00.000,BBG000BVDLH9,0.007966522,0.00969472,649805
20100317,11:30:00.000,BBG000C0F570,0.00081450085,0.015222113,2245549
20100317,11:30:00.000,BBG000BBQCY0,0.012942237,0.02663776,9096038
20100317,11:30:00.000,GEN_EQ0000000001064567,0.004316544,0.011976001,638684
20100317,11:30:00.000,BBG000BKCFC2,-0.004983656,-0.0047079395,416903
20100317,11:30:00.000,BBG000CGQ6M4,0.0058979564,0.007509976,492959
20100317,11:30:00.000,BBG000C17X76,-0.003857496,-0.0050214827,533610
20100317,11:30:00.000,BBG000DTMH63,,,1440716
20100317,11:30:00.000,BBG000R7Z112,0.00246632,0.0030826454,3331427
20100317,11:30:00.000,BBG000BBMSJ6,-0.0069709225,0.007476258,2771469
20100317,11:30:00.000,BBG000BY33P5,-0.0031872713,0.002962821,1108094
20100317,11:30:00.000,BBG000BV8DN6,0.0037064527,0.002430046,744476
20100317,11:30:00.000,GEN_EQ0010135600001000,0.0040112385,0.01487706,2087461
20100317,11:30:00.000,BBG000JN8R00,0.0028948346,0.014724724,758884
20100317,11:30:00.000,BBG000K14Q84,-0.017000977,-0.0070926365,980359
20100317,11:30:00.000,BBG000BBDV81,0.00030776137,0.011708551,666577
20100317,11:30:00.000,BBG000BMW2Z0,0.0011473716,-0.00049564993,935786
20100317,11:30:00.000,BBG000DLVDK3,-0.0046252115,0.0026750586,979447
20100317,11:30:00.000,BBG000CKVSG8,0.001148284,0.013237546,1845902
20100317,11:30:00.000,BBG000G0Z878,0.027954495,0.046247218,9411020
20100317,11:30:00.000,BBG000BGJRC8,0.0012874348,0.0028116785,667739
20100317,11:30:00.000,BBG000BL8GJ6,-0.015184761,-0.0019217938,3019176
20100317,11:30:00.000,BBG000HCJMF9,-0.0026200046,0.01533618,918475
20100317,11:30:00.000,BBG000BB6KF5,0.0037121344,0.019445557,1936315
20100317,11:30:00.000,BBG000BYYLS8,-0.00017268743,0.01044826,1930179
20100317,11:30:00.000,BBG000FJLFX8,-0.0044247643,-0.009694778,1174962
20100317,11:30:00.000,BBG000D9D830,0.0054472247,0.014998286,1391117
20100317,11:30:00.000,BBG000BHX7N2,-0.00072536484,0.006364856,697761
20100317,11:30:00.000,BBG000CTQBF3,-0.009588892,0.0023745375,2776783
20100317,11:30:00.000,BBG000BBD070,0.006790342,0.019132467,1025996
20100317,11:30:00.000,BBG000BH2JM1,-0.01820032,-0.0133142425,4803587
20100317,11:30:00.000,BBG000CS7CT9,-0.0024784226,0.0010904256,1075618
20100317,11:30:00.000,BBG000BFL116,-0.0124345,-0.0028620565,330406
20100317,11:30:00.000,BBG000BFC8J2,0.014441564,0.013052074,1254851
20100317,11:30:00.000,BBG000C15T95,-0.0054928553,-0.007124676,505325
20100317,11:30:00.000,BBG000FP1N32,-0.0037788083,0.0064819693,1712940
20100317,11:30:00.000,BBG000JWD753,-0.0058148946,0.004487713,19648192
20100317,11:30:00.000,BBG000BWNFZ9,0.022471014,0.033173267,3225434
20100317,11:30:00.000,BBG000BSLZY7,-0.011916499,-0.0010830708,4168152
20100317,11:30:00.000,BBG000BCBCM7,0.0006869706,0.001693072,2164876
20100317,11:30:00.000,BBG000BBGGQ1,-0.0025480925,0.0077802534,4191474
20100317,11:30:00.000,BBG000BCWCG1,0.0029804162,0.011123893,1685277
20100317,11:30:00.000,BBG000BLBVN4,0.0055086156,0.014087373,336720
20100317,11:30:00.000,BBG000C46HM9,-0.013796828,-0.009692867,2515212
20100317,11:30:00.000,BBG000BTKGG8,0.018218035,0.033997364,2443313
20100317,11:30:00.000,GEN_EQ0010059600001000,0.045095243,0.06049753,5251125
20100317,11:30:00.000,BBG000C8H633,0.0045028697,0.015153804,2015723
20100317,11:30:00.000,BBG000BTR593,-0.0049242545,0.00093929947,1836256
20100317,11:30:00.000,GEN_EQ0000000000158587,0.0031158153,0.0053857416,704737
20100317,11:30:00.000,BBG000F6H8W8,0.0003599915,0.0073071406,1012279
20100317,11:30:00.000,BBG000BFQYY3,-0.0044575226,-0.0066204695,932589
20100317,11:30:00.000,BBG000BNBDC2,0.0015773061,-1.3533527e-07,1884280
20100317,11:30:00.000,BBG000BSJTT0,0.0020054379,0.014668399,1643438
20100317,11:30:00.000,BBG000BJL3N0,0.0026815215,0.015642697,3710020
20100317,11:30:00.000,BBG000BYWTX7,-0.011878966,0.0019597996,6638308
20100317,11:30:00.000,BBG000BD8PN9,-0.0018401099,0.008599063,1835279
20100317,11:30:00.000,BBG000BHLYP4,-0.005549647,0.005503946,91070
20100317,11:30:00.000,BBG000C1BW00,0.0018167341,0.0032513374,666584
20100317,11:30:00.000,BBG000J6XT05,-0.006621077,-0.0004406909,978014
20100317,11:30:00.000,BBG000BJX8C8,-0.0003524535,0.01292381,1157435
20100317,11:30:00.000,BBG000BCVJ77,0.008781253,0.007835032,785226
20100317,11:30:00.000,BBG000BZ9223,-0.0055080117,-0.0012435147,867027
20100317,11:30:00.000,BBG000H556T9,-0.0058604283,-0.0002327025,1375853
20100317,11:30:00.000,BBG000BJF1Z8,0.008585532,0.014891546,1492079
20100317,11:30:00.000,BBG000BB5006,0.0085415095,0.014279507,3900921
20100317,11:30:00.000,BBG000F0KF42,,,5254529
20100317,11:30:00.000,BBG000BKFBD7,0.0046671396,0.02030196,1538621
20100317,11:30:00.000,BBG000BFDXW1,-0.0067427647,0.006716425,1396572
20100317,11:30:00.000,BBG000BW3299,0.0008684072,0.00033965608,1395015
20100317,11:30:00.000,BBG000F0PF65,-0.00016544254,0.005473586,1605622
20100317,11:30:00.000,BBG000BNWG87,-0.0032926945,-0.0024384605,1712442
20100317,11:30:00.000,BBG000BH13K9,0.003522449,0.007793881,1616793
20100317,11:30:00.000,BBG000BH1NH9,0.0019241452,0.007718423,840788
20100317,11:30:00.000,BBG000DY8ZS4,-0.01411401,-0.0017185438,5723972
20100317,11:30:00.000,BBG000BP8Z50,-0.02045251,-0.010847773,7592828
20100317,11:30:00.000,BBG000BJ81C1,0.0033053013,0.009458082,1149622
20100317,11:30:00.000,BBG000BBVJZ8,-0.011443643,-0.0067895725,2934791
20100317,11:30:00.000,BBG000BQ8KV2,-0.021379838,-0.012692588,2843738
20100317,11:30:00.000,BBG000BGKTF9,-0.01664833,0.0002478516,1790419
20100317,11:30:00.000,BBG000BFRF55,-0.0004894218,0.012981777,2133472
20100317,11:30:00.000,BBG000BRK7L6,0.002390102,0.012619483,4848099
20100317,11:30:00.000,BBG000BWLMJ4,-0.006443909,0.0011588809,1681962
20100317,11:30:00.000,BBG000BD4VG8,0.0041757296,0.016266635,1541840
20100317,11:30:00.000,BBG000FW00S1,0.006755938,0.020797241,3065492
20100317,11:30:00.000,BBG000BBJQV0,0.004363281,0.020275643,6399034
20100317,11:30:00.000,BBG000C5Z1S3,0.0077350815,0.027410416,10067106
20100317,11:30:00.000,BBG000BC40Y8,0.014911715,0.022616586,1748058
20100317,11:30:00.000,BBG000DWYF03,-0.0033656883,-1.9049418e-07,3569142
20100317,11:30:00.000,BBG000BRD0D8,0.008017162,0.02014506,2355070
20100317,11:30:00.000,BBG000H8TVT2,-0.006361268,-0.005052185,728042
20100317,11:30:00.000,BBG000BP6LJ8,-0.001219866,-0.0009833929,3242944
20100317,11:30:00.000,BBG000BKFZM4,0.016627852,0.02434398,7261776
20100317,11:30:00.000,BBG000BHBK84,-0.0048616463,0.0019687773,2693155
20100317,11:30:00.000,BBG000FG3C43,-0.0143896025,-0.0019198459,2304163
20100317,11:30:00.000,BBG000BH23R1,0.012746887,0.02235466,12063866
20100317,11:30:00.000,BBG000F1ZSQ2,-0.018046431,-0.007655081,397879
20100317,11:30:00.000,BBG000GFFQN9,-0.00043414935,0.01222083,5039924
20100317,11:30:00.000,BBG000BNDN65,0.0024478773,0.008787555,4399381
20100317,11:30:00.000,BBG000C43RR5,0.005440218,0.016793821,4738652
20100317,11:30:00.000,BBG000BP52R2,-0.0023454162,0.005143397,1223510
20100317,11:30:00.000,BBG000BBPFB9,-0.00124869,0.009634566,12477762
20100317,11:30:00.000,BBG000BC2C10,0.008923379,0.014340996,776249
20100317,11:30:00.000,BBG000BFT2L4,0.0023709047,0.0022851676,3896108
20100317,11:30:00.000,BBG000L9CV04,0.0058410396,0.010969987,1786977
20100317,11:30:00.000,BBG000FL1TC8,-0.005437898,-0.0076393653,2262025
20100317,11:30:00.000,BBG000FFDM15,-0.012289736,-0.0011492253,3717756
20100317,11:30:00.000,BBG000BH4R78,-0.0007374394,-0.0005930493,2042003
20100317,11:30:00.000,BBG000B9ZXB4,0.00019987015,-0.0038385873,2493009
20100317,11:30:00.000,BBG000BGRY34,0.0028156817,0.0065818857,2037055
20100317,11:30:00.000,BBG000G2R6M0,-0.006104558,0.0014980055,2762849
20100317,11:30:00.000,BBG000BCSST7,0.0035355564,0.002837075,2262139
20100317,11:30:00.000,BBG000BVV7G1,-0.0025894798,0.011757629,4703812
20100317,11:30:00.000,BBG000BW8S60,-0.0030984206,-0.0016570123,1273380
20100317,11:30:00.000,BBG000BL4504,-0.015619787,-0.007476455,5850366
20100317,11:30:00.000,BBG000DQLV23,-0.0021070037,-0.0057703066,4638233
20100317,11:30:00.000,BBG000BBS2Y0,-0.0025034018,-0.006529605,1477716
20100317,11:30:00.000,BBG000BHVJJ3,-0.010900296,-0.0026630957,7842998
20100317,11:30:00.000,BBG000J2XL74,0.006805676,0.010147461,1538382
20100317,11:30:00.000,BBG000CH5208,-0.01578645,-0.021170579,4077389
20100317,11:30:00.000,BBG000BCQZS4,-0.0037020987,0.006356705,2516389
20100317,11:30:00.000,BBG000BFWKC0,0.010358487,0.008396398,2864390
20100317,11:30:00.000,BBG000BCG930,0.0036480848,-0.0054891706,2602400
20100317,11:30:00.000,BBG000PSKYX7,0.0006214553,0.008189843,1163993
20100317,11:30:00.000,BBG000BPWXK1,-0.007788383,-9.763368e-05,2134940
20100317,11:30:00.000,BBG000BWXBC2,-0.0048413775,-0.0019639197,4714846
20100317,11:30:00.000,BBG000BQQ2S6,0.0049326965,0.009471315,1508195
20100317,11:30:00.000,BBG000BH5LT6,-0.00052735314,0.00023157666,1961823
20100317,11:30:00.000,BBG000DWG505,0.0008963026,0.00085101265,1172590
20100317,11:30:00.000,BBG000BF0K17,0.0021836471,0.008409648,1899986
20100317,11:30:00.000,BBG000BKTFN2,0.016536469,0.026485847,5572929
20100317,11:30:00.000,BBG000BB07P9,0.0015785444,0.008236872,3142354
20100317,11:30:00.000,BBG000BNSZP1,-0.0053214035,0.0010605645,1474086
20100317,11:30:00.000,BBG000BKZB36,-0.0049272752,-1.8171951e-08,4205468
20100317,11:30:00.000,BBG000CKGBP2,-0.003949728,-0.0080041345,2319717
20100317,11:30:00.000,BBG000DH7JK6,0.0028810836,0.0049943267,1782343
20100317,11:30:00.000,BBG000D4LWF6,-0.0030944527,-0.0030307476,3416284
20100317,11:30:00.000,BBG000BQQH30,0.01017816,0.015521646,4192679
20100317,11:30:00.000,BBG000B9WH86,0.036531616,0.050017368,31582160
20100317,11:30:00.000,BBG000BQLTW7,0.011900383,0.013484336,11924125
20100317,11:30:00.000,BBG000HS77T5,0.005743568,0.0053451518,5791758
20100317,11:30:00.000,GEN_EQ0011904200001000,0.009431574,0.013278069,7912230
20100317,11:30:00.000,BBG000BLZRJ2,-0.0064981207,0.00495103,4445326
20100317,11:30:00.000,BBG000BMX289,-0.0014304251,0.00074515754,2985665
20100317,11:30:00.000,BBG000BPD168,-0.0023278287,-0.0065899603,3221017
20100317,11:30:00.000,BBG000BT41Q8,0.0061269314,0.015410039,4988833
20100317,11:30:00.000,BBG000BMHYD1,0.004859795,0.0020156067,2936244
20100317,11:30:00.000,BBG000BR2TH3,0.008208076,0.0056662294,2644980
20100317,11:30:00.000,BBG000KHWT55,-0.0006372875,0.006494019,5072685
20100317,11:30:00.000,BBG000BTZQC4,-0.0055697807,-0.0052043907,2201926
20100317,11:30:00.000,BBG000BSJK37,0.003669391,0.0023210333,5094329
20100317,11:30:00.000,BBG000BLNNH6,-0.0062710247,-0.0011661113,1785414
20100317,11:30:00.000,BBG000K4ND22,0.005527554,0.011487573,4019729
20100317,11:30:00.000,BBG000BX3TD3,-0.013246568,-0.00024001863,5620784
20100317,11:30:00.000,BBG000CR90K4,-0.0006754609,-0.000266394,3274304
20100317,11:30:00.000,BBG000BVPV84,2.4995003e-05,0.00595775,1566534
20100317,11:30:00.000,BBG000CGC1X8,-0.0064032204,-0.0025649911,7856393
20100317,11:30:00.000,BBG000BR2B91,0.0018344105,-1.262279e-07,18875516
20100317,11:30:00.000,BBG000BQPC32,0.013516262,0.012606131,25545606
20100317,11:30:00.000,BBG000BK6MB5,0.0011439297,0.011617909,74244536
20100317,11:30:00.000,BBG000C3J3C9,0.004022183,0.0061169593,11045303
20100317,11:30:00.000,BBG000C0G1D1,0.00045190455,0.012269411,33801508
20100317,11:30:00.000,BBG000BWQFY7,-0.0054745115,0.0039624935,10274229
20100317,11:30:00.000,BBG000BJDB15,-0.005641728,0.0043209377,4156261
20100317,11:30:00.000,BBG000BPH459,0.005137224,0.008509854,19130454
20100317,11:30:00.000,BBG000C6CFJ5,0.0014976342,0.008629971,2855295
20100317,11:30:00.000,BBG000DMBXR2,0.0045552226,0.014809505,11927209
20100317,11:30:00.000,BBG000BHSKN9,0.0012128911,0.010402847,979729
20100317,11:30:00.000,BBG000GZQ728,0.00407232,0.012758505,13300195
20100317,11:30:00.000,BBG000BCTLF6,-0.003984817,0.009387407,48306292
20100317,11:30:00.000,BBG000B9XRY4,-0.00033861864,0.006123775,5159905
20100317,11:45:00.000,GEN_EQ0021071400001000,-0.014134587,-0.0052004326,812451
20100317,11:45:00.000,GEN_EQ0096849600001000,-0.009705308,0.011532913,363683
20100317,11:45:00.000,BBG000BJ49H3,-0.0004606818,0.0025534176,291433
20100317,11:45:00.000,BBG000BMFD58,-0.0023423147,0.0074486053,4295198
20100317,11:45:00.000,BBG000BFVXX0,-0.010127011,-0.006981911,531621
20100317,11:45:00.000,BBG000CHWP52,0.00033971047,0.0046256664,367306
20100317,11:45:00.000,BBG000BT9T73,0.07047839,0.08770402,22250644
20100317,11:45:00.000,BBG000BCQ4P6,0.0026681938,0.0104240645,400092
20100317,11:45:00.000,BBG000BMLWX8,0.013196109,0.017079763,947429
20100317,11:45:00.000,BBG000BP7JB0,-0.0066200346,0.0035161972,1370998
20100317,11:45:00.000,BBG000BNW1S8,-0.014205086,0.0033079367,577156
20100317,11:45:00.000,BBG000MQ1SN9,0.0035241137,0.0030318853,394680
20100317,11:45:00.000,BBG000BVB8Q0,-0.007506726,-0.0010920513,676033
20100317,11:45:00.000,BBG000BSC0K9,-0.003581168,-0.0002639822,267194
20100317,11:45:00.000,BBG000C7LMS8,0.0076575563,0.012882325,185933
20100317,11:45:00.000,BBG000BB5792,0.0074442,0.016404677,761678
20100317,11:45:00.000,BBG000BFDLV8,0.012657444,0.017701657,230897
20100317,11:45:00.000,BBG000BTLMX5,0.0016024656,0.008659752,401204
20100317,11:45:00.000,BBG000CQB185,0.02377469,0.034056515,631667
20100317,11:45:00.000,BBG000BKVJK4,0.005268587,0.0062107844,387847
20100317,11:45:00.000,BBG000BQC9V2,0.011198783,0.018704126,2546469
20100317,11:45:00.000,BBG000CC53X1,0.004435998,0.012109115,422713
20100317,11:45:00.000,BBG000C45984,-0.0029628803,0.002792321,497078
20100317,11:45:00.000,BBG000BJNGN9,-0.0019757233,0.010172558,1046485
20100317,11:45:00.000,BBG000FQRVM3,0.0035946905,0.0038407634,305456
20100317,11:45:00.000,BBG000D2M0Z7,-0.0088451225,-0.0028889976,221429
20100317,11:45:00.000,BBG000K82ZT8,-0.0036604397,-0.00014402253,407357
20100317,11:45:00.000,BBG000BF5RY1,0.004106376,0.006953479,3204336
20100317,11:45:00.000,BBG000BNMHS4,-0.0040750066,0.005850241,396198
20100317,11:45:00.000,BBG000CPHYL4,0.006338122,0.008733324,4232251
20100317,11:45:00.000,GEN_EQ0000000000852052,0.005478788,0.018701125,527364
20100317,11:45:00.000,BBG000BCHG15,0.017267903,0.02603629,279399
20100317,11:45:00.000,BBG000BNNKG9,0.00894707,0.018282719,980526
20100317,11:45:00.000,BBG000DR22B6,-0.0100203715,0.001228393,1072765
20100317,11:45:00.000,BBG000BHK836,-0.0070084156,0.0041068657,510773
20100317,11:45:00.000,BBG000BV4DR6,0.012282842,0.0291763,1535892
20100317,11:45:00.000,BBG000BC9938,-0.0125143705,-0.00508933,369982
20100317,11:45:00.000,BBG000DSMS70,-0.006434547,-0.00660418,271143
20100317,11:45:00.000,BBG000BWCKB6,0.0036933334,0.0073887054,214520
20100317,11:45:00.000,BBG000BP5YT0,-0.014175072,0.0039138785,2651762
20100317,11:45:00.000,BBG000BGYWY6,0.0049453205,0.012287042,561075
20100317,11:45:00.000,GEN_EQ0010580600001000,0.008738948,0.018637968,698072
20100317,11:45:00.000,BBG000BFJ645,0.0133032175,0.011759161,1320952
20100317,11:45:00.000,BBG000PV2L86,0.0050318274,0.008518955,761950
20100317,11:45:00.000,BBG000BXBHJ4,-0.012445155,-0.0039210985,364709
20100317,11:45:00.000,BBG000BB29X4,0.0007858049,0.0032878383,472243
20100317,11:45:00.000,BBG000BBBP59,-0.0046371976,0.0014667757,207239
20100317,11:45:00.000,BBG000BVHBM1,-0.0012742729,0.001954686,838472
20100317,11:45:00.000,BBG000BWGYF8,0.021800237,0.053644456,1282511
20100317,11:45:00.000,BBG000BBL8V7,0.012555922,0.02517286,1122811
20100317,11:45:00.000,BBG000BPNP00,-0.0029387195,0.0128502045,533647
20100317,11:45:00.000,BBG000RGM5P1,,,420587
20100317,11:45:00.000,BBG000FKYVH4,0.0049372395,0.013762439,326670
20100317,11:45:00.000,BBG000BGXZB5,0.009035362,0.008949966,1706976
20100317,11:45:00.000,BBG000BTQ9G8,0.0040482045,0.009229683,969387
20100317,11:45:00.000,BBG000BCTQ65,0.0036196408,0.004695847,487703
20100317,11:45:00.000,BBG000BK2F42,0.006710482,0.015734704,776927
20100317,11:45:00.000,BBG000F7RCJ1,-0.0038497963,0.0044909725,250253
20100317,11:45:00.000,BBG000C2YHG9,-0.00043941865,0.00046400103,612104
20100317,11:45:00.000,BBG000BRJL00,-8.7791224e-05,0.0055341073,722272
20100317,11:45:00.000,BBG000BQT4L6,-0.0032135313,0.0045002704,694795
20100317,11:45:00.000,BBG000FDBX90,-0.00030824254,0.0013842579,733742
20100317,11:45:00.000,BBG000BKR1D6,-0.0015231866,0.0074695707,144321
20100317,11:45:00.000,GEN_EQ0010003600001000,-0.0046682423,0.000424712,365343
20100317,11:45:00.000,BBG000BPXVJ6,-0.00079582754,-0.00034601756,927495
20100317,11:45:00.000,BBG000BN84F3,0.006850458,0.0075470665,318966
20100317,11:45:00.000,BBG000DSZTN6,0.011257296,0.022622218,628497
20100317,11:45:00.000,BBG000BBCDZ2,-0.004700558,0.002890912,281906
20100317,11:45:00.000,BBG000PQ6YJ3,-0.0139705315,-0.002994785,132970
20100317,11:45:00.000,BBG000HQ7GC7,-0.007928458,0.0031781637,631255
20100317,11:45:00.000,BBG000BC15S7,-0.0027850708,0.0059707416,415128
20100317,11:45:00.000,BBG000PX3XC0,0.0006101633,0.011025263,278847
20100317,11:45:00.000,BBG000BSXQV7,0.003488988,0.009915476,216284
20100317,11:45:00.000,BBG000BP1Q11,-0.002646691,-0.00042492725,238488
20100317,11:45:00.000,GEN_EQ0010206100001000,-0.030282961,-0.032772508,3305466
20100317,11:45:00.000,BBG000C3GN47,0.0017989696,0.008868898,394822
20100317,11:45:00.000,BBG000BN7277,-0.0012059634,0.007365474,1024365
20100317,11:45:00.000,BBG000C3NTN5,0.005203431,0.005736878,1025711
20100317,11:45:00.000,BBG000DWB323,0.00032449426,0.015242619,1259061
20100317,11:45:00.000,BBG000BR1W32,-0.009067634,0.00555723,624800
20100317,11:45:00.000,BBG000BF2KK4,-0.00946431,-0.0021114207,673514
20100317,11:45:00.000,BBG000BNBPQ0,0.010472551,0.029002476,746187
20100317,11:45:00.000,BBG000BWXL85,0.00072887744,0.0040861387,575847
20100317,11:45:00.000,GEN_EQ0010624300001000,0.0035986085,0.0049412833,686324
20100317,11:45:00.000,BBG000JBN3X6,0.0027021922,-0.0051582875,2428845
20100317,11:45:00.000,BBG000BFNR17,0.00034037954,0.012395874,706043
20100317,11:45:00.000,BBG000CXYSZ6,0.01722355,0.018949116,344022
20100317,11:45:00.000,BBG000FV1Z23,-0.017419318,-0.01682794,911830
20100317,11:45:00.000,GEN_EQ0010548100001000,0.016839521,0.035065506,3723274
20100317,11:45:00.000,GEN_EQ0010141600001000,0.0016199497,0.012888047,948372
20100317,11:45:00.000,BBG000BW2QX0,0.004588228,0.019838592,1592929
20100317,11:45:00.000,BBG000C1S2X2,-0.00087815186,-0.0052616308,359119
20100317,11:45:00.000,BBG000BVXPZ8,0.007537529,0.014849662,1395796
20100317,11:45:00.000,BBG000B9ZV28,0.0020610015,0.0059054047,186931
20100317,11:45:00.000,BBG000CPQZ77,-0.00644915,0.0032639909,496031
20100317,11:45:00.000,BBG000BGD7W6,-0.0058919694,-0.0017372242,963400
20100317,11:45:00.000,GEN_EQ0010168800001000,-0.016176786,-0.01299536,12939820
20100317,11:45:00.000,BBG000D9KWL9,0.0018524519,0.013141579,140676
20100317,11:45:00.000,BBG000BR37X2,0.018923815,0.030514862,3334060
20100317,11:45:00.000,BBG000BR54L0,0.003147604,0.013163572,1706784
20100317,11:45:00.000,BBG000BLHRS2,-0.006030483,-0.0031035913,490322
20100317,11:45:00.000,BBG000BX3BL3,-0.015743606,0.0047014193,396606
20100317,11:45:00.000,BBG000BL5W86,0.004580122,0.024368757,4584089
20100317,11:45:00.000,BBG000BJKPG0,0.0015782735,0.011059211,461017
20100317,11:45:00.000,BBG000BCYP43,0.0047843996,0.006308475,212885
20100317,11:45:00.000,BBG000MBDGM6,0.011033588,0.024091862,192939
20100317,11:45:00.000,BBG000CGT2S4,-0.009731044,-0.001758912,395918
20100317,11:45:00.000,BBG000BMFFQ0,0.0023104115,0.019211417,548139
20100317,11:45:00.000,BBG000BWVSR1,0.0015805264,0.003982183,431937
20100317,11:45:00.000,BBG000FL0BC8,-0.01419349,-0.00731698,1419763
20100317,11:45:00.000,BBG000F86GP6,-0.010260813,-1.0050446e-07,290660
20100317,11:45:00.000,BBG000BHB3M6,0.0058319354,0.01390782,249882
20100317,11:45:00.000,BBG000BDWKC5,0.00062780135,0.0071038944,1064618
20100317,11:45:00.000,BBG000BJDPC2,0.024529845,0.026542336,1210515
20100317,11:45:00.000,BBG000BP4MH0,-0.0033188772,0.004490845,1339942
20100317,11:45:00.000,BBG000C9W1Y1,,,1544230
20100317,11:45:00.000,BBG000BKSL41,-0.0012571055,0.007249348,989509
20100317,11:45:00.000,BBG000CVWGS6,0.007543994,0.011173263,5690064
20100317,11:45:00.000,BBG000F80SZ5,0.013073955,0.024121473,3897785
20100317,11:45:00.000,BBG000DKCC19,0.0011009797,0.0022636452,1142235
20100317,11:45:00.000,GEN_EQ0010091900001000,0.01932616,0.021387834,242724
20100317,11:45:00.000,BBG000BG7986,0.009992392,0.008606747,805925
20100317,11:45:00.000,BBG000D7RKJ5,0.00024235006,0.0042172545,506447
20100317,11:45:00.000,BBG000KLB4Q1,0.0057310327,0.019777358,1607418
20100317,11:45:00.000,BBG000DQTXY6,-0.007669795,-0.0015334034,960202
20100317,11:45:00.000,BBG000BFS7D3,0.007814881,0.007112892,1078163
20100317,11:45:00.000,BBG000BV75B7,-0.005767314,-0.007921001,916644
20100317,11:45:00.000,BBG000C2PW58,0.041093074,0.05282047,439273
20100317,11:45:00.000,BBG000BKZTP3,-0.018317206,-0.0056490777,1860784
20100317,11:45:00.000,BBG000CFJL87,-0.001192144,-0.0049350243,685080
20100317,11:45:00.000,BBG000QY3XZ2,-0.0061984356,0.0057105455,1499476
20100317,11:45:00.000,BBG000BJ5GK2,-0.0036150068,0.0038663894,420894
20100317,11:45:00.000,BBG000Q0BPZ4,0.028745415,0.04326882,3139148
20100317,11:45:00.000,BBG000NSCNT7,0.009576452,0.03577436,1695366
20100317,11:45:00.000,GEN_EQ0010104800001000,0.00935252,0.021010157,2911350
20100317,11:45:00.000,BBG000G8N9C6,-0.006791399,-0.0044083754,525822
20100317,11:45:00.000,BBG000BHKYH4,-0.00409243,0.0022883865,439530
20100317,11:45:00.000,BBG000BK1FD3,-0.016725946,0.00071846345,1117859
20100317,11:45:00.000,BBG000BT4T69,0.0013601206,0.0035652348,2324749
20100317,11:45:00.000,GEN_EQ0011591100001000,0.0007739415,0.0056946944,832629
20100317,11:45:00.000,BBG000FFH4P5,-0.0027391247,0.0053649796,336956
20100317,11:45:00.000,BBG000BGRKT6,0.008047818,0.008551006,263977
20100317,11:45:00.000,BBG000DN7P92,0.004642483,0.0065852953,476358
20100317,11:45:00.000,BBG000M4SW14,0.00819282,0.015459524,405953
20100317,11:45:00.000,BBG000BNGTQ7,-0.0004338507,0.0016179441,1660827
20100317,11:45:00.000,BBG000BL79J3,-0.0041060266,-0.001510633,1004501
20100317,11:45:00.000,BBG000BDG1Y1,-0.003669117,0.0019052847,895135
20100317,11:45:00.000,BBG000D9DMK0,0.005174227,0.0069323783,264366
20100317,11:45:00.000,BBG000BVPPM1,0.015981857,0.027987245,2718387
20100317,11:45:00.000,BBG000D3MB18,-0.0069818306,-0.0011516474,1618570
20100317,11:45:00.000,BBG000DGPR66,0.0071308627,0.012658009,256778
20100317,11:45:00.000,BBG000BLDV98,-0.0031729424,-0.004724383,995855
20100317,11:45:00.000,BBG000C6F3T8,0.0077218767,0.013006416,1299505
20100317,11:45:00.000,BBG000BS0ZF1,0.0019740444,0.0062043946,145403
20100317,11:45:00.000,BBG000DNTSP4,-0.0061056693,0.0026735256,580736
20100317,11:45:00.000,BBG000LL9LQ5,-0.004954477,0.003384922,913478
20100317,11:45:00.000,GEN_EQ0140919900001000,0.0016138968,0.0030420967,586500
20100317,11:45:00.000,BBG000QRSL13,-0.00808997,0.0050379112,4247511
20100317,11:45:00.000,BBG000BRJ809,0.006323948,0.010679258,263699
20100317,11:45:00.000,BBG000D1QCF1,-0.013445862,0.0005524203,542869
20100317,11:45:00.000,BBG000BLCPY4,0.006894594,0.010141598,681142
20100317,11:45:00.000,BBG000CNWNL6,0.007858168,0.03049399,1058069
20100317,11:45:00.000,BBG000DV7MX4,-0.0118237045,0.0049475213,5145293
20100317,11:45:00.000,BBG000BP1152,-0.015271562,-0.0075210845,1815046
20100317,11:45:00.000,BBG000BHCP19,-0.008226939,0.007055458,1159725
20100317,11:45:00.000,BBG000BGKHZ3,-0.012123004,0.0007473886,512245
20100317,11:45:00.000,BBG000BMB7R1,0.006552796,0.010994373,392939
20100317,11:45:00.000,BBG000BHLYS1,-0.0022406294,-0.0013497111,485769
20100317,11:45:00.000,BBG000BKWSR6,0.019042859,0.03445093,11671257
20100317,11:45:00.000,BBG000JN9BQ6,0.013382609,0.015570805,603878
20100317,11:45:00.000,BBG000BRZBT3,0.0012147205,0.008303526,1055667
20100317,11:45:00.000,BBG000FBK808,0.009271639,0.018465254,5678111
20100317,11:45:00.000,BBG000BXRPH1,-0.011093946,-0.0004647227,637723
20100317,11:45:00.000,BBG000BQSQ38,-0.0050495765,0.0052636927,639250
20100317,11:45:00.000,BBG000BVMPN3,0.014811689,0.028971989,508015
20100317,11:45:00.000,BBG000BGFLL5,-0.00060488336,0.013183147,891035
20100317,11:45:00.000,BBG000BJ98Z0,0.023943804,0.021169668,613485
20100317,11:45:00.000,BBG000NDZ417,-0.010550824,-0.004431463,670471
20100317,11:45:00.000,BBG000BKPL53,-0.0056276005,-0.003548811,445578
20100317,11:45:00.000,BBG000BD0TF8,0.011078223,0.02511607,417723
20100317,11:45:00.000,BBG000BY2Y78,0.009954013,0.02636663,1723328
20100317,11:45:00.000,BBG000BPMH90,0.006628016,0.017643563,728166
20100317,11:45:00.000,BBG000BBNYF6,0.012965152,0.019373288,720173
20100317,11:45:00.000,BBG000FJRZ68,-0.009284928,-0.00577116,994843
20100317,11:45:00.000,BBG000FKJRC5,0.0031623226,0.0039389147,249129
20100317,11:45:00.000,BBG000CL9VN6,-0.0017332762,0.004387836,272600
20100317,11:45:00.000,BBG000BK6G19,-0.005182345,0.00073780195,475328
20100317,11:45:00.000,BBG000C23KJ3,-0.009283942,-0.0033689432,3013564
20100317,11:45:00.000,BBG000BB5BF6,-0.012049355,-0.0041224617,1445092
20100317,11:45:00.000,BBG000BK5DP1,-8.857014e-05,0.007924645,1605799
20100317,11:45:00.000,BBG000BJVZF7,0.0031277232,0.003345255,426510
20100317,11:45:00.000,BBG000BN5HF7,-0.004097455,0.0065616053,1465377
20100317,11:45:00.000,BBG000BL9439,-0.0025654293,0.0008452015,492782
20100317,11:45:00.000,BBG000BJQWD2,0.0050907047,0.018000377,1441994
20100317,11:45:00.000,BBG000D8RG11,0.0013634702,0.0048855245,691363
20100317,11:45:00.000,BBG000BS9489,0.0077664983,0.011982372,463560
20100317,11:45:00.000,BBG000BH5DV1,0.0011003149,0.004185994,985421
20100317,11:45:00.000,BBG000BMKDM3,-0.0031939067,-0.0016085022,586237
20100317,11:45:00.000,BBG000C75N77,-0.0015071441,0.009813284,1311226
20100317,11:45:00.000,BBG000BKXFN7,-0.0077451137,-0.0020186037,2479039
20100317,11:45:00.000,BBG000BTCH57,-0.0037266957,0.0028028018,498429
20100317,11:45:00.000,BBG000BM7HL0,0.003707648,0.013827274,1158642
20100317,11:45:00.000,BBG000BNFLM9,-0.0078052003,0.0026661055,1085276
20100317,11:45:00.000,BBG000BBVCN6,0.0044562616,0.004672676,276647
20100317,11:45:00.000,BBG000LD9JQ8,-0.0070436206,0.0010185895,1926607
20100317,11:45:00.000,BBG000MDCQC2,-0.0047019077,-0.0042307214,1006524
20100317,11:45:00.000,BBG000BLBXT4,-0.007184126,-0.0025891669,1031193
20100317,11:45:00.000,BBG000BDXGP9,0.0054871943,0.005858484,819480
20100317,11:45:00.000,BBG000BR3KL6,0.0049053533,0.011249428,494334
20100317,11:45:00.000,BBG000BX9WL1,0.028150588,0.047307953,5490743
20100317,11:45:00.000,BBG000BQ74K1,-0.00021942248,0.011139313,357721
20100317,11:45:00.000,BBG000BWSV34,0.004025041,0.007151706,359022
20100317,11:45:00.000,BBG000BQZMH4,-0.006494945,-0.0038563183,1028652
20100317,11:45:00.000,GEN_EQ0010066700001000,-0.0062331143,-0.0058322162,732956
20100317,11:45:00.000,BBG000BQVTF5,-0.0018959135,0.0064694188,918016
20100317,11:45:00.000,BBG000LC1FS4,0.010455495,0.022407798,653631
20100317,11:45:00.000,GEN_EQ0010050500001000,-0.008849999,0.00089327665,3426773
20100317,11:45:00.000,BBG000G3QLY3,0.01263942,0.017182317,463457
20100317,11:45:00.000,BBG000QBR5J5,-0.005587168,0.007191329,4718486
20100317,11:45:00.000,BBG000BTQR96,0.008754541,0.013680816,844768
20100317,11:45:00.000,GEN_EQ0012661800001000,-0.013330715,-0.012922954,994740
20100317,11:45:00.000,BBG000CKJ0P3,0.003037944,0.00018707849,314806
20100317,11:45:00.000,BBG000HGYNZ9,-0.0067914496,0.0021992389,1813056
20100317,11:45:00.000,BBG000BV7LP7,0.005806886,0.013187046,1254417
20100317,11:45:00.000,BBG000BBVK30,-0.0053596045,-0.0093123065,5356987
20100317,11:45:00.000,BBG000BFXHL6,-0.008917025,-0.006032884,1354084
20100317,11:45:00.000,BBG000BGLRN3,0.0045999005,0.004307418,835847
20100317,11:45:00.000,BBG000C2V3D6,-0.007023667,0.005087101,843342
20100317,11:45:00.000,BBG000BGVW60,0.0060920855,0.0067662396,1760440
20100317,11:45:00.000,BBG000BTVJ25,0.00901604,0.016413625,1579149
20100317,11:45:00.000,GEN_EQ0010020500001000,0.0039835223,0.015649691,1382394
20100317,11:45:00.000,BBG000BHQ1H0,0.0070124296,0.005719613,245533
20100317,11:45:00.000,BBG000BNC3Y9,0.034781538,0.056229245,3734988
20100317,11:45:00.000,BBG000BVVQQ8,-0.0024447062,0.015034509,1065847
20100317,11:45:00.000,GEN_EQ0010281900001000,0.00045351588,-0.0012707384,502123
20100317,11:45:00.000,BBG000C1FB75,-0.0030089808,0.0109040495,186198
20100317,11:45:00.000,BBG000BFTJ91,0.008630727,0.008990566,2155914
20100317,11:45:00.000,BBG000C1FQS9,-0.0059128073,-0.00205525,326608
20100317,11:45:00.000,BBG000BSBZH7,-0.0030035586,-0.0040581482,804669
20100317,11:45:00.000,BBG000F15NW9,-0.01626773,-0.016468363,2058439
20100317,11:45:00.000,BBG000BPT0C6,0.021913812,0.02870645,859812
20100317,11:45:00.000,GEN_EQ0010145600001000,0.0013825959,-0.0009754752,522168
20100317,11:45:00.000,BBG000H89QJ6,0.0042985533,0.003605815,409777
20100317,11:45:00.000,BBG000BR14K5,0.0005316808,0.010640983,762472
20100317,11:45:00.000,BBG000BP6L99,0.005611571,0.008984658,12692195
20100317,11:45:00.000,BBG000BQWPC5,0.0023571646,0.0026593874,396727
20100317,11:45:00.000,BBG000BNNYW1,0.0034917935,0.0064841346,601196
20100317,11:45:00.000,BBG000BJ3PD2,0.0007709481,0.006637193,369246
20100317,11:45:00.000,BBG000PVRDL2,0.004551,0.014506073,2846394
20100317,11:45:00.000,BBG000C2ZCH8,-0.0023185464,-0.0023850242,391636
20100317,11:45:00.000,BBG000TK7PB8,0.02256763,0.03987218,3500872
20100317,11:45:00.000,BBG000BB6M98,-0.003762983,-6.693157e-06,557687
20100317,11:45:00.000,BBG000HW5GX3,0.006086912,0.012552473,661053
20100317,11:45:00.000,BBG000BLKK03,0.004588065,-0.00241282,489853
20100317,11:45:00.000,BBG000BCZYD3,0.0033514877,0.002848786,224942
20100317,11:45:00.000,BBG000CSY9H9,-0.010718179,-0.0032440224,495412
20100317,11:45:00.000,BBG000BB9KF2,-0.0021768694,-0.00014367813,495195
20100317,11:45:00.000,BBG000BMQPL1,0.023083491,0.038986325,7317940
20100317,11:45:00.000,BBG000BMTFR4,-0.0071021803,0.005685574,1460351
20100317,11:45:00.000,BBG000H9G7X2,0.007653685,0.010698463,659563
20100317,11:45:00.000,BBG000BCNYT9,0.0048527997,0.0067729447,788477
20100317,11:45:00.000,BBG000C0MF34,-0.005344443,-0.0015815233,354754
20100317,11:45:00.000,BBG000BN2DC2,-0.008784289,-0.002019632,428637
20100317,11:45:00.000,BBG000BN9WT5,0.00399721,0.018434333,2910069
20100317,11:45:00.000,BBG000BQ5DS5,0.0021358896,0.002629381,596034
20100317,11:45:00.000,BBG000BCGY17,-0.0052351826,-0.0032478608,597876
20100317,11:45:00.000,BBG000BB6G37,-0.001049673,0.013326429,1502440
20100317,11:45:00.000,BBG000CHPY97,-0.022170156,-0.017212607,2614169
20100317,11:45:00.000,BBG000TWC2V5,-0.0025700745,-0.0045037875,823396
20100317,11:45:00.000,GEN_EQ0117562400001000,-0.006450043,-0.005570665,6172431
20100317,11:45:00.000,BBG000BP0KQ8,-0.00033911358,0.0083770575,2056149
20100317,11:45:00.000,BBG000BB5373,0.018323584,0.029642513,3955721
20100317,11:45:00.000,BBG000BM6788,-0.0065853177,0.0005603352,1244664
20100317,11:45:00.000,BBG000BH3JF8,-0.0075623943,-0.004743374,649852
20100317,11:45:00.000,GEN_EQ0085215200001000,-0.00075550383,0.0072277687,2929808
20100317,11:45:00.000,BBG000BQ2C28,-0.0012590864,0.0025525445,452339
20100317,11:45:00.000,BBG000BX5ZF5,-0.019435616,-0.008915132,7044624
20100317,11:45:00.000,BBG000BMDV41,0.009362029,0.013255346,864079
20100317,11:45:00.000,GEN_EQ0010319800003000,-0.012211885,-0.01766813,1991622
20100317,11:45:00.000,BBG000BG14P4,-0.001585621,0.006345255,577254
20100317,11:45:00.000,BBG000GC80B4,,,1272472
20100317,11:45:00.000,BBG000BB2DM7,-0.00800719,0.001651341,2761087
20100317,11:45:00.000,BBG000BWJFZ4,-0.004970039,-0.004290133,867697
20100317,11:45:00.000,BBG000BHGDH5,-0.00038507764,-8.156902e-10,2557759
20100317,11:45:00.000,BBG000BZ2GG4,-0.004394828,0.0059071924,1297251
20100317,11:45:00.000,BBG000D898T9,0.0026732131,0.0034000273,898734
20100317,11:45:00.000,BBG000BMF5J0,-0.0073346733,-0.00016229953,971529
20100317,11:45:00.000,BBG000BKLH74,-0.006567926,-0.0064419494,2798232
20100317,11:45:00.000,BBG000BGPTV6,-0.0044462457,0.0014828206,1150637
20100317,11:45:00.000,BBG000BH3GZ2,0.007454253,0.016739598,1641900
20100317,11:45:00.000,BBG000BVWLJ6,-0.008060542,0.0034896268,785700
20100317,11:45:00.000,BBG000C496P7,-0.01363509,-0.0060959347,3229032
20100317,11:45:00.000,BBG000JG0547,0.0052428055,0.010963005,925510
20100317,11:45:00.000,BBG000DYGNW7,0.0057650795,0.00644264,437175
20100317,11:45:00.000,BBG000BNJHS8,-0.0041731317,-0.008349158,3272075
20100317,11:45:00.000,BBG000BPQD31,-0.00014346513,0.00045279178,962455
20100317,11:45:00.000,BBG000BT9DW0,0.0006505782,0.00090303266,914182
20100317,11:45:00.000,BBG000BB2KW0,-0.011961412,-0.010435919,476914
20100317,11:45:00.000,BBG000BK67C7,0.007727612,0.0071205953,618087
20100317,11:45:00.000,BBG000DHSPT0,-5.6293543e-06,0.00335229,734890
20100317,11:45:00.000,BBG000BFMBQ6,-0.000799617,-0.009007834,767076
20100317,11:45:00.000,BBG000B9WJ73,0.00797539,0.024601912,3619787
20100317,11:45:00.000,BBG000FVXD63,-0.015181815,-0.0073129707,1159195
20100317,11:45:00.000,BBG000B9XYV2,-0.006397245,-0.006210102,1317943
20100317,11:45:00.000,BBG000BMBL90,0.011143569,0.016802974,1752871
20100317,11:45:00.000,BBG000BB1TH9,-0.0030450027,0.009701009,447795
20100317,11:45:00.000,BBG000BVMGF2,-0.006054029,0.008060573,2008254
20100317,11:45:00.000,BBG000BSD7C2,-0.00091864594,-0.00017655532,533824
20100317,11:45:00.000,BBG000J5Q6L2,-0.024088673,-0.004225523,3672808
20100317,11:45:00.000,BBG000BC4JJ4,-0.008797732,-0.0048765065,528196
20100317,11:45:00.000,BBG000BM5SR2,0.021751817,0.049694855,6124133
20100317,11:45:00.000,BBG000BJPDZ1,0.00068779424,-0.00021066277,154285
20100317,11:45:00.000,BBG000BZTW70,-0.01225797,-0.00703276,2099498
20100317,11:45:00.000,BBG000C5HS04,0.0021004921,0.004261683,652104
20100317,11:45:00.000,BBG000M65M61,-0.028129037,-0.028734252,4809096
20100317,11:45:00.000,BBG000BY29C7,0.0034833772,0.008195829,721322
20100317,11:45:00.000,BBG000BB6WG8,0.0026085381,0.0076954593,1651265
20100317,11:45:00.000,GEN_EQ0010172300001000,-0.0045655933,-0.0064554354,509321
20100317,11:45:00.000,BBG000C2BXK4,0.0038704916,0.01709385,18067376
20100317,11:45:00.000,BBG000BBBNC6,-0.0049275407,0.018521516,724253
20100317,11:45:00.000,BBG000PM7GJ0,0.027535982,0.04211611,1749138
20100317,11:45:00.000,BBG000Q3JN03,0.004637689,0.022651542,11601611
20100317,11:45:00.000,BBG000C0LW92,-0.018666705,-0.012703016,25918670
20100317,11:45:00.000,BBG000BF1R66,0.009995047,0.019075796,863698
20100317,11:45:00.000,BBG000NSQ9M0,-0.0129600335,-0.0039198827,4274483
20100317,11:45:00.000,BBG000FQ6PY6,-0.03637491,-0.03340852,7104753
20100317,11:45:00.000,BBG000BWVCP8,-0.014846009,-0.0021624763,2208621
20100317,11:45:00.000,BBG000BJSBJ0,-0.0035342865,-0.00052235415,390852
20100317,11:45:00.000,BBG000BLM0V1,,,793135
20100317,11:45:00.000,BBG000BMY992,-0.0007106221,0.0053826617,2689149
20100317,11:45:00.000,BBG000BVDLH9,0.007901049,0.009088878,765541
20100317,11:45:00.000,BBG000C0F570,0.00206661,0.01522192,2338524
20100317,11:45:00.000,BBG000BBQCY0,0.009880292,0.022375751,9796211
20100317,11:45:00.000,GEN_EQ0000000001064567,0.0039559896,0.011353985,694079
20100317,11:45:00.000,BBG000BKCFC2,-0.0052268147,-0.0049806866,435803
20100317,11:45:00.000,BBG000CGQ6M4,0.0073269666,0.008999537,524769
20100317,11:45:00.000,BBG000C17X76,-0.0050875116,-0.0068627372,573341
20100317,11:45:00.000,BBG000DTMH63,,,1515230
20100317,11:45:00.000,BBG000R7Z112,0.0003046671,-2.3876927e-07,3473377
20100317,11:45:00.000,BBG000BBMSJ6,-0.0044653355,0.008656633,2878866
20100317,11:45:00.000,BBG000BY33P5,-0.0033629583,0.002633586,1195499
20100317,11:45:00.000,BBG000BV8DN6,0.0017786197,0.0012728237,802812
20100317,11:45:00.000,GEN_EQ0010135600001000,0.004260834,0.015778603,2338462
20100317,11:45:00.000,BBG000JN8R00,0.006778371,0.018940043,809732
20100317,11:45:00.000,BBG000K14Q84,-0.01658549,-0.006746611,1039564
20100317,11:45:00.000,BBG000BBDV81,0.00054007384,0.011708468,706207
20100317,11:45:00.000,BBG000BMW2Z0,0.0020060993,0.000826505,1000790
20100317,11:45:00.000,BBG000DLVDK3,-0.004159743,0.0038454991,1064283
20100317,11:45:00.000,BBG000CKVSG8,0.003754974,0.01652111,1954537
20100317,11:45:00.000,BBG000G0Z878,0.028738245,0.04918335,9716145
20100317,11:45:00.000,BBG000BGJRC8,0.00032716378,0.0008728093,699697
20100317,11:45:00.000,BBG000BL8GJ6,-0.012764187,0.00064116064,3301317
20100317,11:45:00.000,BBG000HCJMF9,-0.0011892645,0.01814044,1041733
20100317,11:45:00.000,BBG000BB6KF5,0.001845691,0.018977195,2072283
20100317,11:45:00.000,BBG000BYYLS8,-0.0016724459,0.0091817295,2073136
20100317,11:45:00.000,BBG000FJLFX8,-0.005533305,-0.011884138,1271938
20100317,11:45:00.000,BBG000D9D830,0.008238942,0.017617133,1552599
20100317,11:45:00.000,BBG000BHX7N2,-0.00048102246,0.0059544765,763922
20100317,11:45:00.000,BBG000CTQBF3,-0.011082706,0.0011870478,2954632
20100317,11:45:00.000,BBG000BBD070,0.0059325052,0.019294646,1138879
20100317,11:45:00.000,BBG000BH2JM1,-0.017002214,-0.012156564,5333901
20100317,11:45:00.000,BBG000CS7CT9,-0.0010625884,0.0027265197,1129321
20100317,11:45:00.000,BBG000BFL116,-0.012201762,-0.0029920205,354898
20100317,11:45:00.000,BBG000BFC8J2,0.013853554,0.011380847,1309746
20100317,11:45:00.000,BBG000C15T95,-0.0046511907,-0.0075762994,533557
20100317,11:45:00.000,BBG000FP1N32,-0.0038179774,0.005878846,1789271
20100317,11:45:00.000,BBG000JWD753,-0.0061609335,0.004986258,20526632
20100317,11:45:00.000,BBG000BWNFZ9,0.017586557,0.027989982,3385784
20100317,11:45:00.000,BBG000BSLZY7,-0.013804605,-0.0027076304,4491720
20100317,11:45:00.000,BBG000BCBCM7,-0.00015514245,0.00084686576,2295274
20100317,11:45:00.000,BBG000BBGGQ1,-0.003536287,0.007294097,4681556
20100317,11:45:00.000,BBG000BCWCG1,0.002871792,0.011123778,1786900
20100317,11:45:00.000,BBG000BLBVN4,0.0030635844,0.010156848,421520
20100317,11:45:00.000,BBG000C46HM9,-0.016914211,-0.012923954,2814284
20100317,11:45:00.000,BBG000BTKGG8,0.017761463,0.034180097,2733811
20100317,11:45:00.000,GEN_EQ0010059600001000,0.046378266,0.062189095,5467686
20100317,11:45:00.000,BBG000C8H633,0.0021592462,0.013259566,2213743
20100317,11:45:00.000,BBG000BTR593,-0.0038301833,0.0017610657,1945310
20100317,11:45:00.000,GEN_EQ0000000000158587,0.002802521,0.0043708915,755754
20100317,11:45:00.000,BBG000F6H8W8,0.0013353771,0.008292261,1114565
20100317,11:45:00.000,BBG000BFQYY3,-0.0047002537,-0.006561357,1006541
20100317,11:45:00.000,BBG000BNBDC2,0.0018043396,0.0002763035,2034628
20100317,11:45:00.000,BBG000BSJTT0,0.0010754922,0.014790821,1751627
20100317,11:45:00.000,BBG000BJL3N0,0.0034348473,0.017132422,4508732
20100317,11:45:00.000,BBG000BYWTX7,-0.010860916,0.0014697182,7002694
20100317,11:45:00.000,BBG000BD8PN9,-0.0015995007,0.008929837,2001763
20100317,11:45:00.000,BBG000BHLYP4,-0.005345221,0.0053291223,93870
20100317,11:45:00.000,BBG000C1BW00,0.0013923655,0.0026600407,718586
20100317,11:45:00.000,BBG000J6XT05,-0.008850061,-0.0035268164,1097989
20100317,11:45:00.000,BBG000BJX8C8,-0.00054620206,0.013490599,1306427
20100317,11:45:00.000,BBG000BCVJ77,0.009501401,0.007835025,849899
20100317,11:45:00.000,BBG000BZ9223,-0.00570912,-0.0018651439,957030
20100317,11:45:00.000,BBG000H556T9,-0.0060250545,-0.0006979519,1499935
20100317,11:45:00.000,BBG000BJF1Z8,0.008573001,0.014101909,1597509
20100317,11:45:00.000,BBG000BB5006,0.012655557,0.017992357,4145969
20100317,11:45:00.000,BBG000F0KF42,,,5575897
20100317,11:45:00.000,BBG000BKFBD7,0.006755001,0.023630131,1751161
20100317,11:45:00.000,BBG000BFDXW1,-0.006834474,0.00522395,1505964
20100317,11:45:00.000,BBG000BW3299,0.0005009031,-0.0010217277,1485516
20100317,11:45:00.000,BBG000F0PF65,-0.0006154524,0.0054735476,1706351
20100317,11:45:00.000,BBG000BNWG87,-0.0033993267,-0.0033253615,1890224
20100317,11:45:00.000,BBG000BH13K9,0.0039826613,0.008907374,1735595
20100317,11:45:00.000,BBG000BH1NH9,0.0024813039,0.008312107,937432
20100317,11:45:00.000,BBG000DY8ZS4,-0.010025473,0.0034373964,6197570
20100317,11:45:00.000,BBG000BP8Z50,-0.020974064,-0.010847802,8436425
20100317,11:45:00.000,BBG000BJ81C1,0.0031459685,0.010403979,1265044
20100317,11:45:00.000,BBG000BBVJZ8,-0.011016492,-0.006494431,3212139
20100317,11:45:00.000,BBG000BQ8KV2,-0.021450792,-0.012909327,2996455
20100317,11:45:00.000,BBG000BGKTF9,-0.013813824,0.0035912558,1937917
20100317,11:45:00.000,BBG000BFRF55,-0.0008746172,0.012528974,2221967
20100317,11:45:00.000,BBG000BRK7L6,0.0026916133,0.013590389,5392026
20100317,11:45:00.000,BBG000BWLMJ4,-0.00664846,0.0011587602,1839843
20100317,11:45:00.000,BBG000BD4VG8,0.004416726,0.01734452,1622215
20100317,11:45:00.000,BBG000FW00S1,0.008799438,0.023870636,3334943
20100317,11:45:00.000,BBG000BBJQV0,0.0034708919,0.018022703,6642988
20100317,11:45:00.000,BBG000C5Z1S3,0.0025361604,0.02153665,10858593
20100317,11:45:00.000,BBG000BC40Y8,0.01437728,0.02212939,1847562
20100317,11:45:00.000,BBG000DWYF03,-0.0029819692,0.00071280013,4540720
20100317,11:45:00.000,BBG000BRD0D8,0.007415735,0.020144986,2424474
20100317,11:45:00.000,BBG000H8TVT2,-0.0061810776,-0.004865116,822482
20100317,11:45:00.000,BBG000BP6LJ8,-0.00264154,-0.0019664345,3408382
20100317,11:45:00.000,BBG000BKFZM4,0.01901184,0.02650776,8266168
20100317,11:45:00.000,BBG000BHBK84,-0.0063630827,0.00098383,2908788
20100317,11:45:00.000,BBG000FG3C43,-0.017161544,-0.0045778896,2538134
20100317,11:45:00.000,BBG000BH23R1,0.012109246,0.022354512,13375191
20100317,11:45:00.000,BBG000F1ZSQ2,-0.016886393,-0.0066130757,422440
20100317,11:45:00.000,BBG000GFFQN9,-0.002399994,0.010998751,5518045
20100317,11:45:00.000,BBG000BNDN65,0.0020709103,0.008387985,4842950
20100317,11:45:00.000,BBG000C43RR5,0.007917284,0.01977958,5436872
20100317,11:45:00.000,BBG000BP52R2,-0.0042625186,0.0039188704,1374195
20100317,11:45:00.000,BBG000BBPFB9,0.0020029442,0.012846214,13138741
20100317,11:45:00.000,BBG000BC2C10,0.009480599,0.014914364,844431
20100317,11:45:00.000,BBG000BFT2L4,0.0050633345,0.005141555,4101679
20100317,11:45:00.000,BBG000L9CV04,0.004312961,0.008327562,1907733
20100317,11:45:00.000,BBG000FL1TC8,-0.0054126605,-0.0076394,2440883
20100317,11:45:00.000,BBG000FFDM15,-0.011875658,-0.00038299354,3988648
20100317,11:45:00.000,BBG000BH4R78,-0.000782047,-0.00059306563,2185889
20100317,11:45:00.000,BBG000B9ZXB4,0.0019096584,-0.0023764235,2647102
20100317,11:45:00.000,BBG000BGRY34,0.003376446,0.0074405693,2334077
20100317,11:45:00.000,BBG000G2R6M0,-0.005855326,0.0023720136,3097029
20100317,11:45:00.000,BBG000BCSST7,0.0033528272,0.002182392,2361575
20100317,11:45:00.000,BBG000BVV7G1,-0.0039377343,0.009325164,5001114
20100317,11:45:00.000,BBG000BW8S60,-0.004378524,-0.0031758922,1412573
20100317,11:45:00.000,BBG000BL4504,-0.013543957,-0.005115592,6211434
20100317,11:45:00.000,BBG000DQLV23,-0.0024541274,-0.006539788,5173752
20100317,11:45:00.000,BBG000BBS2Y0,-0.0024044497,-0.00687779,1645686
20100317,11:45:00.000,BBG000BHVJJ3,-0.010871356,-0.0031955023,8715382
20100317,11:45:00.000,BBG000J2XL74,0.006693139,0.010342659,1690695
20100317,11:45:00.000,BBG000CH5208,-0.0161393,-0.022077901,4378825
20100317,11:45:00.000,BBG000BCQZS4,-0.00292905,0.0070900256,2703071
20100317,11:45:00.000,BBG000BFWKC0,0.011928506,0.0093676075,3158717
20100317,11:45:00.000,BBG000BCG930,0.004815642,-0.005731288,2810595
20100317,11:45:00.000,BBG000PSKYX7,-0.00042061452,0.0069887443,1241415
20100317,11:45:00.000,BBG000BPWXK1,-0.0057815453,0.0032147232,2296874
20100317,11:45:00.000,BBG000BWXBC2,-0.0045458297,-0.0016066664,4909032
20100317,11:45:00.000,BBG000BQQ2S6,0.006423161,0.011171273,1617525
20100317,11:45:00.000,BBG000BH5LT6,-0.0016783795,-0.00057888974,2097138
20100317,11:45:00.000,BBG000DWG505,0.0010998992,0.0015806888,1253825
20100317,11:45:00.000,BBG000BF0K17,0.0018261416,0.008073151,2249115
20100317,11:45:00.000,BBG000BKTFN2,0.01587997,0.02648582,5930974
20100317,11:45:00.000,BBG000BB07P9,0.0019683407,0.0094847735,3465989
20100317,11:45:00.000,BBG000BNSZP1,-0.005027192,0.0012119113,1572890
20100317,11:45:00.000,BBG000BKZB36,-0.0061112633,-0.0012293893,4597817
20100317,11:45:00.000,BBG000CKGBP2,-0.006276872,-0.011374364,2690058
20100317,11:45:00.000,BBG000DH7JK6,0.0035586488,0.0055241124,1995270
20100317,11:45:00.000,BBG000D4LWF6,-0.0039571277,-0.0040409607,3759985
20100317,11:45:00.000,BBG000BQQH30,0.010425388,0.016096583,4548496
20100317,11:45:00.000,BBG000B9WH86,0.036115132,0.050017245,33644228
20100317,11:45:00.000,BBG000BQLTW7,0.009735538,0.010708325,13109734
20100317,11:45:00.000,BBG000HS77T5,0.0029016691,0.0026726758,6349819
20100317,11:45:00.000,GEN_EQ0011904200001000,0.01058877,0.014127969,8163106
20100317,11:45:00.000,BBG000BLZRJ2,-0.006529558,0.005611215,4864922
20100317,11:45:00.000,BBG000BMX289,-0.00075877516,0.0014899358,3335193
20100317,11:45:00.000,BBG000BPD168,-0.0024701187,-0.007117418,3481816
20100317,11:45:00.000,BBG000BT41Q8,0.005743953,0.015486196,5284406
20100317,11:45:00.000,BBG000BMHYD1,0.0056486544,0.0026359078,3120132
20100317,11:45:00.000,BBG000BR2TH3,0.0072280862,0.0050366023,2903136
20100317,11:45:00.000,BBG000KHWT55,-7.848082e-05,0.0066849426,5427009
20100317,11:45:00.000,BBG000BTZQC4,-0.0066780807,-0.006189881,2368950
20100317,11:45:00.000,BBG000BSJK37,0.0036037997,0.0019342579,7066425
20100317,11:45:00.000,BBG000BLNNH6,-0.0061653648,-0.001088428,1916905
20100317,11:45:00.000,BBG000K4ND22,0.004855081,0.010946978,4338170
20100317,11:45:00.000,BBG000BX3TD3,-0.014623859,-0.0018391005,5886231
20100317,11:45:00.000,BBG000CR90K4,9.801162e-05,-0.00026639027,3480203
20100317,11:45:00.000,BBG000BVPV84,0.0015735286,0.006147417,1675265
20100317,11:45:00.000,BBG000CGC1X8,-0.0067016585,-0.003078139,8384086
20100317,11:45:00.000,BBG000BR2B91,0.001269424,-0.0005792008,19969662
20100317,11:45:00.000,BBG000BQPC32,0.018802047,0.019280223,30595760
20100317,11:45:00.000,BBG000BK6MB5,0.0025151183,0.014384226,77729752
20100317,11:45:00.000,BBG000C3J3C9,0.0034026327,0.004970013,11995154
20100317,11:45:00.000,BBG000C0G1D1,1.940845e-05,0.010451646,36508176
20100317,11:45:00.000,BBG000BWQFY7,-0.003462976,0.006274082,10953083
20100317,11:45:00.000,BBG000BJDB15,-0.0056074183,0.005112298,4451933
20100317,11:45:00.000,BBG000BPH459,0.0044251624,0.0074887075,20817416
20100317,11:45:00.000,BBG000C6CFJ5,0.0012690515,0.0088003725,3046453
20100317,11:45:00.000,BBG000DMBXR2,0.0056373305,0.015966538,12722938
20100317,11:45:00.000,BBG000BHSKN9,0.0007643992,0.00999585,1071237
20100317,11:45:00.000,BBG000GZQ728,0.004773662,0.013808924,14031749
20100317,11:45:00.000,BBG000BCTLF6,-0.003748389,0.0105606895,50456680
20100317,11:45:00.000,BBG000B9XRY4,0.0004697592,0.0058564567,5356384
20100317,12:00:00.000,GEN_EQ0021071400001000,-0.015538096,-0.006356124,880065
20100317,12:00:00.000,GEN_EQ0096849600001000,-0.008631549,0.011930379,398661
20100317,12:00:00.000,BBG000BJ49H3,-0.0018105416,0.0022845936,415809
20100317,12:00:00.000,BBG000BMFD58,-0.0061307303,0.0021279412,4470882
20100317,12:00:00.000,BBG000BFVXX0,-0.010528965,-0.008251439,588609
20100317,12:00:00.000,BBG000CHWP52,-0.00022030022,0.004317303,383088
20100317,12:00:00.000,BBG000BT9T73,0.06696694,0.084264725,23339088
20100317,12:00:00.000,BBG000BCQ4P6,0.003497676,0.010717676,476810
20100317,12:00:00.000,BBG000BMLWX8,0.014002551,0.01594107,1076658
20100317,12:00:00.000,BBG000BP7JB0,-0.005783654,0.004395329,1475099
20100317,12:00:00.000,BBG000BNW1S8,-0.013421695,0.0033080005,600987
20100317,12:00:00.000,BBG000MQ1SN9,0.0027492624,0.00199506,414080
20100317,12:00:00.000,BBG000BVB8Q0,-0.007518634,-0.0010921145,763381
20100317,12:00:00.000,BBG000BSC0K9,-0.005119182,-0.0022907548,292573
20100317,12:00:00.000,BBG000C7LMS8,0.0070679747,0.012793704,197782
20100317,12:00:00.000,BBG000BB5792,0.0069219363,0.014635494,794777
20100317,12:00:00.000,BBG000BFDLV8,0.015347261,0.020681165,243310
20100317,12:00:00.000,BBG000BTLMX5,0.0016472152,0.008090149,431904
20100317,12:00:00.000,BBG000CQB185,0.019894756,0.029390935,694938
20100317,12:00:00.000,BBG000BKVJK4,0.0048579494,0.0054176683,426260
20100317,12:00:00.000,BBG000BQC9V2,0.013323362,0.019349089,2609693
20100317,12:00:00.000,BBG000CC53X1,0.014253339,0.023713283,556500
20100317,12:00:00.000,BBG000C45984,-0.003549486,0.0030584068,549713
20100317,12:00:00.000,BBG000BJNGN9,-0.0025812532,0.009607472,1129720
20100317,12:00:00.000,BBG000FQRVM3,0.0027774917,0.0036101686,324975
20100317,12:00:00.000,BBG000D2M0Z7,-0.007902721,-0.0013758909,268719
20100317,12:00:00.000,BBG000K82ZT8,-0.004783363,-0.00043388104,447115
20100317,12:00:00.000,BBG000BF5RY1,0.004420864,0.006221529,3458812
20100317,12:00:00.000,BBG000BNMHS4,-0.005068507,0.004301628,426728
20100317,12:00:00.000,BBG000CPHYL4,0.0070939944,0.00873325,4381588
20100317,12:00:00.000,GEN_EQ0000000000852052,0.009088001,0.023341998,576486
20100317,12:00:00.000,BBG000BCHG15,0.018530635,0.026993565,298933
20100317,12:00:00.000,BBG000BNNKG9,0.007684749,0.016323932,1108953
20100317,12:00:00.000,BBG000DR22B6,-0.010710995,0.0004093589,1106499
20100317,12:00:00.000,BBG000BHK836,-0.007570195,0.004106787,552327
20100317,12:00:00.000,BBG000BV4DR6,0.010608584,0.028235223,1851725
20100317,12:00:00.000,BBG000BC9938,-0.013657468,-0.0052742357,407614
20100317,12:00:00.000,BBG000DSMS70,-0.007156995,-0.0066043194,279575
20100317,12:00:00.000,BBG000BWCKB6,0.0022541936,0.0052597285,254426
20100317,12:00:00.000,BBG000BP5YT0,-0.008912842,0.009132434,2757172
20100317,12:00:00.000,BBG000BGYWY6,0.0025509205,0.01034066,625161
20100317,12:00:00.000,GEN_EQ0010580600001000,0.008181446,0.01906634,734922
20100317,12:00:00.000,BBG000BFJ645,0.013268712,0.011759161,1385844
20100317,12:00:00.000,BBG000PV2L86,0.0040214765,0.0066488995,858093
20100317,12:00:00.000,BBG000BXBHJ4,-0.011622839,-0.004935302,388850
20100317,12:00:00.000,BBG000BB29X4,-0.001042678,0.00054768554,523361
20100317,12:00:00.000,BBG000BBBP59,-0.0036257345,0.0026143186,246100
20100317,12:00:00.000,BBG000BVHBM1,-0.0008278227,0.0004879932,928236
20100317,12:00:00.000,BBG000BWGYF8,0.02498624,0.05633223,1469445
20100317,12:00:00.000,BBG000BBL8V7,0.012285916,0.025172766,1182991
20100317,12:00:00.000,BBG000BPNP00,-0.001462868,0.0143921785,603329
20100317,12:00:00.000,BBG000RGM5P1,,,456280
20100317,12:00:00.000,BBG000FKYVH4,0.0037301185,0.012779283,343470
20100317,12:00:00.000,BBG000BGXZB5,0.009999682,0.00842334,1824223
20100317,12:00:00.000,BBG000BTQ9G8,0.0045098662,0.00865296,1019502
20100317,12:00:00.000,BBG000BCTQ65,0.004373017,0.004226158,566072
20100317,12:00:00.000,BBG000BK2F42,0.0073846406,0.01658527,847703
20100317,12:00:00.000,BBG000F7RCJ1,-0.004918489,0.0033091323,274649
20100317,12:00:00.000,BBG000C2YHG9,-0.0009619117,-2.0360687e-07,664060
20100317,12:00:00.000,BBG000BRJL00,-0.0009848261,0.0038048872,766729
20100317,12:00:00.000,BBG000BQT4L6,-0.002275507,0.0045002704,725257
20100317,12:00:00.000,BBG000FDBX90,-0.0024800529,-0.0013849183,785978
20100317,12:00:00.000,BBG000BKR1D6,-0.0023776104,0.006355978,167654
20100317,12:00:00.000,GEN_EQ0010003600001000,-0.0032644363,0.0012732386,432867
20100317,12:00:00.000,BBG000BPXVJ6,-0.00042824907,0.00034724054,1035531
20100317,12:00:00.000,BBG000BN84F3,0.0070148157,0.007371744,368514
20100317,12:00:00.000,BBG000DSZTN6,0.015020713,0.02618497,708108
20100317,12:00:00.000,BBG000BBCDZ2,-0.004354993,0.003161887,304432
20100317,12:00:00.000,BBG000PQ6YJ3,-0.011942844,-0.0024244913,139570
20100317,12:00:00.000,BBG000HQ7GC7,-0.008431907,0.002270103,785026
20100317,12:00:00.000,BBG000BC15S7,-0.0042423904,0.004060044,424444
20100317,12:00:00.000,BBG000PX3XC0,0.0014325194,0.011902213,320097
20100317,12:00:00.000,BBG000BSXQV7,0.0031107555,0.009761702,255157
20100317,12:00:00.000,BBG000BP1Q11,-0.00103256,0.0012724005,264892
20100317,12:00:00.000,GEN_EQ0010206100001000,-0.021877643,-0.024470085,3637653
20100317,12:00:00.000,BBG000C3GN47,0.0019332949,0.009112077,422821
20100317,12:00:00.000,BBG000BN7277,-0.00334722,0.0058920104,1124154
20100317,12:00:00.000,BBG000C3NTN5,0.004977057,0.004693864,1061114
20100317,12:00:00.000,BBG000DWB323,-0.0031213271,0.009526584,1469892
20100317,12:00:00.000,BBG000BR1W32,-0.006988891,0.005423417,661071
20100317,12:00:00.000,BBG000BF2KK4,-0.009593689,-0.0021114915,772040
20100317,12:00:00.000,BBG000BNBPQ0,0.011202088,0.0276458,799587
20100317,12:00:00.000,BBG000BWXL85,0.0009905053,0.005393777,634244
20100317,12:00:00.000,GEN_EQ0010624300001000,0.0036694088,0.0046117646,755061
20100317,12:00:00.000,BBG000JBN3X6,0.0015645287,-0.006447828,2602170
20100317,12:00:00.000,BBG000BFNR17,0.0014355261,0.013460516,754010
20100317,12:00:00.000,BBG000CXYSZ6,0.020815862,0.022946771,387304
20100317,12:00:00.000,BBG000FV1Z23,-0.013309217,-0.011804829,1036703
20100317,12:00:00.000,GEN_EQ0010548100001000,0.018663893,0.035065502,3979401
20100317,12:00:00.000,GEN_EQ0010141600001000,0.0028577398,0.01371428,997874
20100317,12:00:00.000,BBG000BW2QX0,0.0040140413,0.019011913,1799046
20100317,12:00:00.000,BBG000C1S2X2,-0.0026339414,-0.0064054597,383215
20100317,12:00:00.000,BBG000BVXPZ8,0.0069367858,0.013067739,1470816
20100317,12:00:00.000,BBG000B9ZV28,0.0041289283,0.007761277,189431
20100317,12:00:00.000,BBG000CPQZ77,-0.006103586,0.0029918682,533837
20100317,12:00:00.000,BBG000BGD7W6,-0.00554445,-0.0024321787,1091014
20100317,12:00:00.000,GEN_EQ0010168800001000,-0.013170545,-0.009096747,15139574
20100317,12:00:00.000,BBG000D9KWL9,0.0002762518,0.01013235,154876
20100317,12:00:00.000,BBG000BR37X2,0.020273482,0.03166657,3546054
20100317,12:00:00.000,BBG000BR54L0,0.0038798884,0.012285854,1950830
20100317,12:00:00.000,BBG000BLHRS2,-0.005999174,-0.004482761,546985
20100317,12:00:00.000,BBG000BX3BL3,-0.013908339,0.00649278,441273
20100317,12:00:00.000,BBG000BL5W86,0.004545441,0.024368837,4898695
20100317,12:00:00.000,BBG000BJKPG0,0.0012940471,0.011059235,500440
20100317,12:00:00.000,BBG000BCYP43,0.004922887,0.0066692084,230829
20100317,12:00:00.000,BBG000MBDGM6,0.013001671,0.02678512,233092
20100317,12:00:00.000,BBG000CGT2S4,-0.010342407,-0.0024831572,453905
20100317,12:00:00.000,BBG000BMFFQ0,0.004583437,0.021371039,651439
20100317,12:00:00.000,BBG000BWVSR1,0.0024580236,0.0048672534,482843
20100317,12:00:00.000,BBG000FL0BC8,-0.020156857,-0.013420642,1608925
20100317,12:00:00.000,BBG000F86GP6,-0.010249853,-0.0006968495,315937
20100317,12:00:00.000,BBG000BHB3M6,0.0072177765,0.015525117,296209
20100317,12:00:00.000,BBG000BDWKC5,0.0021480576,0.009256222,1177965
20100317,12:00:00.000,BBG000BJDPC2,0.02042982,0.022024445,1351636
20100317,12:00:00.000,BBG000BP4MH0,-0.0032342912,0.0040826565,1533044
20100317,12:00:00.000,BBG000C9W1Y1,,,1604961
20100317,12:00:00.000,BBG000BKSL41,-0.0020011622,0.005799539,1079088
20100317,12:00:00.000,BBG000CVWGS6,0.0064160223,0.010313676,5949719
20100317,12:00:00.000,BBG000F80SZ5,0.01346263,0.02412141,3962762
20100317,12:00:00.000,BBG000DKCC19,0.002444102,0.0028294972,1225235
20100317,12:00:00.000,GEN_EQ0010091900001000,0.02042802,0.022866761,269539
20100317,12:00:00.000,BBG000BG7986,0.010167348,0.007377262,883959
20100317,12:00:00.000,BBG000D7RKJ5,0.00138868,0.0046535446,554647
20100317,12:00:00.000,BBG000KLB4Q1,0.009752345,0.02424311,1812096
20100317,12:00:00.000,BBG000DQTXY6,-0.0068532038,-0.003066621,1107835
20100317,12:00:00.000,BBG000BFS7D3,0.0069254227,0.0062531945,1119306
20100317,12:00:00.000,BBG000BV75B7,-0.006586429,-0.008754831,968881
20100317,12:00:00.000,BBG000C2PW58,0.04250409,0.053339195,471676
20100317,12:00:00.000,BBG000BKZTP3,-0.017980767,-0.005649197,1935788
20100317,12:00:00.000,BBG000CFJL87,0.0021270756,-0.0013705901,792834
20100317,12:00:00.000,BBG000QY3XZ2,-0.004784784,0.0052711847,1773864
20100317,12:00:00.000,BBG000BJ5GK2,-0.0043351976,0.002266376,448880
20100317,12:00:00.000,BBG000Q0BPZ4,0.03164017,0.04409578,3234635
20100317,12:00:00.000,BBG000NSCNT7,0.008980146,0.035401855,1839590
20100317,12:00:00.000,GEN_EQ0010104800001000,0.009421892,0.021687897,3080758
20100317,12:00:00.000,BBG000G8N9C6,-0.005541708,-0.004156512,559262
20100317,12:00:00.000,BBG000BHKYH4,-0.002863882,0.0038901118,474115
20100317,12:00:00.000,BBG000BK1FD3,-0.017812759,-0.00071859057,1224476
20100317,12:00:00.000,BBG000BT4T69,-0.0023480714,-0.0007128063,2569517
20100317,12:00:00.000,GEN_EQ0011591100001000,-0.0007856807,0.0049676644,940090
20100317,12:00:00.000,BBG000FFH4P5,-0.0030572414,0.0052707074,360666
20100317,12:00:00.000,BBG000BGRKT6,0.009172535,0.009680251,300728
20100317,12:00:00.000,BBG000DN7P92,0.0041590855,0.0059536686,512648
20100317,12:00:00.000,BBG000M4SW14,0.0041190656,0.011499539,427978
20100317,12:00:00.000,BBG000BNGTQ7,-0.0014378006,-0.0004041597,1736053
20100317,12:00:00.000,BBG000BL79J3,-0.004831207,-0.003707627,1055360
20100317,12:00:00.000,BBG000BDG1Y1,-0.0049138763,0.0013973464,967856
20100317,12:00:00.000,BBG000D9DMK0,0.005644834,0.006932314,282964
20100317,12:00:00.000,BBG000BVPPM1,0.016877975,0.028704815,2843308
20100317,12:00:00.000,BBG000D3MB18,-0.009202122,-0.0034539476,1755719
20100317,12:00:00.000,BBG000DGPR66,0.009935473,0.014739875,294176
20100317,12:00:00.000,BBG000BLDV98,-0.0020653896,-0.0041337563,1479111
20100317,12:00:00.000,BBG000C6F3T8,0.0076826727,0.012415356,1478209
20100317,12:00:00.000,BBG000BS0ZF1,0.0029084077,0.006757277,170246
20100317,12:00:00.000,BBG000DNTSP4,-0.008147679,0.000445816,631366
20100317,12:00:00.000,BBG000LL9LQ5,-0.005681145,0.0033850917,995551
20100317,12:00:00.000,GEN_EQ0140919900001000,0.0014440641,0.0022813594,635052
20100317,12:00:00.000,BBG000QRSL13,-0.0072664544,0.0050378656,4462924
20100317,12:00:00.000,BBG000BRJ809,0.0072988686,0.011762638,318425
20100317,12:00:00.000,BBG000D1QCF1,-0.012590417,0.0014207842,582170
20100317,12:00:00.000,BBG000BLCPY4,0.0079016825,0.01124132,719758
20100317,12:00:00.000,BBG000CNWNL6,0.006969269,0.028148407,1134725
20100317,12:00:00.000,BBG000DV7MX4,-0.015882792,0.0012369299,5484304
20100317,12:00:00.000,BBG000BP1152,-0.017431773,-0.00940142,1910341
20100317,12:00:00.000,BBG000BHCP19,-0.008009206,0.0074082115,1334556
20100317,12:00:00.000,BBG000BGKHZ3,-0.012282888,0.0003735671,563219
20100317,12:00:00.000,BBG000BMB7R1,0.005019228,0.009115071,442177
20100317,12:00:00.000,BBG000BHLYS1,-0.001947276,-0.002249586,546095
20100317,12:00:00.000,BBG000BKWSR6,0.020217322,0.0344509,12254878
20100317,12:00:00.000,BBG000JN9BQ6,0.011853129,0.01445864,653022
20100317,12:00:00.000,BBG000BRZBT3,0.0011158893,0.007942659,1171210
20100317,12:00:00.000,BBG000FBK808,0.013266197,0.022285715,6288820
20100317,12:00:00.000,BBG000BXRPH1,-0.01266058,-0.0022304878,681354
20100317,12:00:00.000,BBG000BQSQ38,-0.0058545037,0.004334756,748603
20100317,12:00:00.000,BBG000BVMPN3,0.013990441,0.026557827,551541
20100317,12:00:00.000,BBG000BGFLL5,-0.0009131273,0.011448521,964883
20100317,12:00:00.000,BBG000BJ98Z0,0.024707988,0.02127597,655623
20100317,12:00:00.000,BBG000NDZ417,-0.009813716,-0.0033277534,689662
20100317,12:00:00.000,BBG000BKPL53,-0.0062311264,-0.0041545862,508849
20100317,12:00:00.000,BBG000BD0TF8,0.013133762,0.025529286,452873
20100317,12:00:00.000,BBG000BY2Y78,0.008858853,0.02346373,1788328
20100317,12:00:00.000,BBG000BPMH90,0.005238729,0.016180942,799646
20100317,12:00:00.000,BBG000BBNYF6,0.011599551,0.018668761,765826
20100317,12:00:00.000,BBG000FJRZ68,-0.008508086,-0.0050356127,1057198
20100317,12:00:00.000,BBG000FKJRC5,0.002079696,0.002993625,257638
20100317,12:00:00.000,BBG000CL9VN6,0.002604619,0.007997254,294848
20100317,12:00:00.000,BBG000BK6G19,-0.0053093326,0.00055339927,529939
20100317,12:00:00.000,BBG000C23KJ3,-0.010342635,-0.005895213,3138281
20100317,12:00:00.000,BBG000BB5BF6,-0.008492366,-0.00051531557,1668294
20100317,12:00:00.000,BBG000BK5DP1,0.0009735659,0.008534369,1669896
20100317,12:00:00.000,BBG000BJVZF7,0.0046534375,0.0036638272,472282
20100317,12:00:00.000,BBG000BN5HF7,-0.0055788304,0.0035792529,1557493
20100317,12:00:00.000,BBG000BL9439,-0.0018234323,0.0004226473,538020
20100317,12:00:00.000,BBG000BJQWD2,0.005618189,0.01831648,1506048
20100317,12:00:00.000,BBG000D8RG11,0.00044629493,0.003108928,775605
20100317,12:00:00.000,BBG000BS9489,0.0071728257,0.011217786,508569
20100317,12:00:00.000,BBG000BH5DV1,0.0003793786,0.004185919,1082051
20100317,12:00:00.000,BBG000BMKDM3,-0.00421816,-0.0036898886,706273
20100317,12:00:00.000,BBG000C75N77,-0.0051973234,0.004641569,1406523
20100317,12:00:00.000,BBG000BKXFN7,-0.009219641,-0.0033639367,2612761
20100317,12:00:00.000,BBG000BTCH57,-0.0026409444,0.0030738972,537460
20100317,12:00:00.000,BBG000BM7HL0,0.0010292066,0.01177868,1262776
20100317,12:00:00.000,BBG000BNFLM9,-0.0045282985,0.007405988,1180089
20100317,12:00:00.000,BBG000BBVCN6,0.0039822017,0.0039303647,306382
20100317,12:00:00.000,BBG000LD9JQ8,-0.0076426053,-0.0004077162,1991560
20100317,12:00:00.000,BBG000MDCQC2,-0.0045824773,-0.0042307456,1085355
20100317,12:00:00.000,BBG000BLBXT4,-0.0068045543,-0.0031776647,1161959
20100317,12:00:00.000,BBG000BDXGP9,0.0034957558,0.0027340022,913584
20100317,12:00:00.000,BBG000BR3KL6,0.006058399,0.012413009,518448
20100317,12:00:00.000,BBG000BX9WL1,0.021044001,0.038747642,5724161
20100317,12:00:00.000,BBG000BQ74K1,-0.0006509589,0.009130582,391521
20100317,12:00:00.000,BBG000BWSV34,0.00018161477,0.0016460122,391393
20100317,12:00:00.000,BBG000BQZMH4,-0.0065700826,-0.0048203627,1141100
20100317,12:00:00.000,GEN_EQ0010066700001000,-0.0060462803,-0.0062488476,774822
20100317,12:00:00.000,BBG000BQVTF5,7.277866e-05,0.009584373,1027019
20100317,12:00:00.000,BBG000LC1FS4,0.009351203,0.020370698,693739
20100317,12:00:00.000,GEN_EQ0010050500001000,-0.012502872,-0.0026797582,3661429
20100317,12:00:00.000,BBG000G3QLY3,0.012255336,0.016271915,496721
20100317,12:00:00.000,BBG000QBR5J5,-0.010763953,-6.430878e-07,4976017
20100317,12:00:00.000,BBG000BTQR96,0.007411025,0.012728256,908533
20100317,12:00:00.000,GEN_EQ0012661800001000,-0.013153081,-0.012292414,1049234
20100317,12:00:00.000,BBG000CKJ0P3,0.0018269428,-0.00018709934,367354
20100317,12:00:00.000,BBG000HGYNZ9,-0.008822263,-0.0010984975,1994368
20100317,12:00:00.000,BBG000BV7LP7,0.0063966564,0.013187043,1365141
20100317,12:00:00.000,BBG000BBVK30,-0.0048256824,-0.009312367,5634094
20100317,12:00:00.000,BBG000BFXHL6,-0.009082989,-0.0063503557,1435910
20100317,12:00:00.000,BBG000BGLRN3,0.0047323066,0.0045946105,928256
20100317,12:00:00.000,BBG000C2V3D6,-0.0075290618,0.0047878986,902743
20100317,12:00:00.000,BBG000BGVW60,0.008878097,0.008019241,1930409
20100317,12:00:00.000,BBG000BTVJ25,0.007168047,0.013969084,1673712
20100317,12:00:00.000,GEN_EQ0010020500001000,0.0022689574,0.013910867,1494591
20100317,12:00:00.000,BBG000BHQ1H0,0.0072498764,0.0051635625,264015
20100317,12:00:00.000,BBG000BNC3Y9,0.041706305,0.062906325,4187092
20100317,12:00:00.000,BBG000BVVQQ8,-0.0060172384,0.010125561,1186788
20100317,12:00:00.000,GEN_EQ0010281900001000,-0.002192371,-0.0029654705,531190
20100317,12:00:00.000,BBG000C1FB75,-0.00610436,0.0064410004,194978
20100317,12:00:00.000,BBG000BFTJ91,0.010008737,0.010189313,2684880
20100317,12:00:00.000,BBG000C1FQS9,-0.0060489206,-0.0029894032,361645
20100317,12:00:00.000,BBG000BSBZH7,-0.0018741628,-0.0036893168,846442
20100317,12:00:00.000,BBG000F15NW9,-0.013952732,-0.014487341,2240769
20100317,12:00:00.000,BBG000BPT0C6,0.019359365,0.02627484,922071
20100317,12:00:00.000,GEN_EQ0010145600001000,0.00085618463,-0.00075855665,588356
20100317,12:00:00.000,BBG000H89QJ6,0.004081435,0.0036057252,438587
20100317,12:00:00.000,BBG000BR14K5,0.0012811794,0.010933922,821741
20100317,12:00:00.000,BBG000BP6L99,0.0063951258,0.010781647,12995461
20100317,12:00:00.000,BBG000BQWPC5,0.002963587,0.0019654336,437076
20100317,12:00:00.000,BBG000BNNYW1,0.0013600258,0.003458457,634723
20100317,12:00:00.000,BBG000BJ3PD2,0.0012244314,0.0070394324,404170
20100317,12:00:00.000,BBG000PVRDL2,0.010150529,0.020813469,3249584
20100317,12:00:00.000,BBG000C2ZCH8,-0.002639673,-0.0039750803,431600
20100317,12:00:00.000,BBG000TK7PB8,0.022866756,0.039872143,3670190
20100317,12:00:00.000,BBG000BB6M98,-0.0025539447,0.00024423352,651143
20100317,12:00:00.000,BBG000HW5GX3,0.0057657794,0.011935041,712395
20100317,12:00:00.000,BBG000BLKK03,0.0045967666,-0.00021019387,519564
20100317,12:00:00.000,BBG000BCZYD3,0.003374195,0.0030386848,258830
20100317,12:00:00.000,BBG000CSY9H9,-0.010896468,-0.0034758695,550597
20100317,12:00:00.000,BBG000BB9KF2,-0.0018181857,-0.00043123084,553483
20100317,12:00:00.000,BBG000BMQPL1,0.01618695,0.029889548,7692218
20100317,12:00:00.000,BBG000BMTFR4,-0.007921286,0.0060301404,1532267
20100317,12:00:00.000,BBG000H9G7X2,0.007197966,0.008649702,738231
20100317,12:00:00.000,BBG000BCNYT9,0.0051011466,0.006772886,921309
20100317,12:00:00.000,BBG000C0MF34,-0.005736742,-0.001956088,383032
20100317,12:00:00.000,BBG000BN2DC2,-0.007745563,-0.00019501065,452968
20100317,12:00:00.000,BBG000BN9WT5,0.0068994365,0.021945458,3165517
20100317,12:00:00.000,BBG000BQ5DS5,0.0017654115,0.0015412532,652366
20100317,12:00:00.000,BBG000BCGY17,-0.0057030395,-0.0041574137,628115
20100317,12:00:00.000,BBG000BB6G37,-0.0013829307,0.013326459,1576797
20100317,12:00:00.000,BBG000CHPY97,-0.02298133,-0.018118473,2815655
20100317,12:00:00.000,BBG000TWC2V5,-0.0018355876,-0.004699579,878079
20100317,12:00:00.000,GEN_EQ0117562400001000,-0.0033304107,-0.0018566594,6478549
20100317,12:00:00.000,BBG000BP0KQ8,0.0018349105,0.010610955,2391309
20100317,12:00:00.000,BBG000BB5373,0.017098691,0.027172606,4302144
20100317,12:00:00.000,BBG000BM6788,-0.0068415976,4.5162525e-07,1330834
20100317,12:00:00.000,BBG000BH3JF8,-0.010192723,-0.008076968,808182
20100317,12:00:00.000,GEN_EQ0085215200001000,0.0012221196,0.009326242,3070508
20100317,12:00:00.000,BBG000BQ2C28,-0.00077579974,0.002629823,483262
20100317,12:00:00.000,BBG000BX5ZF5,-0.019351756,-0.008915119,7609881
20100317,12:00:00.000,BBG000BMDV41,0.008653913,0.012939779,934147
20100317,12:00:00.000,GEN_EQ0010319800003000,-0.012920891,-0.018745365,2143374
20100317,12:00:00.000,BBG000BG14P4,-0.00061313435,0.00782587,594146
20100317,12:00:00.000,BBG000GC80B4,,,1347472
20100317,12:00:00.000,BBG000BB2DM7,-0.007950912,0.002201814,3529599
20100317,12:00:00.000,BBG000BWJFZ4,-0.0046545826,-0.0027203893,907896
20100317,12:00:00.000,BBG000BHGDH5,0.00034563182,-8.950012e-09,2670134
20100317,12:00:00.000,BBG000BZ2GG4,-0.001332961,0.008974625,1598729
20100317,12:00:00.000,BBG000D898T9,0.003119613,0.0034001048,975801
20100317,12:00:00.000,BBG000BMF5J0,-0.006610416,-0.00048782208,1079174
20100317,12:00:00.000,BBG000BKLH74,-0.0063520377,-0.00773031,2986498
20100317,12:00:00.000,BBG000BGPTV6,-0.0055563967,0.0032945727,1216187
20100317,12:00:00.000,BBG000BH3GZ2,0.008693032,0.018068323,1853420
20100317,12:00:00.000,BBG000BVWLJ6,-0.008671546,0.002147334,1048687
20100317,12:00:00.000,BBG000C496P7,-0.016613653,-0.009482423,3438542
20100317,12:00:00.000,BBG000JG0547,0.0054168105,0.010737047,1060154
20100317,12:00:00.000,BBG000DYGNW7,0.004550249,0.0049743876,470330
20100317,12:00:00.000,BBG000BNJHS8,-0.007199088,-0.011385242,3491711
20100317,12:00:00.000,BBG000BPQD31,-0.0013372519,-0.001358472,1098804
20100317,12:00:00.000,BBG000BT9DW0,0.00048405095,1.8052673e-07,1050529
20100317,12:00:00.000,BBG000BB2KW0,-0.010897364,-0.01043593,517825
20100317,12:00:00.000,BBG000BK67C7,0.007988835,0.0069849226,672643
20100317,12:00:00.000,BBG000DHSPT0,-0.0036684657,-0.00047906974,788998
20100317,12:00:00.000,BBG000BFMBQ6,1.277835e-05,-0.0064340723,818104
20100317,12:00:00.000,BBG000B9WJ73,0.013930988,0.030367782,3957019
20100317,12:00:00.000,BBG000FVXD63,-0.012356965,-0.004348097,1346634
20100317,12:00:00.000,BBG000B9XYV2,-0.0049276464,-0.00395156,1434192
20100317,12:00:00.000,BBG000BMBL90,0.0076637394,0.01331059,1841089
20100317,12:00:00.000,BBG000BB1TH9,-0.005167425,0.0074118916,495782
20100317,12:00:00.000,BBG000BVMGF2,-0.007988697,0.006126161,2243625
20100317,12:00:00.000,BBG000BSD7C2,-0.0016824162,-0.0013203899,561110
20100317,12:00:00.000,BBG000J5Q6L2,-0.02522941,-0.0048288666,4005069
20100317,12:00:00.000,BBG000BC4JJ4,-0.009021323,-0.0049431766,567390
20100317,12:00:00.000,BBG000BM5SR2,0.021253282,0.048906032,6548427
20100317,12:00:00.000,BBG000BJPDZ1,0.00078483595,0.0004921568,163585
20100317,12:00:00.000,BBG000BZTW70,-0.01406977,-0.008847475,2286292
20100317,12:00:00.000,BBG000C5HS04,0.0009661267,0.0022728608,683165
20100317,12:00:00.000,BBG000M65M61,-0.027433753,-0.028734287,5930390
20100317,12:00:00.000,BBG000BY29C7,0.0047094445,0.008988952,778531
20100317,12:00:00.000,BBG000BB6WG8,0.004690531,0.008745419,1799235
20100317,12:00:00.000,GEN_EQ0010172300001000,-0.0065676128,-0.007851313,567315
20100317,12:00:00.000,BBG000C2BXK4,0.0015251436,0.013837924,18912908
20100317,12:00:00.000,BBG000BBBNC6,-0.004058195,0.020196984,850561
20100317,12:00:00.000,BBG000PM7GJ0,0.02446346,0.03861433,1860462
20100317,12:00:00.000,BBG000Q3JN03,0.0052717514,0.02131912,12373003
20100317,12:00:00.000,BBG000C0LW92,-0.01877461,-0.012703016,26385238
20100317,12:00:00.000,BBG000BF1R66,0.009831068,0.018676229,931322
20100317,12:00:00.000,BBG000NSQ9M0,-0.010678459,-0.0009801389,4559825
20100317,12:00:00.000,BBG000FQ6PY6,-0.032722384,-0.029321752,7714122
20100317,12:00:00.000,BBG000BWVCP8,-0.015504869,-0.0030276482,2393134
20100317,12:00:00.000,BBG000BJSBJ0,-0.0021385667,-0.000104633335,433462
20100317,12:00:00.000,BBG000BLM0V1,,,822361
20100317,12:00:00.000,BBG000BMY992,0.0007954689,0.006279808,2870710
20100317,12:00:00.000,BBG000BVDLH9,0.006208415,0.00767507,913146
20100317,12:00:00.000,BBG000C0F570,0.0025376151,0.015964417,2466859
20100317,12:00:00.000,BBG000BBQCY0,0.006659634,0.019179072,10391737
20100317,12:00:00.000,GEN_EQ0000000001064567,0.003514614,0.014464716,760992
20100317,12:00:00.000,BBG000BKCFC2,-0.0059728688,-0.0068912744,483458
20100317,12:00:00.000,BBG000CGQ6M4,0.007634064,0.009557959,579038
20100317,12:00:00.000,BBG000C17X76,-0.004254999,-0.0055237454,627627
20100317,12:00:00.000,BBG000DTMH63,,,1704180
20100317,12:00:00.000,BBG000R7Z112,0.0017463244,0.0015410832,3708366
20100317,12:00:00.000,BBG000BBMSJ6,-0.0035964435,0.009837143,3190686
20100317,12:00:00.000,BBG000BY33P5,-0.0022463906,0.0037856973,1270102
20100317,12:00:00.000,BBG000BV8DN6,0.0021210029,0.0005786938,881314
20100317,12:00:00.000,GEN_EQ0010135600001000,0.0022321017,0.013299132,2569788
20100317,12:00:00.000,BBG000JN8R00,0.005875176,0.01849014,844661
20100317,12:00:00.000,BBG000K14Q84,-0.017489718,-0.0050164345,1126409
20100317,12:00:00.000,BBG000BBDV81,-0.00040946485,0.010927947,767083
20100317,12:00:00.000,BBG000BMW2Z0,0.0021362246,0.0008264703,1099214
20100317,12:00:00.000,BBG000DLVDK3,-0.0024531118,0.006353636,1186503
20100317,12:00:00.000,BBG000CKVSG8,0.0034225325,0.016110541,2067794
20100317,12:00:00.000,BBG000G0Z878,0.032273524,0.052486554,10302338
20100317,12:00:00.000,BBG000BGJRC8,0.0014191311,0.0011636784,746044
20100317,12:00:00.000,BBG000BL8GJ6,-0.011957888,0.00021396817,3654647
20100317,12:00:00.000,BBG000HCJMF9,-0.00036156343,0.018227987,1148172
20100317,12:00:00.000,BBG000BB6KF5,0.0009530196,0.017337227,2225473
20100317,12:00:00.000,BBG000BYYLS8,-0.0030705794,0.0056990334,2209924
20100317,12:00:00.000,BBG000FJLFX8,-0.005332316,-0.010320463,1383895
20100317,12:00:00.000,BBG000D9D830,0.011515907,0.020711837,1737818
20100317,12:00:00.000,BBG000BHX7N2,-0.00086435163,0.005338501,826081
20100317,12:00:00.000,BBG000CTQBF3,-0.01199129,0.00039544652,3102525
20100317,12:00:00.000,BBG000BBD070,0.006242902,0.019294506,1198621
20100317,12:00:00.000,BBG000BH2JM1,-0.01421916,-0.008683288,5779958
20100317,12:00:00.000,BBG000CS7CT9,-0.00021655706,0.0028176326,1234310
20100317,12:00:00.000,BBG000BFL116,-0.010846392,-0.0013439027,377963
20100317,12:00:00.000,BBG000BFC8J2,0.013785466,0.012017573,1343381
20100317,12:00:00.000,BBG000C15T95,-0.0046674903,-0.008078084,564139
20100317,12:00:00.000,BBG000FP1N32,-0.004980713,0.0052760253,1864903
20100317,12:00:00.000,BBG000JWD753,-0.010275053,9.261262e-08,21801872
20100317,12:00:00.000,BBG000BWNFZ9,0.013068187,0.024102373,3641501
20100317,12:00:00.000,BBG000BSLZY7,-0.013627931,-0.0037907427,4734646
20100317,12:00:00.000,BBG000BCBCM7,0.0011064978,0.001270121,2663278
20100317,12:00:00.000,BBG000BBGGQ1,-0.0029705516,0.0072941054,4937452
20100317,12:00:00.000,BBG000BCWCG1,0.0027140481,0.010618046,1931444
20100317,12:00:00.000,BBG000BLBVN4,-0.0034673896,0.0020474878,463350
20100317,12:00:00.000,BBG000C46HM9,-0.011884437,-0.008769954,3092834
20100317,12:00:00.000,BBG000BTKGG8,0.011201714,0.025223635,2909464
20100317,12:00:00.000,GEN_EQ0010059600001000,0.04857831,0.06398032,5675585
20100317,12:00:00.000,BBG000C8H633,0.0031261565,0.013890874,2425366
20100317,12:00:00.000,BBG000BTR593,-0.00495139,0.0007042347,2077586
20100317,12:00:00.000,GEN_EQ0000000000158587,0.0025346996,0.0035903382,830201
20100317,12:00:00.000,BBG000F6H8W8,-0.0001927441,0.006157758,1169220
20100317,12:00:00.000,BBG000BFQYY3,-0.0037724618,-0.005556389,1094054
20100317,12:00:00.000,BBG000BNBDC2,0.0018315095,-0.00082879094,2270199
20100317,12:00:00.000,BBG000BSJTT0,0.0005437835,0.014179544,1876354
20100317,12:00:00.000,BBG000BJL3N0,-0.0005206194,0.011173453,5220991
20100317,12:00:00.000,BBG000BYWTX7,-0.009717039,0.0029397572,7399737
20100317,12:00:00.000,BBG000BD8PN9,-0.0008057348,0.007937443,2130954
20100317,12:00:00.000,BBG000BHLYP4,-0.0043745176,0.004740652,104858
20100317,12:00:00.000,BBG000C1BW00,-0.00039779936,0.00017700123,831242
20100317,12:00:00.000,BBG000J6XT05,-0.006562221,-0.0022040752,1242201
20100317,12:00:00.000,BBG000BJX8C8,0.0031136347,0.017231613,1539227
20100317,12:00:00.000,BBG000BCVJ77,0.009917691,0.008179491,925784
20100317,12:00:00.000,BBG000BZ9223,-0.0068772146,-0.0032635415,1034571
20100317,12:00:00.000,BBG000H556T9,-0.0070113004,-0.0023260377,1717769
20100317,12:00:00.000,BBG000BJF1Z8,0.007635336,0.012127575,1704527
20100317,12:00:00.000,BBG000BB5006,0.011187248,0.017135588,4313887
20100317,12:00:00.000,BBG000F0KF42,,,6184677
20100317,12:00:00.000,BBG000BKFBD7,0.004916618,0.01985803,1862688
20100317,12:00:00.000,BBG000BFDXW1,-0.0064000147,0.0058211093,1590030
20100317,12:00:00.000,BBG000BW3299,0.0007615449,-0.0014303058,1577236
20100317,12:00:00.000,BBG000F0PF65,-0.0012385441,0.0045076055,1830781
20100317,12:00:00.000,BBG000BNWG87,-0.0042501735,-0.0046556224,2032933
20100317,12:00:00.000,BBG000BH13K9,0.003334158,0.008072325,2007731
20100317,12:00:00.000,BBG000BH1NH9,0.0042495225,0.011789485,1149671
20100317,12:00:00.000,BBG000DY8ZS4,-0.009100315,0.004010366,6658020
20100317,12:00:00.000,BBG000BP8Z50,-0.023366958,-0.0135596655,9779521
20100317,12:00:00.000,BBG000BJ81C1,0.0033375903,0.010214625,1410159
20100317,12:00:00.000,BBG000BBVJZ8,-0.012146124,-0.007896608,3438656
20100317,12:00:00.000,BBG000BQ8KV2,-0.01962526,-0.012258606,3218834
20100317,12:00:00.000,BBG000BGKTF9,-0.01690217,-0.0017336537,2199771
20100317,12:00:00.000,BBG000BFRF55,0.0015117237,0.013133096,2410095
20100317,12:00:00.000,BBG000BRK7L6,0.0046650018,0.015208039,5859225
20100317,12:00:00.000,BBG000BWLMJ4,-0.006329397,0.00086913846,2028431
20100317,12:00:00.000,BBG000BD4VG8,0.0025059534,0.015090646,1737069
20100317,12:00:00.000,BBG000FW00S1,0.010375092,0.025304759,3543672
20100317,12:00:00.000,BBG000BBJQV0,0.0031799164,0.018022584,7057259
20100317,12:00:00.000,BBG000C5Z1S3,0.0030297718,0.021536626,11282449
20100317,12:00:00.000,BBG000BC40Y8,0.013381158,0.020876842,1953501
20100317,12:00:00.000,BBG000DWYF03,-0.0025926349,0.00071276963,5035970
20100317,12:00:00.000,BBG000BRD0D8,0.009137582,0.02014505,2495945
20100317,12:00:00.000,BBG000H8TVT2,-0.0061106062,-0.0055200118,951442
20100317,12:00:00.000,BBG000BP6LJ8,-0.0022260912,-0.0024579237,3574662
20100317,12:00:00.000,BBG000BKFZM4,0.020171484,0.027589709,9295306
20100317,12:00:00.000,BBG000BHBK84,-0.0067723948,-1.0127432e-06,3179125
20100317,12:00:00.000,BBG000FG3C43,-0.017117448,-0.004577792,2968583
20100317,12:00:00.000,BBG000BH23R1,0.018009638,0.027942995,14686983
20100317,12:00:00.000,BBG000F1ZSQ2,-0.017617749,-0.007554821,445258
20100317,12:00:00.000,BBG000GFFQN9,-0.0013260333,0.01160988,5805711
20100317,12:00:00.000,BBG000BNDN65,0.0008796021,0.006790261,5092223
20100317,12:00:00.000,BBG000C43RR5,0.004351918,0.015674418,5769264
20100317,12:00:00.000,BBG000BP52R2,-0.0032395606,0.004102668,1528994
20100317,12:00:00.000,BBG000BBPFB9,-2.4330546e-05,0.011240494,14886574
20100317,12:00:00.000,BBG000BC2C10,0.010826851,0.016204925,954931
20100317,12:00:00.000,BBG000BFT2L4,0.0075575453,0.007426508,4492425
20100317,12:00:00.000,BBG000L9CV04,0.0038523027,0.0066460506,2008553
20100317,12:00:00.000,BBG000FL1TC8,-0.0061309966,-0.007927717,2564066
20100317,12:00:00.000,BBG000FFDM15,-0.013479759,-0.0030644939,4219287
20100317,12:00:00.000,BBG000BH4R78,-0.001745726,-0.0020751804,2493391
20100317,12:00:00.000,BBG000B9ZXB4,0.0016131161,-0.0034732672,2837103
20100317,12:00:00.000,BBG000BGRY34,0.004233836,0.007726643,2585898
20100317,12:00:00.000,BBG000G2R6M0,-0.0064341016,0.0022472215,3439778
20100317,12:00:00.000,BBG000BCSST7,0.0019730928,-0.00021782833,2501936
20100317,12:00:00.000,BBG000BVV7G1,-0.0045356657,0.008919667,5253742
20100317,12:00:00.000,BBG000BW8S60,-0.0037601863,-0.0033138855,1570479
20100317,12:00:00.000,BBG000BL4504,-0.015037688,-0.0066894293,6539033
20100317,12:00:00.000,BBG000DQLV23,-0.0018660392,-0.006924475,5487158
20100317,12:00:00.000,BBG000BBS2Y0,-0.0026850211,-0.0067034946,1779808
20100317,12:00:00.000,BBG000BHVJJ3,-0.010423579,-0.0026629136,9152991
20100317,12:00:00.000,BBG000J2XL74,0.0068823704,0.0093668215,1832074
20100317,12:00:00.000,BBG000CH5208,-0.011740709,-0.0160291,4860408
20100317,12:00:00.000,BBG000BCQZS4,-0.00070035504,0.0075787874,3026458
20100317,12:00:00.000,BBG000BFWKC0,0.012451855,0.010478121,3396398
20100317,12:00:00.000,BBG000BCG930,0.0039229607,-0.0045204754,3033511
20100317,12:00:00.000,BBG000PSKYX7,-0.0015891489,0.0061150463,1319887
20100317,12:00:00.000,BBG000BPWXK1,-0.004376073,0.0049684434,2525836
20100317,12:00:00.000,BBG000BWXBC2,-0.005464424,-0.0037493724,5190396
20100317,12:00:00.000,BBG000BQQ2S6,0.0076624346,0.01232485,1810298
20100317,12:00:00.000,BBG000BH5LT6,-0.0023714588,-0.0013891442,2317359
20100317,12:00:00.000,BBG000DWG505,-0.0004896273,-0.001337867,1393447
20100317,12:00:00.000,BBG000BF0K17,-1.3559544e-06,0.0077369753,2395466
20100317,12:00:00.000,BBG000BKTFN2,0.019314824,0.029638942,6571304
20100317,12:00:00.000,BBG000BB07P9,0.002547264,0.010233714,3779911
20100317,12:00:00.000,BBG000BNSZP1,-0.004856989,0.0015149019,1740749
20100317,12:00:00.000,BBG000BKZB36,-0.006929968,-0.002458957,4892101
20100317,12:00:00.000,BBG000CKGBP2,-0.003910862,-0.008109466,2942580
20100317,12:00:00.000,BBG000DH7JK6,0.0034248452,0.0042375466,2155461
20100317,12:00:00.000,BBG000D4LWF6,-0.0027985168,-0.0043777614,4121137
20100317,12:00:00.000,BBG000BQQH30,0.009562262,0.014755222,4868463
20100317,12:00:00.000,BBG000B9WH86,0.036809232,0.049292203,35302824
20100317,12:00:00.000,BBG000BQLTW7,0.008165973,0.009915099,14007211
20100317,12:00:00.000,BBG000HS77T5,0.0037693325,0.0033407598,6757465
20100317,12:00:00.000,GEN_EQ0011904200001000,0.01010591,0.013703171,8342712
20100317,12:00:00.000,BBG000BLZRJ2,-0.0063638478,0.003960829,5207616
20100317,12:00:00.000,BBG000BMX289,-0.0016140292,-0.00018589041,3673912
20100317,12:00:00.000,BBG000BPD168,-0.0031836894,-0.00896264,3710385
20100317,12:00:00.000,BBG000BT41Q8,0.0043998878,0.013502719,5639281
20100317,12:00:00.000,BBG000BMHYD1,0.0061025824,0.0021708775,3284344
20100317,12:00:00.000,BBG000BR2TH3,0.00789892,0.0055086846,3134323
20100317,12:00:00.000,BBG000KHWT55,-0.00034966352,0.006493974,5815212
20100317,12:00:00.000,BBG000BTZQC4,-0.007600481,-0.007096837,2511434
20100317,12:00:00.000,BBG000BSJK37,0.0032580113,0.0015475417,7573662
20100317,12:00:00.000,BBG000BLNNH6,-0.0064980285,-0.0013216217,2051579
20100317,12:00:00.000,BBG000K4ND22,0.005006827,0.010947081,4673713
20100317,12:00:00.000,BBG000BX3TD3,-0.012976157,-0.0019990194,6228008
20100317,12:00:00.000,BBG000CR90K4,-0.00081464276,-0.0007989261,3679220
20100317,12:00:00.000,BBG000BVPV84,0.0023846366,0.0049328357,1768772
20100317,12:00:00.000,BBG000CGC1X8,-0.007832664,-0.0043605072,9041939
20100317,12:00:00.000,BBG000BR2B91,0.0018939084,-0.0011584982,21169938
20100317,12:00:00.000,BBG000BQPC32,0.018899994,0.01928037,34736976
20100317,12:00:00.000,BBG000BK6MB5,0.0021030433,0.012171375,82263760
20100317,12:00:00.000,BBG000C3J3C9,0.0053173914,0.00688171,13251713
20100317,12:00:00.000,BBG000C0G1D1,0.00026816913,0.01045154,38695532
20100317,12:00:00.000,BBG000BWQFY7,-0.002974298,0.004953274,11732526
20100317,12:00:00.000,BBG000BJDB15,-0.006624599,0.0040777,4733348
20100317,12:00:00.000,BBG000BPH459,0.004902495,0.008509935,22125676
20100317,12:00:00.000,BBG000C6CFJ5,0.001275852,0.007125676,3303478
20100317,12:00:00.000,BBG000DMBXR2,0.0058866763,0.014346721,13876615
20100317,12:00:00.000,BBG000BHSKN9,-6.45328e-05,0.009350213,1129490
20100317,12:00:00.000,BBG000GZQ728,0.004086407,0.0132086035,14612338
20100317,12:00:00.000,BBG000BCTLF6,-0.0017760869,0.010560751,54119616
20100317,12:00:00.000,BBG000B9XRY4,0.000515257,0.006212708,5592255
20100317,12:15:00.000,GEN_EQ0021071400001000,-0.015767608,-0.006933926,946150
20100317,12:15:00.000,GEN_EQ0096849600001000,-0.010950773,0.008748887,424830
20100317,12:15:00.000,BBG000BJ49H3,-0.0022486162,0.0014780491,426510
20100317,12:15:00.000,BBG000BMFD58,-0.0052854107,0.0037243092,4658655
20100317,12:15:00.000,BBG000BFVXX0,-0.010533276,-0.007934133,863488
20100317,12:15:00.000,BBG000CHWP52,-0.0005062979,0.0046258275,399509
20100317,12:15:00.000,BBG000BT9T73,0.06057725,0.077385984,24380108
20100317,12:15:00.000,BBG000BCQ4P6,0.003599832,0.010570887,500064
20100317,12:15:00.000,BBG000BMLWX8,0.010501088,0.010247771,1224903
20100317,12:15:00.000,BBG000BP7JB0,-0.0065542604,0.0043953587,1555332
20100317,12:15:00.000,BBG000BNW1S8,-0.011555698,0.0050591626,633826
20100317,12:15:00.000,BBG000MQ1SN9,0.0029128094,0.0025535678,445080
20100317,12:15:00.000,BBG000BVB8Q0,-0.012398114,-0.0065521793,867493
20100317,12:15:00.000,BBG000BSC0K9,-0.00531295,-0.0021146315,306873
20100317,12:15:00.000,BBG000C7LMS8,0.007295462,0.012764145,214669
20100317,12:15:00.000,BBG000BB5792,0.006902475,0.014957092,817627
20100317,12:15:00.000,BBG000BFDLV8,0.01577534,0.021791188,253461
20100317,12:15:00.000,BBG000BTLMX5,0.002266304,0.008773655,459570
20100317,12:15:00.000,BBG000CQB185,0.019057622,0.029857583,777803
20100317,12:15:00.000,BBG000BKVJK4,0.0063570593,0.0062107495,458873
20100317,12:15:00.000,BBG000BQC9V2,0.011423585,0.01676918,2823951
20100317,12:15:00.000,BBG000CC53X1,0.013528966,0.022956569,611330
20100317,12:15:00.000,BBG000C45984,-0.0036184732,0.004388312,581287
20100317,12:15:00.000,BBG000BJNGN9,0.000627958,0.012998093,1205555
20100317,12:15:00.000,BBG000FQRVM3,0.003289943,0.004685414,338175
20100317,12:15:00.000,BBG000D2M0Z7,-0.008661009,-0.0019258352,301290
20100317,12:15:00.000,BBG000K82ZT8,-0.0060612606,-0.0013029431,481227
20100317,12:15:00.000,BBG000BF5RY1,0.004983631,0.006221576,3533402
20100317,12:15:00.000,BBG000BNMHS4,-0.0030842405,0.006452458,437878
20100317,12:15:00.000,BBG000CPHYL4,0.00853562,0.010479887,4529983
20100317,12:15:00.000,GEN_EQ0000000000852052,0.0092170965,0.023478549,598423
20100317,12:15:00.000,BBG000BCHG15,0.015499181,0.023643373,311033
20100317,12:15:00.000,BBG000BNNKG9,0.008309691,0.016976887,1194125
20100317,12:15:00.000,BBG000DR22B6,-0.012334453,-0.00040964043,1173130
20100317,12:15:00.000,BBG000BHK836,-0.007304721,0.0041067083,629307
20100317,12:15:00.000,BBG000BV4DR6,0.008181554,0.026352841,1887877
20100317,12:15:00.000,BBG000BC9938,-0.016696228,-0.0074949693,459246
20100317,12:15:00.000,BBG000DSMS70,-0.0073591815,-0.0058567184,288825
20100317,12:15:00.000,BBG000BWCKB6,0.0008260123,0.0033183408,274166
20100317,12:15:00.000,BBG000BP5YT0,-0.011147327,0.0065231817,2954163
20100317,12:15:00.000,BBG000BGYWY6,0.0022326054,0.010097373,659761
20100317,12:15:00.000,GEN_EQ0010580600001000,0.007129881,0.018637944,774937
20100317,12:15:00.000,BBG000BFJ645,0.012923682,0.011759161,1464288
20100317,12:15:00.000,BBG000PV2L86,0.003716903,0.0062334696,955646
20100317,12:15:00.000,BBG000BXBHJ4,-0.011751298,-0.0039885934,412650
20100317,12:15:00.000,BBG000BB29X4,-0.0012046681,0.00076684984,548439
20100317,12:15:00.000,BBG000BBBP59,-0.003116344,0.0043357224,266922
20100317,12:15:00.000,BBG000BVHBM1,-0.0012465122,-0.0024453262,1113460
20100317,12:15:00.000,BBG000BWGYF8,0.027662555,0.061169878,1659564
20100317,12:15:00.000,BBG000BBL8V7,0.011992274,0.025172753,1248827
20100317,12:15:00.000,BBG000BPNP00,-0.0008393754,0.014906151,633457
20100317,12:15:00.000,BBG000RGM5P1,,,496137
20100317,12:15:00.000,BBG000FKYVH4,0.003778817,0.012638922,362202
20100317,12:15:00.000,BBG000BGXZB5,0.010563453,0.008949813,2024610
20100317,12:15:00.000,BBG000BTQ9G8,0.001401303,0.0057686535,1056099
20100317,12:15:00.000,BBG000BCTQ65,0.0038224573,0.0037566628,607733
20100317,12:15:00.000,BBG000BK2F42,0.007362388,0.016585276,907005
20100317,12:15:00.000,BBG000F7RCJ1,-0.0059956764,0.0027180626,301749
20100317,12:15:00.000,BBG000C2YHG9,0.00013721467,0.0009279191,728360
20100317,12:15:00.000,BBG000BRJL00,0.00019436427,0.0055341357,801016
20100317,12:15:00.000,BBG000BQT4L6,-0.0011054669,0.006428896,1085772
20100317,12:15:00.000,BBG000FDBX90,-0.0011824857,-4.3100408e-07,881238
20100317,12:15:00.000,BBG000BKR1D6,-0.003906422,0.0062167193,201198
20100317,12:15:00.000,GEN_EQ0010003600001000,-0.002063692,0.0029701944,459767
20100317,12:15:00.000,BBG000BPXVJ6,-0.0024930686,-0.0013856776,1147804
20100317,12:15:00.000,BBG000BN84F3,0.0076151383,0.008425016,393494
20100317,12:15:00.000,BBG000DSZTN6,0.013679272,0.02476009,765416
20100317,12:15:00.000,BBG000BBCDZ2,-0.0032509882,0.0045169,323929
20100317,12:15:00.000,BBG000PQ6YJ3,-0.012027064,-0.0019493295,148901
20100317,12:15:00.000,BBG000HQ7GC7,-0.009748488,0.0013619564,853870
20100317,12:15:00.000,BBG000BC15S7,-0.0044071507,0.0044183983,441544
20100317,12:15:00.000,BBG000PX3XC0,-0.0014244403,0.008707498,331497
20100317,12:15:00.000,BBG000BSXQV7,0.0033583562,0.0099154245,288087
20100317,12:15:00.000,BBG000BP1Q11,-0.0013984592,0.0012724757,281040
20100317,12:15:00.000,GEN_EQ0010206100001000,-0.020321824,-0.02184845,3815767
20100317,12:15:00.000,BBG000C3GN47,0.0025065832,0.009112087,453993
20100317,12:15:00.000,BBG000BN7277,-0.0021304647,0.008101925,1200662
20100317,12:15:00.000,BBG000C3NTN5,0.0042495546,0.0041723214,1117582
20100317,12:15:00.000,BBG000DWB323,-0.001641409,0.011431889,1535224
20100317,12:15:00.000,BBG000BR1W32,-0.0074625346,0.005758216,716245
20100317,12:15:00.000,BBG000BF2KK4,-0.006347535,0.0012674407,861097
20100317,12:15:00.000,BBG000BNBPQ0,0.011090947,0.028324317,860811
20100317,12:15:00.000,BBG000BWXL85,0.00029577586,0.0053936914,688952
20100317,12:15:00.000,GEN_EQ0010624300001000,0.0024881084,0.002140898,851943
20100317,12:15:00.000,BBG000JBN3X6,0.0007773835,-0.0077373507,2662207
20100317,12:15:00.000,BBG000BFNR17,-0.00058458623,0.011178971,830910
20100317,12:15:00.000,BBG000CXYSZ6,0.024385262,0.027424222,449854
20100317,12:15:00.000,BBG000FV1Z23,-0.015155024,-0.014316575,1094806
20100317,12:15:00.000,GEN_EQ0010548100001000,0.020049198,0.03631784,4132920
20100317,12:15:00.000,GEN_EQ0010141600001000,0.0041645807,0.014375223,1045856
20100317,12:15:00.000,BBG000BW2QX0,0.0047900616,0.021078264,1940465
20100317,12:15:00.000,BBG000C1S2X2,-0.003313571,-0.006862963,417670
20100317,12:15:00.000,BBG000BVXPZ8,0.009026147,0.016037686,1685252
20100317,12:15:00.000,BBG000B9ZV28,0.0059312917,0.011135704,204281
20100317,12:15:00.000,BBG000CPQZ77,-0.006487813,0.0029918705,645802
20100317,12:15:00.000,BBG000BGD7W6,-0.0065890285,-0.003822364,1211717
20100317,12:15:00.000,GEN_EQ0010168800001000,-0.013432426,-0.009096736,15561588
20100317,12:15:00.000,BBG000D9KWL9,-0.0006473958,0.009825309,167376
20100317,12:15:00.000,BBG000BR37X2,0.019314846,0.03166659,3660844
20100317,12:15:00.000,BBG000BR54L0,0.005538755,0.012285805,2105581
20100317,12:15:00.000,BBG000BLHRS2,-0.007025878,-0.0056321584,579820
20100317,12:15:00.000,BBG000BX3BL3,-0.014249306,0.0063807876,472373
20100317,12:15:00.000,BBG000BL5W86,0.0038241125,0.024368877,5105109
20100317,12:15:00.000,BBG000BJKPG0,0.0017886328,0.011454263,518377
20100317,12:15:00.000,BBG000BCYP43,0.0064919246,0.008291656,267380
20100317,12:15:00.000,BBG000MBDGM6,0.009386379,0.023357226,256589
20100317,12:15:00.000,BBG000CGT2S4,-0.010066261,-0.002690125,481343
20100317,12:15:00.000,BBG000BMFFQ0,0.00449108,0.021939304,743324
20100317,12:15:00.000,BBG000BWVSR1,0.0028175823,0.005457128,519943
20100317,12:15:00.000,BBG000FL0BC8,-0.016996536,-0.0110470345,1720785
20100317,12:15:00.000,BBG000F86GP6,-0.010104034,-0.00034849517,332221
20100317,12:15:00.000,BBG000BHB3M6,0.0056917174,0.013692329,311622
20100317,12:15:00.000,BBG000BDWKC5,0.0016020153,0.009256222,1232360
20100317,12:15:00.000,BBG000BJDPC2,0.021478353,0.023436366,1407485
20100317,12:15:00.000,BBG000BP4MH0,-0.002683255,0.004899163,1620464
20100317,12:15:00.000,BBG000C9W1Y1,,,1719704
20100317,12:15:00.000,BBG000BKSL41,0.00023696345,0.008699228,1181010
20100317,12:15:00.000,BBG000CVWGS6,0.004422775,0.008594621,6470092
20100317,12:15:00.000,BBG000F80SZ5,0.0110774245,0.022702413,4080919
20100317,12:15:00.000,BBG000DKCC19,0.003132049,0.0033954112,1306153
20100317,12:15:00.000,GEN_EQ0010091900001000,0.019635687,0.02133093,281889
20100317,12:15:00.000,BBG000BG7986,0.010075641,0.007377218,924685
20100317,12:15:00.000,BBG000D7RKJ5,0.0014000724,0.0052353907,598821
20100317,12:15:00.000,BBG000KLB4Q1,0.010002915,0.02424311,1922198
20100317,12:15:00.000,BBG000DQTXY6,-0.008098508,-0.0061330395,1278139
20100317,12:15:00.000,BBG000BFS7D3,0.007810747,0.0075037978,1155032
20100317,12:15:00.000,BBG000BV75B7,-0.010310238,-0.012089966,1049952
20100317,12:15:00.000,BBG000C2PW58,0.04351473,0.05572101,488166
20100317,12:15:00.000,BBG000BKZTP3,-0.020059602,-0.0077674123,2018298
20100317,12:15:00.000,BBG000CFJL87,0.001541533,-0.0017819379,862782
20100317,12:15:00.000,BBG000QY3XZ2,-0.0034238526,0.00834611,1813078
20100317,12:15:00.000,BBG000BJ5GK2,-0.0040653134,0.0027997035,460515
20100317,12:15:00.000,BBG000Q0BPZ4,0.030935466,0.042717796,3292643
20100317,12:15:00.000,BBG000NSCNT7,0.012676366,0.039873473,1996067
20100317,12:15:00.000,GEN_EQ0010104800001000,0.009078418,0.021010207,3266295
20100317,12:15:00.000,BBG000G8N9C6,-0.0070156376,-0.005542139,613223
20100317,12:15:00.000,BBG000BHKYH4,-0.0041699447,0.002517391,501924
20100317,12:15:00.000,BBG000BK1FD3,-0.018572371,-0.001077795,1320161
20100317,12:15:00.000,BBG000BT4T69,-0.0023296555,-0.00071277854,2751939
20100317,12:15:00.000,GEN_EQ0011591100001000,-0.0016232921,0.004725596,976035
20100317,12:15:00.000,BBG000FFH4P5,-0.0015627688,0.0063529075,367772
20100317,12:15:00.000,BBG000BGRKT6,0.0096996045,0.010540461,327875
20100317,12:15:00.000,BBG000DN7P92,0.0048608375,0.007036414,564720
20100317,12:15:00.000,BBG000M4SW14,-0.002213645,0.005787968,441518
20100317,12:15:00.000,BBG000BNGTQ7,-0.0010996688,-0.00040408468,1796859
20100317,12:15:00.000,BBG000BL79J3,-0.0052805017,-0.0039823996,1120512
20100317,12:15:00.000,BBG000BDG1Y1,-0.004060362,0.0026677689,1072872
20100317,12:15:00.000,BBG000D9DMK0,0.0040430645,0.0058659012,337116
20100317,12:15:00.000,BBG000BVPPM1,0.011094662,0.022246094,2993594
20100317,12:15:00.000,BBG000D3MB18,-0.0062832464,-0.00057598116,1854621
20100317,12:15:00.000,BBG000DGPR66,0.0077783354,0.012574615,325635
20100317,12:15:00.000,BBG000BLDV98,-0.0020587482,-0.0041337563,1501382
20100317,12:15:00.000,BBG000C6F3T8,0.007579247,0.012415373,1546140
20100317,12:15:00.000,BBG000BS0ZF1,0.0021761702,0.0058357245,182153
20100317,12:15:00.000,BBG000DNTSP4,-0.008094609,2.9171724e-07,657616
20100317,12:15:00.000,BBG000LL9LQ5,-0.0061378623,0.0040621674,1103581
20100317,12:15:00.000,GEN_EQ0140919900001000,0.002168222,0.0032954696,655677
20100317,12:15:00.000,BBG000QRSL13,-0.0062821754,0.0067171203,4586603
20100317,12:15:00.000,BBG000BRJ809,0.009330605,0.012768676,361525
20100317,12:15:00.000,BBG000D1QCF1,-0.012724007,0.0010262049,609750
20100317,12:15:00.000,BBG000BLCPY4,0.005944269,0.00830896,769163
20100317,12:15:00.000,BBG000CNWNL6,0.0061573656,0.026389098,1208267
20100317,12:15:00.000,BBG000DV7MX4,-0.015541829,0.0012369299,5645400
20100317,12:15:00.000,BBG000BP1152,-0.018456498,-0.0100281555,2079349
20100317,12:15:00.000,BBG000BHCP19,-0.008021665,0.0070553627,1476797
20100317,12:15:00.000,BBG000BGKHZ3,-0.0109511325,0.0014948515,591318
20100317,12:15:00.000,BBG000BMB7R1,0.0030901514,0.0073295874,477024
20100317,12:15:00.000,BBG000BHLYS1,-0.0009724697,-0.0010124419,594866
20100317,12:15:00.000,BBG000BKWSR6,0.016352657,0.030824358,12986271
20100317,12:15:00.000,BBG000JN9BQ6,0.01207884,0.0149531355,675554
20100317,12:15:00.000,BBG000BRZBT3,0.0018528439,0.007942879,1242421
20100317,12:15:00.000,BBG000FBK808,0.011213293,0.019738661,6502111
20100317,12:15:00.000,BBG000BXRPH1,-0.011989716,-0.0020445376,716952
20100317,12:15:00.000,BBG000BQSQ38,-0.0052337777,0.0052637244,794239
20100317,12:15:00.000,BBG000BVMPN3,0.0125839235,0.02618634,582207
20100317,12:15:00.000,BBG000BGFLL5,0.0010542354,0.0145708565,1040652
20100317,12:15:00.000,BBG000BJ98Z0,0.027077803,0.024201201,681667
20100317,12:15:00.000,BBG000NDZ417,-0.007885281,-0.0017510392,750777
20100317,12:15:00.000,BBG000BKPL53,-0.005534137,-0.0032890516,566811
20100317,12:15:00.000,BBG000BD0TF8,0.011231415,0.024519216,476414
20100317,12:15:00.000,BBG000BY2Y78,0.010757128,0.026366608,1871435
20100317,12:15:00.000,BBG000BPMH90,0.0072989175,0.018192101,832306
20100317,12:15:00.000,BBG000BBNYF6,0.0118317725,0.018081794,798914
20100317,12:15:00.000,BBG000FJRZ68,-0.0078357775,-0.0053184084,1096534
20100317,12:15:00.000,BBG000FKJRC5,0.003588933,0.005199124,270939
20100317,12:15:00.000,BBG000CL9VN6,0.001310864,0.008704841,314842
20100317,12:15:00.000,BBG000BK6G19,-0.0043792236,0.00082991767,580894
20100317,12:15:00.000,BBG000C23KJ3,-0.010720332,-0.005895274,3207145
20100317,12:15:00.000,BBG000BB5BF6,-0.008227281,-0.0005153209,1835808
20100317,12:15:00.000,BBG000BK5DP1,0.00068070495,0.008534294,1727614
20100317,12:15:00.000,BBG000BJVZF7,0.0041553797,0.0030266705,509811
20100317,12:15:00.000,BBG000BN5HF7,-0.005563075,0.002386318,1659144
20100317,12:15:00.000,BBG000BL9439,-0.0020881102,6.597163e-08,589241
20100317,12:15:00.000,BBG000BJQWD2,0.005081034,0.01800076,1604488
20100317,12:15:00.000,BBG000D8RG11,-0.0017783827,0.0013324408,905975
20100317,12:15:00.000,BBG000BS9489,0.006505361,0.010707681,543454
20100317,12:15:00.000,BBG000BH5DV1,0.0008294669,0.0050519863,1141139
20100317,12:15:00.000,BBG000BMKDM3,-0.0032324695,-0.0028386405,751960
20100317,12:15:00.000,BBG000C75N77,-0.004705226,0.005569945,1465108
20100317,12:15:00.000,BBG000BKXFN7,-0.0084755,-0.0040367227,2730575
20100317,12:15:00.000,BBG000BTCH57,-0.0027736293,0.003254644,577940
20100317,12:15:00.000,BBG000BM7HL0,-0.0006952854,0.010413139,1418499
20100317,12:15:00.000,BBG000BNFLM9,-0.005063566,0.0074059754,1253511
20100317,12:15:00.000,BBG000BBVCN6,0.0027851958,0.0025764992,328882
20100317,12:15:00.000,BBG000LD9JQ8,-0.0077743623,-0.00054326846,2038160
20100317,12:15:00.000,BBG000MDCQC2,-0.006688418,-0.005640882,1213162
20100317,12:15:00.000,BBG000BLBXT4,-0.00808524,-0.004707526,1244505
20100317,12:15:00.000,BBG000BDXGP9,0.00551183,0.004686736,1028878
20100317,12:15:00.000,BBG000BR3KL6,0.006340649,0.012413026,537775
20100317,12:15:00.000,BBG000BX9WL1,0.024792287,0.04370393,5925632
20100317,12:15:00.000,BBG000BQ74K1,0.0005812747,0.010865398,418516
20100317,12:15:00.000,BBG000BWSV34,0.002035111,0.0045408513,457178
20100317,12:15:00.000,BBG000BQZMH4,-0.005558156,-0.0035348353,1202407
20100317,12:15:00.000,GEN_EQ0010066700001000,-0.0048155757,-0.004443409,796407
20100317,12:15:00.000,BBG000BQVTF5,-0.0014104659,0.008386313,1105506
20100317,12:15:00.000,BBG000LC1FS4,0.011720572,0.022601793,735572
20100317,12:15:00.000,GEN_EQ0010050500001000,-0.010391198,-0.0017865389,3865174
20100317,12:15:00.000,BBG000G3QLY3,0.011826076,0.018092692,535979
20100317,12:15:00.000,BBG000QBR5J5,-0.011509086,-7.9870586e-07,5241896
20100317,12:15:00.000,BBG000BTQR96,0.006069439,0.010736448,1018365
20100317,12:15:00.000,GEN_EQ0012661800001000,-0.013099281,-0.011662144,1123227
20100317,12:15:00.000,BBG000CKJ0P3,0.0019533124,0.00037447157,393272
20100317,12:15:00.000,BBG000HGYNZ9,-0.009448034,-0.0021979332,2093156
20100317,12:15:00.000,BBG000BV7LP7,0.0040192497,0.010789433,1471705
20100317,12:15:00.000,BBG000BBVK30,-0.0061557707,-0.011381658,5903369
20100317,12:15:00.000,BBG000BFXHL6,-0.011032608,-0.009842873,1568725
20100317,12:15:00.000,BBG000BGLRN3,0.0041274126,0.004881786,963633
20100317,12:15:00.000,BBG000C2V3D6,-0.008579258,0.003291425,944924
20100317,12:15:00.000,BBG000BGVW60,0.008694556,0.008019275,2061080
20100317,12:15:00.000,BBG000BTVJ25,0.0067937947,0.013969088,1791766
20100317,12:15:00.000,GEN_EQ0010020500001000,0.0018669178,0.013041674,1596365
20100317,12:15:00.000,BBG000BHQ1H0,0.0073405784,0.005084239,284532
20100317,12:15:00.000,BBG000BNC3Y9,0.039365835,0.061500497,4558044
20100317,12:15:00.000,BBG000BVVQQ8,-0.006342293,0.009233261,1231182
20100317,12:15:00.000,GEN_EQ0010281900001000,-0.0013091632,-0.0014826992,547862
20100317,12:15:00.000,BBG000C1FB75,-0.0055168397,0.008051445,202478
20100317,12:15:00.000,BBG000BFTJ91,0.01132437,0.011987225,2747046
20100317,12:15:00.000,BBG000C1FQS9,-0.006032775,-0.0025531685,434075
20100317,12:15:00.000,BBG000BSBZH7,-0.0028620802,-0.0049805753,885118
20100317,12:15:00.000,BBG000F15NW9,-0.015829984,-0.016220793,2353318
20100317,12:15:00.000,BBG000BPT0C6,0.019667026,0.025869481,972371
20100317,12:15:00.000,GEN_EQ0010145600001000,0.002120527,-0.0009752089,614593
20100317,12:15:00.000,BBG000H89QJ6,0.003908598,0.0037086813,477058
20100317,12:15:00.000,BBG000BR14K5,0.0040310705,0.014838906,917515
20100317,12:15:00.000,BBG000BP6L99,0.0061326064,0.010781639,13379615
20100317,12:15:00.000,BBG000BQWPC5,0.0030686301,0.0021970002,478945
20100317,12:15:00.000,BBG000BNNYW1,0.0018953029,0.0034585374,656974
20100317,12:15:00.000,BBG000BJ3PD2,0.0016976648,0.0072405282,438231
20100317,12:15:00.000,BBG000PVRDL2,0.010540072,0.0214442,3492694
20100317,12:15:00.000,BBG000C2ZCH8,-0.0029825477,-0.004173775,461460
20100317,12:15:00.000,BBG000TK7PB8,0.025363041,0.04184128,3891413
20100317,12:15:00.000,BBG000BB6M98,-0.00087238406,0.002250392,721833
20100317,12:15:00.000,BBG000HW5GX3,0.0036031608,0.009465738,740063
20100317,12:15:00.000,BBG000BLKK03,0.008755885,0.008915034,780142
20100317,12:15:00.000,BBG000BCZYD3,0.0031787895,0.0030387638,300409
20100317,12:15:00.000,BBG000CSY9H9,-0.010575595,-0.003475942,605084
20100317,12:15:00.000,BBG000BB9KF2,-0.0011359216,0.0007192161,586128
20100317,12:15:00.000,BBG000BMQPL1,0.010975907,0.0246915,8268453
20100317,12:15:00.000,BBG000BMTFR4,-0.0090793,0.0053409743,1624405
20100317,12:15:00.000,BBG000H9G7X2,0.00928224,0.0106985085,800844
20100317,12:15:00.000,BBG000BCNYT9,0.003970042,0.0061565638,997594
20100317,12:15:00.000,BBG000C0MF34,-0.0060173217,-0.0016232402,421818
20100317,12:15:00.000,BBG000BN2DC2,-0.0053693787,0.0033893946,496727
20100317,12:15:00.000,BBG000BN9WT5,0.0031494596,0.017380908,3367086
20100317,12:15:00.000,BBG000BQ5DS5,0.0011829018,0.001541359,672616
20100317,12:15:00.000,BBG000BCGY17,-0.004544567,-0.0029230413,664394
20100317,12:15:00.000,BBG000BB6G37,-0.0027511064,0.011327298,1653242
20100317,12:15:00.000,BBG000CHPY97,-0.025670767,-0.020987313,2934014
20100317,12:15:00.000,BBG000TWC2V5,-0.0011988026,-0.004112189,929507
20100317,12:15:00.000,GEN_EQ0117562400001000,-0.0047621373,-0.0037137154,6748152
20100317,12:15:00.000,BBG000BP0KQ8,0.0035974754,0.012286318,2539579
20100317,12:15:00.000,BBG000BB5373,0.01614272,0.02717265,4528081
20100317,12:15:00.000,BBG000BM6788,-0.007902927,-0.0016789683,1400202
20100317,12:15:00.000,BBG000BH3JF8,-0.008511284,-0.0062177964,918112
20100317,12:15:00.000,GEN_EQ0085215200001000,-0.00022655533,0.0074610854,3171288
20100317,12:15:00.000,BBG000BQ2C28,-3.718201e-05,0.0037126574,511933
20100317,12:15:00.000,BBG000BX5ZF5,-0.018942444,-0.008915106,8218788
20100317,12:15:00.000,BBG000BMDV41,0.0075549423,0.011361631,1000780
20100317,12:15:00.000,GEN_EQ0010319800003000,-0.0109485155,-0.017237103,2350733
20100317,12:15:00.000,BBG000BG14P4,-2.5180745e-05,0.008037439,614035
20100317,12:15:00.000,BBG000GC80B4,,,1546025
20100317,12:15:00.000,BBG000BB2DM7,-0.004989762,0.0055050314,3961667
20100317,12:15:00.000,BBG000BWJFZ4,-0.0036846974,-0.0032957483,937745
20100317,12:15:00.000,BBG000BHGDH5,-0.0006427969,-0.0006020159,2770387
20100317,12:15:00.000,BBG000BZ2GG4,-0.0011471153,0.008974538,1637630
20100317,12:15:00.000,BBG000D898T9,0.0015862985,0.0025502804,1019062
20100317,12:15:00.000,BBG000BMF5J0,-0.0067702658,-0.00048787598,1119246
20100317,12:15:00.000,BBG000BKLH74,-0.006221558,-0.00773031,3176291
20100317,12:15:00.000,BBG000BGPTV6,-0.005999831,0.0037065467,1318883
20100317,12:15:00.000,BBG000BH3GZ2,0.009301779,0.018068328,2101485
20100317,12:15:00.000,BBG000BVWLJ6,-0.007690947,0.002684222,1118075
20100317,12:15:00.000,BBG000C496P7,-0.018934568,-0.01151412,3788173
20100317,12:15:00.000,BBG000JG0547,0.004495666,0.010058904,1123241
20100317,12:15:00.000,BBG000DYGNW7,0.0035868594,0.0044850446,487661
20100317,12:15:00.000,BBG000BNJHS8,-0.0073805177,-0.012144192,3710481
20100317,12:15:00.000,BBG000BPQD31,-0.0010733916,-0.0013584592,1171009
20100317,12:15:00.000,BBG000BT9DW0,0.00075977057,0.0006023913,1141782
20100317,12:15:00.000,BBG000BB2KW0,-0.010660516,-0.010281414,579839
20100317,12:15:00.000,BBG000BK67C7,0.0081432,0.007798699,711482
20100317,12:15:00.000,BBG000DHSPT0,-0.002805908,0.00047877757,811005
20100317,12:15:00.000,BBG000BFMBQ6,0.0004569777,-0.0015728051,895294
20100317,12:15:00.000,BBG000B9WJ73,0.012698825,0.028445978,4310193
20100317,12:15:00.000,BBG000FVXD63,-0.011533356,-0.0039527533,1450137
20100317,12:15:00.000,BBG000B9XYV2,-0.007583273,-0.006661487,1523081
20100317,12:15:00.000,BBG000BMBL90,0.007942524,0.012874012,1909613
20100317,12:15:00.000,BBG000BB1TH9,-0.004576484,0.008611118,546596
20100317,12:15:00.000,BBG000BVMGF2,-0.003918413,0.011285006,2419292
20100317,12:15:00.000,BBG000BSD7C2,-0.0020542324,-0.0012325088,586105
20100317,12:15:00.000,BBG000J5Q6L2,-0.023140032,-0.0018105259,4135887
20100317,12:15:00.000,BBG000BC4JJ4,-0.007946657,-0.005143717,620403
20100317,12:15:00.000,BBG000BM5SR2,0.022791145,0.050878156,6795907
20100317,12:15:00.000,BBG000BJPDZ1,0.003780384,0.0039643603,181159
20100317,12:15:00.000,BBG000BZTW70,-0.012704824,-0.008847389,2595037
20100317,12:15:00.000,BBG000C5HS04,6.834797e-05,0.0008522603,742700
20100317,12:15:00.000,BBG000M65M61,-0.032860484,-0.034183905,6417307
20100317,12:15:00.000,BBG000BY29C7,0.0042941277,0.0083279675,832747
20100317,12:15:00.000,BBG000BB6WG8,0.0024841728,0.006995075,1874458
20100317,12:15:00.000,GEN_EQ0010172300001000,-0.005372176,-0.0061066127,595202
20100317,12:15:00.000,BBG000C2BXK4,0.00057921256,0.012209773,19515612
20100317,12:15:00.000,BBG000BBBNC6,-0.0026051388,0.022430683,978471
20100317,12:15:00.000,BBG000PM7GJ0,0.028547827,0.042602167,2038407
20100317,12:15:00.000,BBG000Q3JN03,0.007579282,0.02398403,13066909
20100317,12:15:00.000,BBG000C0LW92,-0.018214475,-0.012703016,26890692
20100317,12:15:00.000,BBG000BF1R66,0.009529056,0.019474989,983130
20100317,12:15:00.000,BBG000NSQ9M0,-0.011415064,-0.0009802749,4809396
20100317,12:15:00.000,BBG000FQ6PY6,-0.03417719,-0.030343313,8284817
20100317,12:15:00.000,BBG000BWVCP8,-0.017351039,-0.0051905992,2621238
20100317,12:15:00.000,BBG000BJSBJ0,-0.0017203714,0.0006264772,486210
20100317,12:15:00.000,BBG000BLM0V1,,,844565
20100317,12:15:00.000,BBG000BMY992,0.00032826606,0.0058310507,3052839
20100317,12:15:00.000,BBG000BVDLH9,0.0076193386,0.009290948,1091541
20100317,12:15:00.000,BBG000C0F570,0.0033152846,0.016335523,2602722
20100317,12:15:00.000,BBG000BBQCY0,0.008542639,0.020244552,11406139
20100317,12:15:00.000,GEN_EQ0000000001064567,0.004400686,0.016719887,846782
20100317,12:15:00.000,BBG000BKCFC2,-0.0054471893,-0.006413438,508668
20100317,12:15:00.000,BBG000CGQ6M4,0.008264219,0.008564868,616190
20100317,12:15:00.000,BBG000C17X76,-0.004848876,-0.005523849,660015
20100317,12:15:00.000,BBG000DTMH63,,,1860064
20100317,12:15:00.000,BBG000R7Z112,0.00044472775,-3.1666715e-07,3949473
20100317,12:15:00.000,BBG000BBMSJ6,-0.0046603563,0.008263251,3351889
20100317,12:15:00.000,BBG000BY33P5,3.0397146e-07,0.006584101,1558545
20100317,12:15:00.000,BBG000BV8DN6,0.0018723704,0.000115819465,976737
20100317,12:15:00.000,GEN_EQ0010135600001000,0.004881455,0.01577843,2668905
20100317,12:15:00.000,BBG000JN8R00,0.0037179596,0.017085059,875980
20100317,12:15:00.000,BBG000K14Q84,-0.017389754,-0.003978467,1174523
20100317,12:15:00.000,BBG000BBDV81,-0.0013528793,0.0105376905,817612
20100317,12:15:00.000,BBG000BMW2Z0,0.0027492396,0.0019008543,1153765
20100317,12:15:00.000,BBG000DLVDK3,-0.0022640727,0.0070226486,1269568
20100317,12:15:00.000,BBG000CKVSG8,0.0031477476,0.01539223,2150049
20100317,12:15:00.000,BBG000G0Z878,0.03135555,0.05248642,10655091
20100317,12:15:00.000,BBG000BGJRC8,0.00083009887,0.0011636524,769536
20100317,12:15:00.000,BBG000BL8GJ6,-0.0153535055,-0.0036304842,3877200
20100317,12:15:00.000,BBG000HCJMF9,-0.0022512425,0.01700096,1259271
20100317,12:15:00.000,BBG000BB6KF5,-0.00028179082,0.016868528,2476006
20100317,12:15:00.000,BBG000BYYLS8,-0.004504971,0.0047492953,2295869
20100317,12:15:00.000,BBG000FJLFX8,-0.0020493567,-0.0028147688,1532710
20100317,12:15:00.000,BBG000D9D830,0.011326866,0.0207119,1857930
20100317,12:15:00.000,BBG000BHX7N2,-0.0016591233,0.0047225137,885455
20100317,12:15:00.000,BBG000CTQBF3,-0.010050522,0.0019784104,3227394
20100317,12:15:00.000,BBG000BBD070,0.0069352286,0.019943157,1242285
20100317,12:15:00.000,BBG000BH2JM1,-0.01388982,-0.008104471,6265842
20100317,12:15:00.000,BBG000CS7CT9,0.00017263419,0.0030902848,1290540
20100317,12:15:00.000,BBG000BFL116,-0.012061525,-0.0029051385,397715
20100317,12:15:00.000,BBG000BFC8J2,0.013489429,0.012734029,1412170
20100317,12:15:00.000,BBG000C15T95,-0.004493421,-0.0072250403,596091
20100317,12:15:00.000,BBG000FP1N32,-0.0060761888,0.0040701544,1934318
20100317,12:15:00.000,BBG000JWD753,-0.0074890996,0.002991889,22539116
20100317,12:15:00.000,BBG000BWNFZ9,0.010320997,0.021381112,3771138
20100317,12:15:00.000,BBG000BSLZY7,-0.014393455,-0.0037907427,4883706
20100317,12:15:00.000,BBG000BCBCM7,-0.0006857986,0.00042391344,2795268
20100317,12:15:00.000,BBG000BBGGQ1,-0.004553204,0.0048628263,5206668
20100317,12:15:00.000,BBG000BCWCG1,0.0018858298,0.009859645,2077541
20100317,12:15:00.000,BBG000BLBVN4,0.0022243224,0.010074064,498370
20100317,12:15:00.000,BBG000C46HM9,-0.010747631,-0.007846753,3238473
20100317,12:15:00.000,BBG000BTKGG8,0.0075980555,0.021933654,3198195
20100317,12:15:00.000,GEN_EQ0010059600001000,0.04851705,0.06408005,6247345
20100317,12:15:00.000,BBG000C8H633,0.0034137943,0.014206725,2587856
20100317,12:15:00.000,BBG000BTR593,-0.0022984329,0.003405009,2224218
20100317,12:15:00.000,GEN_EQ0000000000158587,0.0033967367,0.0049954504,889976
20100317,12:15:00.000,BBG000F6H8W8,-0.00096265256,0.0056650154,1241001
20100317,12:15:00.000,BBG000BFQYY3,-0.0037808623,-0.00496539,1181403
20100317,12:15:00.000,BBG000BNBDC2,0.001533469,-0.0013813436,2444808
20100317,12:15:00.000,BBG000BSJTT0,0.002472822,0.0161352,1974253
20100317,12:15:00.000,BBG000BJL3N0,-0.0022503585,0.009683646,5820525
20100317,12:15:00.000,BBG000BYWTX7,-0.0101295505,0.0024496221,7733118
20100317,12:15:00.000,BBG000BD8PN9,0.0016769462,0.01091412,2357680
20100317,12:15:00.000,BBG000BHLYP4,-0.004488843,0.0055993577,108408
20100317,12:15:00.000,BBG000C1BW00,0.000599193,0.0014774974,873265
20100317,12:15:00.000,BBG000J6XT05,-0.0054554758,-0.00066098606,1367790
20100317,12:15:00.000,BBG000BJX8C8,0.0011825772,0.015417726,1692573
20100317,12:15:00.000,BBG000BCVJ77,0.0076117767,0.005940977,1066624
20100317,12:15:00.000,BBG000BZ9223,-0.007133386,-0.0038333533,1130754
20100317,12:15:00.000,BBG000H556T9,-0.005772282,-0.0009304662,1854005
20100317,12:15:00.000,BBG000BJF1Z8,0.006748085,0.011902091,1793226
20100317,12:15:00.000,BBG000BB5006,0.009623563,0.015707841,4554596
20100317,12:15:00.000,BBG000F0KF42,,,6447704
20100317,12:15:00.000,BBG000BKFBD7,0.0047638975,0.020301899,1968298
20100317,12:15:00.000,BBG000BFDXW1,-0.0053630336,0.006418116,1641534
20100317,12:15:00.000,BBG000BW3299,0.00012342879,-0.0014304194,1786054
20100317,12:15:00.000,BBG000F0PF65,4.9604987e-05,0.0057956437,1953513
20100317,12:15:00.000,BBG000BNWG87,-0.0066708676,-0.0067618056,2223272
20100317,12:15:00.000,BBG000BH13K9,0.004800784,0.008629128,2133199
20100317,12:15:00.000,BBG000BH1NH9,0.004591423,0.012383156,1379930
20100317,12:15:00.000,BBG000DY8ZS4,-0.01092421,0.0017185988,6911096
20100317,12:15:00.000,BBG000BP8Z50,-0.025811609,-0.016271548,10460538
20100317,12:15:00.000,BBG000BJ81C1,0.0032965625,0.011349649,1506647
20100317,12:15:00.000,BBG000BBVJZ8,-0.012068677,-0.008413211,3657861
20100317,12:15:00.000,BBG000BQ8KV2,-0.021454105,-0.01464531,3368433
20100317,12:15:00.000,BBG000BGKTF9,-0.015212801,0.000990973,2345774
20100317,12:15:00.000,BBG000BFRF55,-0.0020450351,0.009509988,2561659
20100317,12:15:00.000,BBG000BRK7L6,0.0063723805,0.016825918,6157047
20100317,12:15:00.000,BBG000BWLMJ4,-0.0047839764,0.0028973306,2142948
20100317,12:15:00.000,BBG000BD4VG8,0.002443774,0.01469882,1806981
20100317,12:15:00.000,BBG000FW00S1,0.010812348,0.02530462,3745894
20100317,12:15:00.000,BBG000BBJQV0,0.0029031958,0.017459365,7245436
20100317,12:15:00.000,BBG000C5Z1S3,0.0024254376,0.020557761,11882628
20100317,12:15:00.000,BBG000BC40Y8,0.013868003,0.020946417,2033366
20100317,12:15:00.000,BBG000DWYF03,-0.002971369,0.0007127045,6326922
20100317,12:15:00.000,BBG000BRD0D8,0.008576545,0.020145018,2627284
20100317,12:15:00.000,BBG000H8TVT2,-0.005303775,-0.0046780715,1049317
20100317,12:15:00.000,BBG000BP6LJ8,-0.0020397748,-0.0024579237,3787210
20100317,12:15:00.000,BBG000BKFZM4,0.022497142,0.029753763,10823347
20100317,12:15:00.000,BBG000BHBK84,-0.00953606,-0.003939979,3551179
20100317,12:15:00.000,BBG000FG3C43,-0.01828403,-0.005759256,3170136
20100317,12:15:00.000,BBG000BH23R1,0.016935369,0.026545912,15836862
20100317,12:15:00.000,BBG000F1ZSQ2,-0.018743385,-0.00823612,465496
20100317,12:15:00.000,BBG000GFFQN9,-0.001812438,0.0109987585,6108713
20100317,12:15:00.000,BBG000BNDN65,0.00095385994,0.0067902943,5342129
20100317,12:15:00.000,BBG000C43RR5,0.0025358081,0.013808419,6210998
20100317,12:15:00.000,BBG000BP52R2,-0.003635787,0.0039188187,1645917
20100317,12:15:00.000,BBG000BBPFB9,0.0031394295,0.015254931,16060400
20100317,12:15:00.000,BBG000BC2C10,0.009939092,0.014770878,1014386
20100317,12:15:00.000,BBG000BFT2L4,0.008339524,0.008569028,4847627
20100317,12:15:00.000,BBG000L9CV04,0.0044801785,0.0077670612,2075350
20100317,12:15:00.000,BBG000FL1TC8,-0.0060391347,-0.007639428,2806112
20100317,12:15:00.000,BBG000FFDM15,-0.014583632,-0.0030645456,4379064
20100317,12:15:00.000,BBG000BH4R78,-0.002032395,-0.0020752866,2714445
20100317,12:15:00.000,BBG000B9ZXB4,0.0012353263,-0.004204591,2942505
20100317,12:15:00.000,BBG000BGRY34,0.0045488025,0.008585168,2861235
20100317,12:15:00.000,BBG000G2R6M0,-0.0068531837,0.0024969247,3655439
20100317,12:15:00.000,BBG000BCSST7,0.0031583353,0.0015275893,2685052
20100317,12:15:00.000,BBG000BVV7G1,-0.0036311643,0.009325314,5671311
20100317,12:15:00.000,BBG000BW8S60,-0.0042431816,-0.003590094,1654777
20100317,12:15:00.000,BBG000BL4504,-0.01207065,-0.0043286122,6831853
20100317,12:15:00.000,BBG000DQLV23,-0.0012645044,-0.0065397276,5623663
20100317,12:15:00.000,BBG000BBS2Y0,-0.0028831467,-0.0065293345,1887344
20100317,12:15:00.000,BBG000BHVJJ3,-0.0107429,-0.003195371,10124954
20100317,12:15:00.000,BBG000J2XL74,0.0070148287,0.009561951,2047322
20100317,12:15:00.000,BBG000CH5208,-0.00828597,-0.0087706335,5448349
20100317,12:15:00.000,BBG000BCQZS4,-0.0017637969,0.007089819,3214603
20100317,12:15:00.000,BBG000BFWKC0,0.01127184,0.008812889,3583327
20100317,12:15:00.000,BBG000BCG930,0.0024473548,-0.0012913239,3400394
20100317,12:15:00.000,BBG000PSKYX7,-0.0019899143,0.0061696647,1400919
20100317,12:15:00.000,BBG000BPWXK1,-0.004317852,0.0053579775,2777079
20100317,12:15:00.000,BBG000BWXBC2,-0.0057291384,-0.0032135528,5492987
20100317,12:15:00.000,BBG000BQQ2S6,0.007600541,0.012203497,1944155
20100317,12:15:00.000,BBG000BH5LT6,-0.0018411827,-0.0020258327,2584075
20100317,12:15:00.000,BBG000DWG505,-0.0005661597,-0.0007297894,1569967
20100317,12:15:00.000,BBG000BF0K17,-0.0011393487,0.0070640794,2521821
20100317,12:15:00.000,BBG000BKTFN2,0.016119568,0.025855161,7070079
20100317,12:15:00.000,BBG000BB07P9,0.0023539504,0.010483381,3997765
20100317,12:15:00.000,BBG000BNSZP1,-0.0045835217,0.0009089981,1845339
20100317,12:15:00.000,BBG000BKZB36,-0.005347506,-0.0009222897,5083638
20100317,12:15:00.000,BBG000CKGBP2,-0.0050346632,-0.008635873,3176694
20100317,12:15:00.000,BBG000DH7JK6,0.004267577,0.0049942504,2293076
20100317,12:15:00.000,BBG000D4LWF6,-0.002719255,-0.0043777567,4488365
20100317,12:15:00.000,BBG000BQQH30,0.008410785,0.013413782,5154591
20100317,12:15:00.000,BBG000B9WH86,0.033369895,0.045667484,37418760
20100317,12:15:00.000,BBG000BQLTW7,0.008459733,0.010708297,14498590
20100317,12:15:00.000,BBG000HS77T5,0.0049015386,0.0050110198,7011303
20100317,12:15:00.000,GEN_EQ0011904200001000,0.009170833,0.012216075,8730089
20100317,12:15:00.000,BBG000BLZRJ2,-0.006147037,0.0046211714,5500538
20100317,12:15:00.000,BBG000BMX289,2.7702177e-05,0.0011175693,3916318
20100317,12:15:00.000,BBG000BPD168,-0.0026228237,-0.008699048,4037538
20100317,12:15:00.000,BBG000BT41Q8,0.007049806,0.015943984,5878436
20100317,12:15:00.000,BBG000BMHYD1,0.006793343,0.0024808603,3495760
20100317,12:15:00.000,BBG000BR2TH3,0.006964956,0.005193808,3479724
20100317,12:15:00.000,BBG000KHWT55,-0.00072571693,0.006111933,6017385
20100317,12:15:00.000,BBG000BTZQC4,-0.009802274,-0.010211734,2832406
20100317,12:15:00.000,BBG000BSJK37,0.0034503068,0.0023211238,8157734
20100317,12:15:00.000,BBG000BLNNH6,-0.007180769,-0.0020211588,2176605
20100317,12:15:00.000,BBG000K4ND22,0.0043148575,0.010136141,4911010
20100317,12:15:00.000,BBG000BX3TD3,-0.012339801,-0.0019990297,6437762
20100317,12:15:00.000,BBG000CR90K4,-0.0018390828,-0.0010652413,3864277
20100317,12:15:00.000,BBG000BVPV84,0.001091283,0.00569176,1843201
20100317,12:15:00.000,BBG000CGC1X8,-0.008245997,-0.0043605277,10142371
20100317,12:15:00.000,BBG000BR2B91,-0.0023917316,-0.0057919715,23590040
20100317,12:15:00.000,BBG000BQPC32,0.019789878,0.020022018,37101680
20100317,12:15:00.000,BBG000BK6MB5,-0.00010139828,0.009958467,84612840
20100317,12:15:00.000,BBG000C3J3C9,0.00531085,0.0072641945,13995315
20100317,12:15:00.000,BBG000C0G1D1,-0.0005035154,0.0090881325,39720648
20100317,12:15:00.000,BBG000BWQFY7,-0.003595556,0.00495326,12336717
20100317,12:15:00.000,BBG000BJDB15,-0.005499732,0.0054773344,4917454
20100317,12:15:00.000,BBG000BPH459,0.0053617326,0.009531068,22968160
20100317,12:15:00.000,BBG000C6CFJ5,0.00073802634,0.0070122406,3453211
20100317,12:15:00.000,BBG000DMBXR2,0.0067249867,0.015735148,15381285
20100317,12:15:00.000,BBG000BHSKN9,0.00041473866,0.00984567,1182954
20100317,12:15:00.000,BBG000GZQ728,0.002628404,0.011707616,15241354
20100317,12:15:00.000,BBG000BCTLF6,-0.0024881377,0.009974233,56022104
20100317,12:15:00.000,BBG000B9XRY4,0.00065379555,0.0064354213,5846258
20100317,12:30:00.000,GEN_EQ0021071400001000,-0.023386212,-0.015024092,1065218
20100317,12:30:00.000,GEN_EQ0096849600001000,-0.01008984,0.0079535125,447991
20100317,12:30:00.000,BBG000BJ49H3,-0.0022552405,0.0014780161,435155
20100317,12:30:00.000,BBG000BMFD58,-0.005525627,0.0037243092,4744183
20100317,12:30:00.000,BBG000BFVXX0,-0.009221238,-0.006982027,896345
20100317,12:30:00.000,BBG000CHWP52,-0.0012852658,0.003700556,445136
20100317,12:30:00.000,BBG000BT9T73,0.06347809,0.08082528,25603936
20100317,12:30:00.000,BBG000BCQ4P6,0.0042680106,0.010864458,569044
20100317,12:30:00.000,BBG000BMLWX8,0.0114127435,0.0074012666,1290897
20100317,12:30:00.000,BBG000BP7JB0,-0.008587441,0.00175805,1664296
20100317,12:30:00.000,BBG000BNW1S8,-0.012039025,0.0029191808,667056
20100317,12:30:00.000,BBG000MQ1SN9,0.0034705042,0.0031120668,496073
20100317,12:30:00.000,BBG000BVB8Q0,-0.011821951,-0.006006247,976338
20100317,12:30:00.000,BBG000BSC0K9,-0.006526658,-0.003876844,320173
20100317,12:30:00.000,BBG000C7LMS8,0.007081495,0.012114197,231535
20100317,12:30:00.000,BBG000BB5792,0.008817691,0.016243702,877281
20100317,12:30:00.000,BBG000BFDLV8,0.0152425,0.02149915,269040
20100317,12:30:00.000,BBG000BTLMX5,0.002208887,0.008887601,478770
20100317,12:30:00.000,BBG000CQB185,0.020658147,0.02985745,821515
20100317,12:30:00.000,BBG000BKVJK4,0.00560829,0.005681942,479457
20100317,12:30:00.000,BBG000BQC9V2,0.013231901,0.018704204,3043506
20100317,12:30:00.000,BBG000CC53X1,0.012030442,0.020938246,634746
20100317,12:30:00.000,BBG000C45984,-0.0036432443,0.0038563511,610287
20100317,12:30:00.000,BBG000BJNGN9,0.004094434,0.016389007,1452614
20100317,12:30:00.000,BBG000FQRVM3,0.0038887702,0.005453665,357376
20100317,12:30:00.000,BBG000D2M0Z7,-0.007448589,-0.0008253317,317090
20100317,12:30:00.000,BBG000K82ZT8,-0.0060912613,-0.0015925664,509867
20100317,12:30:00.000,BBG000BF5RY1,0.0031690113,0.004391803,3675721
20100317,12:30:00.000,BBG000BNMHS4,-0.0009521804,0.008173206,454791
20100317,12:30:00.000,BBG000CPHYL4,0.0041235997,0.0052396846,4830675
20100317,12:30:00.000,GEN_EQ0000000000852052,0.009668457,0.024024578,637949
20100317,12:30:00.000,BBG000BCHG15,0.017590512,0.024696205,327701
20100317,12:30:00.000,BBG000BNNKG9,0.009284686,0.016976904,1347384
20100317,12:30:00.000,BBG000DR22B6,-0.0070716413,0.004504392,1246324
20100317,12:30:00.000,BBG000BHK836,-0.0075653833,0.0041067083,681113
20100317,12:30:00.000,BBG000BV4DR6,0.0045718863,0.021646928,2021687
20100317,12:30:00.000,BBG000BC9938,-0.015939198,-0.0075873677,483046
20100317,12:30:00.000,BBG000DSMS70,-0.007131491,-0.005732026,296931
20100317,12:30:00.000,BBG000BWCKB6,0.0013949185,0.0041949125,290605
20100317,12:30:00.000,BBG000BP5YT0,-0.011054882,0.0065231817,3006319
20100317,12:30:00.000,BBG000BGYWY6,0.0014642415,0.008880834,685844
20100317,12:30:00.000,GEN_EQ0010580600001000,0.008531152,0.018638024,824714
20100317,12:30:00.000,BBG000BFJ645,0.012941678,0.011759161,1544353
20100317,12:30:00.000,BBG000PV2L86,0.0033832001,0.004155865,1129591
20100317,12:30:00.000,BBG000BXBHJ4,-0.011406479,-0.0028392533,456835
20100317,12:30:00.000,BBG000BB29X4,-0.0011138999,0.00076683477,586081
20100317,12:30:00.000,BBG000BBBP59,-0.00034615945,0.006631113,273322
20100317,12:30:00.000,BBG000BVHBM1,0.00025250917,-0.00391195,1184444
20100317,12:30:00.000,BBG000BWGYF8,0.03456493,0.06923271,1944616
20100317,12:30:00.000,BBG000BBL8V7,0.013864023,0.027741568,1427033
20100317,12:30:00.000,BBG000BPNP00,-0.0026300445,0.013364161,662733
20100317,12:30:00.000,BBG000RGM5P1,,,568342
20100317,12:30:00.000,BBG000FKYVH4,0.0043330146,0.013060229,381802
20100317,12:30:00.000,BBG000BGXZB5,0.0082770465,0.0063175927,2115067
20100317,12:30:00.000,BBG000BTQ9G8,-0.00054745964,0.0046148784,1122704
20100317,12:30:00.000,BBG000BCTQ65,0.0049176156,0.004695792,678153
20100317,12:30:00.000,BBG000BK2F42,0.007397971,0.016585276,933328
20100317,12:30:00.000,BBG000F7RCJ1,-0.007716435,0.0012998063,334353
20100317,12:30:00.000,BBG000C2YHG9,2.7072185e-05,0.00046368176,766854
20100317,12:30:00.000,BBG000BRJL00,0.001135543,0.0065716673,833358
20100317,12:30:00.000,BBG000BQT4L6,-0.002758329,0.005786145,1360262
20100317,12:30:00.000,BBG000FDBX90,-0.0012481026,-4.9269045e-07,917859
20100317,12:30:00.000,BBG000BKR1D6,-0.0045319255,0.004778518,232092
20100317,12:30:00.000,GEN_EQ0010003600001000,-0.0020845335,0.0029702075,537224
20100317,12:30:00.000,BBG000BPXVJ6,-0.0017745369,-0.0006924886,1186481
20100317,12:30:00.000,BBG000BN84F3,0.007687462,0.008512766,455081
20100317,12:30:00.000,BBG000DSZTN6,0.009455967,0.020484913,954259
20100317,12:30:00.000,BBG000BBCDZ2,-0.0035778964,0.0042459643,345729
20100317,12:30:00.000,BBG000PQ6YJ3,-0.016220076,-0.0070357784,159138
20100317,12:30:00.000,BBG000HQ7GC7,-0.008748025,0.0018159007,902987
20100317,12:30:00.000,BBG000BC15S7,-0.004097089,0.0040601306,450322
20100317,12:30:00.000,BBG000PX3XC0,-0.002612168,0.007893053,343685
20100317,12:30:00.000,BBG000BSXQV7,0.0036405548,0.009684777,302799
20100317,12:30:00.000,BBG000BP1Q11,-0.00011952439,0.002686925,311221
20100317,12:30:00.000,GEN_EQ0010206100001000,-0.016592242,-0.017915804,3989303
20100317,12:30:00.000,BBG000C3GN47,0.0029011662,0.009719515,530967
20100317,12:30:00.000,BBG000BN7277,-0.00038569965,0.011048598,1286506
20100317,12:30:00.000,BBG000C3NTN5,0.0024806978,0.0031293123,1198319
20100317,12:30:00.000,BBG000DWB323,-0.0026287641,0.010796665,1709335
20100317,12:30:00.000,BBG000BR1W32,-0.0051280544,0.008302242,757603
20100317,12:30:00.000,BBG000BF2KK4,-0.0051977313,0.0030623355,901440
20100317,12:30:00.000,BBG000BNBPQ0,0.011216783,0.029002804,898242
20100317,12:30:00.000,BBG000BWXL85,0.00038318196,0.0050667166,747979
20100317,12:30:00.000,GEN_EQ0010624300001000,0.001796966,0.00032914276,888750
20100317,12:30:00.000,BBG000JBN3X6,-0.0019620412,-0.0116057955,2870749
20100317,12:30:00.000,BBG000BFNR17,-0.0002518013,0.010950965,859025
20100317,12:30:00.000,BBG000CXYSZ6,0.024428733,0.02694445,512376
20100317,12:30:00.000,BBG000FV1Z23,-0.014863046,-0.013563093,1153066
20100317,12:30:00.000,GEN_EQ0010548100001000,0.0270117,0.04383208,4437465
20100317,12:30:00.000,GEN_EQ0010141600001000,0.0043280576,0.0148711,1086069
20100317,12:30:00.000,BBG000BW2QX0,0.001898986,0.01735854,2063337
20100317,12:30:00.000,BBG000C1S2X2,-0.0042086216,-0.008235615,446212
20100317,12:30:00.000,BBG000BVXPZ8,0.00848642,0.016037753,1767939
20100317,12:30:00.000,BBG000B9ZV28,0.008056824,0.013160497,219494
20100317,12:30:00.000,BBG000CPQZ77,-0.005961889,0.0035359347,734945
20100317,12:30:00.000,BBG000BGD7W6,-0.005426602,-0.0034749866,1289675
20100317,12:30:00.000,GEN_EQ0010168800001000,-0.011295802,-0.007797116,16777412
20100317,12:30:00.000,BBG000D9KWL9,-0.0022304382,0.008412806,200277
20100317,12:30:00.000,BBG000BR37X2,0.01724776,0.028787322,3817847
20100317,12:30:00.000,BBG000BR54L0,0.0023242321,0.0061426964,2239692
20100317,12:30:00.000,BBG000BLHRS2,-0.008874012,-0.0067816265,626360
20100317,12:30:00.000,BBG000BX3BL3,-0.0137760835,0.005933007,506833
20100317,12:30:00.000,BBG000BL5W86,0.0020477436,0.022628197,5306650
20100317,12:30:00.000,BBG000BJKPG0,0.0018772696,0.011256935,548080
20100317,12:30:00.000,BBG000BCYP43,0.009949831,0.012076987,337661
20100317,12:30:00.000,BBG000MBDGM6,0.0073503773,0.020811023,265989
20100317,12:30:00.000,BBG000CGT2S4,-0.010682062,-0.002897083,489686
20100317,12:30:00.000,BBG000BMFFQ0,0.001892314,0.020120649,779346
20100317,12:30:00.000,BBG000BWVSR1,0.003271148,0.005457204,588911
20100317,12:30:00.000,BBG000FL0BC8,-0.015357354,-0.00935159,1804089
20100317,12:30:00.000,BBG000F86GP6,-0.009766301,-0.00034855693,349371
20100317,12:30:00.000,BBG000BHB3M6,0.006092544,0.013800068,334488
20100317,12:30:00.000,BBG000BDWKC5,0.0008793601,0.008395208,1322371
20100317,12:30:00.000,BBG000BJDPC2,0.01884657,0.020047875,1451554
20100317,12:30:00.000,BBG000BP4MH0,-0.0016653185,0.0053073675,1729086
20100317,12:30:00.000,BBG000C9W1Y1,,,1765514
20100317,12:30:00.000,BBG000BKSL41,-2.3829174e-05,0.009424215,1322920
20100317,12:30:00.000,BBG000CVWGS6,0.0034977156,0.007735239,6631945
20100317,12:30:00.000,BBG000F80SZ5,0.012379725,0.02341184,4148795
20100317,12:30:00.000,BBG000DKCC19,0.0009728354,0.0016980681,1390786
20100317,12:30:00.000,GEN_EQ0010091900001000,0.020207135,0.021274118,292989
20100317,12:30:00.000,BBG000BG7986,0.010658637,0.007728427,968001
20100317,12:30:00.000,BBG000D7RKJ5,0.001284323,0.0050898,650668
20100317,12:30:00.000,BBG000KLB4Q1,0.0101511935,0.02424311,2077326
20100317,12:30:00.000,BBG000DQTXY6,-0.009829234,-0.011499079,1518686
20100317,12:30:00.000,BBG000BFS7D3,0.0082688965,0.008207244,1194799
20100317,12:30:00.000,BBG000BV75B7,-0.0101973405,-0.01396582,1122205
20100317,12:30:00.000,BBG000C2PW58,0.04399238,0.056876384,497666
20100317,12:30:00.000,BBG000BKZTP3,-0.023222407,-0.010591573,2093767
20100317,12:30:00.000,BBG000CFJL87,0.002987745,-0.0017819419,936722
20100317,12:30:00.000,BBG000QY3XZ2,-0.0030273893,0.008346031,1854568
20100317,12:30:00.000,BBG000BJ5GK2,-0.0038537798,0.0033331045,473431
20100317,12:30:00.000,BBG000Q0BPZ4,0.03030734,0.04299362,3408181
20100317,12:30:00.000,BBG000NSCNT7,0.011588332,0.037637733,2118676
20100317,12:30:00.000,GEN_EQ0010104800001000,0.0092998985,0.021010207,3324489
20100317,12:30:00.000,BBG000G8N9C6,-0.008270497,-0.0078094336,694499
20100317,12:30:00.000,BBG000BHKYH4,-0.0036587503,0.00274632,525916
20100317,12:30:00.000,BBG000BK1FD3,-0.017674591,0.0003593509,1425430
20100317,12:30:00.000,BBG000BT4T69,-0.0024999063,-0.000712785,3312444
20100317,12:30:00.000,GEN_EQ0011591100001000,-0.0006392927,0.0056947726,1017765
20100317,12:30:00.000,BBG000FFH4P5,-0.0019892815,0.0056940904,371317
20100317,12:30:00.000,BBG000BGRKT6,0.010063828,0.010916952,343382
20100317,12:30:00.000,BBG000DN7P92,0.0051473062,0.0077583166,605111
20100317,12:30:00.000,BBG000M4SW14,0.005728245,0.013631986,474254
20100317,12:30:00.000,BBG000BNGTQ7,0.0014378914,0.0016181205,1845512
20100317,12:30:00.000,BBG000BL79J3,-0.0067967167,-0.005630401,1198021
20100317,12:30:00.000,BBG000BDG1Y1,-0.0042777667,0.0024138007,1114352
20100317,12:30:00.000,BBG000D9DMK0,0.005215477,0.0069989944,353461
20100317,12:30:00.000,BBG000BVPPM1,0.010759326,0.022246098,3102892
20100317,12:30:00.000,BBG000D3MB18,-0.005795353,-5.548671e-07,1956315
20100317,12:30:00.000,BBG000DGPR66,0.004467824,0.009743187,368507
20100317,12:30:00.000,BBG000BLDV98,-0.0031314197,-0.005314754,1626185
20100317,12:30:00.000,BBG000C6F3T8,0.0020817427,0.006503641,1719870
20100317,12:30:00.000,BBG000BS0ZF1,0.0046173213,0.0075556533,197353
20100317,12:30:00.000,BBG000DNTSP4,-0.008143396,2.1252262e-07,680576
20100317,12:30:00.000,BBG000LL9LQ5,-0.0044331905,0.0067693265,1200653
20100317,12:30:00.000,GEN_EQ0140919900001000,0.0020994118,0.0032953878,682191
20100317,12:30:00.000,BBG000QRSL13,-0.008071523,0.005037826,5166970
20100317,12:30:00.000,BBG000BRJ809,0.010796801,0.013310266,398562
20100317,12:30:00.000,BBG000D1QCF1,-0.014524569,-0.0014991476,712860
20100317,12:30:00.000,BBG000BLCPY4,0.0074601504,0.008675528,801173
20100317,12:30:00.000,BBG000CNWNL6,0.007819502,0.026389144,1287922
20100317,12:30:00.000,BBG000DV7MX4,-0.015635923,0.0012369299,5683564
20100317,12:30:00.000,BBG000BP1152,-0.020691283,-0.013162037,2246243
20100317,12:30:00.000,BBG000BHCP19,-0.009123094,0.005996861,1637393
20100317,12:30:00.000,BBG000BGKHZ3,-0.011036623,0.0011210486,615418
20100317,12:30:00.000,BBG000BMB7R1,0.001776801,0.006108093,487054
20100317,12:30:00.000,BBG000BHLYS1,-0.00096344814,-0.0011250209,627869
20100317,12:30:00.000,BBG000BKWSR6,0.014369788,0.029011145,13239060
20100317,12:30:00.000,BBG000JN9BQ6,0.013642987,0.017053904,697494
20100317,12:30:00.000,BBG000BRZBT3,0.0036290514,0.0086652115,1311446
20100317,12:30:00.000,BBG000FBK808,0.013613928,0.022285704,6739777
20100317,12:30:00.000,BBG000BXRPH1,-0.011898246,-0.0023231944,759098
20100317,12:30:00.000,BBG000BQSQ38,-0.006384698,0.0037155387,858030
20100317,12:30:00.000,BBG000BVMPN3,0.011017035,0.024700442,610379
20100317,12:30:00.000,BBG000BGFLL5,0.0010864525,0.01491787,1131013
20100317,12:30:00.000,BBG000BJ98Z0,0.030303385,0.027552065,723358
20100317,12:30:00.000,BBG000NDZ417,-0.009042426,-0.002854822,789327
20100317,12:30:00.000,BBG000BKPL53,-0.0062033697,-0.0038085403,610851
20100317,12:30:00.000,BBG000BD0TF8,0.011581395,0.024932584,487584
20100317,12:30:00.000,BBG000BY2Y78,0.010053582,0.02588278,1989911
20100317,12:30:00.000,BBG000BPMH90,0.0075053996,0.018740557,891828
20100317,12:30:00.000,BBG000BBNYF6,0.01245026,0.017847033,855845
20100317,12:30:00.000,BBG000FJRZ68,-0.0072349166,-0.0061105066,1128819
20100317,12:30:00.000,BBG000FKJRC5,0.0056693703,0.0074046524,295129
20100317,12:30:00.000,BBG000CL9VN6,0.004844132,0.011960456,332817
20100317,12:30:00.000,BBG000BK6G19,-0.0041333637,0.0009221354,607693
20100317,12:30:00.000,BBG000C23KJ3,-0.006515312,-0.0016848969,3467248
20100317,12:30:00.000,BBG000BB5BF6,-0.0072937747,-0.000515343,1964211
20100317,12:30:00.000,BBG000BK5DP1,0.0018466122,0.009143818,1782658
20100317,12:30:00.000,BBG000BJVZF7,0.0046601454,0.0033452422,549118
20100317,12:30:00.000,BBG000BN5HF7,-0.006722051,-0.0017891238,1944949
20100317,12:30:00.000,BBG000BL9439,-0.0027052632,-0.00021112697,639067
20100317,12:30:00.000,BBG000BJQWD2,0.005256267,0.017685045,1711996
20100317,12:30:00.000,BBG000D8RG11,-0.002006892,0.0013325477,984080
20100317,12:30:00.000,BBG000BS9489,0.007829498,0.01198232,589277
20100317,12:30:00.000,BBG000BH5DV1,0.00083937123,0.005051908,1234482
20100317,12:30:00.000,BBG000BMKDM3,-0.0033690173,-0.002365684,777010
20100317,12:30:00.000,BBG000C75N77,-0.0031134035,0.0079568485,1568429
20100317,12:30:00.000,BBG000BKXFN7,-0.0071118544,-0.0040366375,2796928
20100317,12:30:00.000,BBG000BTCH57,-0.002713623,0.0036160888,616721
20100317,12:30:00.000,BBG000BM7HL0,-0.0003508276,0.010413159,1487749
20100317,12:30:00.000,BBG000BNFLM9,-0.005246017,0.005628488,1373310
20100317,12:30:00.000,BBG000BBVCN6,0.000978223,0.00061127136,342517
20100317,12:30:00.000,BBG000LD9JQ8,-0.010149894,-0.0037354736,2080050
20100317,12:30:00.000,BBG000MDCQC2,-0.006719785,-0.005640882,1280377
20100317,12:30:00.000,BBG000BLBXT4,-0.007051248,-0.0045899013,1293433
20100317,12:30:00.000,BBG000BDXGP9,0.0053266943,0.004686736,1065202
20100317,12:30:00.000,BBG000BR3KL6,0.008468076,0.014585344,601483
20100317,12:30:00.000,BBG000BX9WL1,0.026549846,0.045506235,6182980
20100317,12:30:00.000,BBG000BQ74K1,0.0012924063,0.011869757,456346
20100317,12:30:00.000,BBG000BWSV34,0.0012687809,0.0038029738,487156
20100317,12:30:00.000,BBG000BQZMH4,-0.007603916,-0.0057844706,1279390
20100317,12:30:00.000,GEN_EQ0010066700001000,-0.0050820266,-0.0045825653,825086
20100317,12:30:00.000,BBG000BQVTF5,-0.00030805415,0.009105224,1159387
20100317,12:30:00.000,BBG000LC1FS4,0.012268385,0.022019668,795173
20100317,12:30:00.000,GEN_EQ0010050500001000,-0.0067380564,0.0017864706,4120480
20100317,12:30:00.000,BBG000G3QLY3,0.012204178,0.01854774,561755
20100317,12:30:00.000,BBG000QBR5J5,-0.013745078,-0.0026160248,5397221
20100317,12:30:00.000,BBG000BTQR96,0.0059152893,0.0103902,1062856
20100317,12:30:00.000,GEN_EQ0012661800001000,-0.014672851,-0.014499042,1162276
20100317,12:30:00.000,BBG000CKJ0P3,0.0025905783,0.0007487266,430287
20100317,12:30:00.000,BBG000HGYNZ9,-0.0049611377,0.00055022823,2284799
20100317,12:30:00.000,BBG000BV7LP7,0.0028615543,0.009990269,1539406
20100317,12:30:00.000,BBG000BBVK30,-0.00466454,-0.010347186,6231724
20100317,12:30:00.000,BBG000BFXHL6,-0.014062683,-0.0134145105,1724384
20100317,12:30:00.000,BBG000BGLRN3,0.0039268173,0.004881786,1010749
20100317,12:30:00.000,BBG000C2V3D6,-0.008187762,0.0035906995,1003246
20100317,12:30:00.000,BBG000BGVW60,0.008677654,0.007768687,2193972
20100317,12:30:00.000,BBG000BTVJ25,0.007572898,0.0146675045,1885573
20100317,12:30:00.000,GEN_EQ0010020500001000,0.0024045098,0.0126070855,1714163
20100317,12:30:00.000,BBG000BHQ1H0,0.0077633136,0.005481446,314732
20100317,12:30:00.000,BBG000BNC3Y9,0.03922057,0.060973417,4756600
20100317,12:30:00.000,BBG000BVVQQ8,-0.0043833023,0.009679455,1263885
20100317,12:30:00.000,GEN_EQ0010281900001000,-0.0006034367,-0.00091794453,560562
20100317,12:30:00.000,BBG000C1FB75,-0.0063489047,0.007545515,222051
20100317,12:30:00.000,BBG000BFTJ91,0.008822289,0.009589988,2929567
20100317,12:30:00.000,BBG000C1FQS9,-0.0066043492,-0.0033004289,475910
20100317,12:30:00.000,BBG000BSBZH7,-0.00244457,-0.005165252,914844
20100317,12:30:00.000,BBG000F15NW9,-0.014944401,-0.014734834,2415724
20100317,12:30:00.000,BBG000BPT0C6,0.02012786,0.02620722,1013527
20100317,12:30:00.000,GEN_EQ0010145600001000,0.0024959547,-0.0011920993,628890
20100317,12:30:00.000,BBG000H89QJ6,0.0036175316,0.003502757,526072
20100317,12:30:00.000,BBG000BR14K5,0.0026543594,0.012788937,948556
20100317,12:30:00.000,BBG000BP6L99,0.003387213,0.0071877153,14104227
20100317,12:30:00.000,BBG000BQWPC5,0.0035744081,0.0024282807,512643
20100317,12:30:00.000,BBG000BNNYW1,0.0007617966,0.0025940784,704757
20100317,12:30:00.000,BBG000BJ3PD2,0.0037460015,0.009519865,481155
20100317,12:30:00.000,BBG000PVRDL2,0.014606785,0.025859155,3765922
20100317,12:30:00.000,BBG000C2ZCH8,-0.0024760528,-0.003776269,491456
20100317,12:30:00.000,BBG000TK7PB8,0.022462346,0.037903216,4040123
20100317,12:30:00.000,BBG000BB6M98,-0.002654729,0.0007457505,829310
20100317,12:30:00.000,BBG000HW5GX3,0.004286907,0.010289035,766871
20100317,12:30:00.000,BBG000BLKK03,0.0071855052,0.008495528,826038
20100317,12:30:00.000,BBG000BCZYD3,0.0029591536,0.0030387505,314457
20100317,12:30:00.000,BBG000CSY9H9,-0.011276875,-0.0053297277,651195
20100317,12:30:00.000,BBG000BB9KF2,-0.0028685061,-0.0010063845,631183
20100317,12:30:00.000,BBG000BMQPL1,0.009846965,0.024691442,8538923
20100317,12:30:00.000,BBG000BMTFR4,-0.006896932,0.006030217,1671825
20100317,12:30:00.000,BBG000H9G7X2,0.008275508,0.009674132,828644
20100317,12:30:00.000,BBG000BCNYT9,0.0036800522,0.006156417,1041509
20100317,12:30:00.000,BBG000C0MF34,-0.008097986,-0.0034129466,456386
20100317,12:30:00.000,BBG000BN2DC2,-0.004317799,0.004432146,528979
20100317,12:30:00.000,BBG000BN9WT5,0.0016805072,0.016327491,3538729
20100317,12:30:00.000,BBG000BQ5DS5,0.0024925184,0.0026292629,695346
20100317,12:30:00.000,BBG000BCGY17,-0.003452901,-0.0014286685,688594
20100317,12:30:00.000,BBG000BB6G37,-0.0030334522,0.011327363,1723325
20100317,12:30:00.000,BBG000CHPY97,-0.026106048,-0.02113825,3271626
20100317,12:30:00.000,BBG000TWC2V5,-0.0012446973,-0.0035247463,962073
20100317,12:30:00.000,GEN_EQ0117562400001000,-0.0033047532,-0.0037137459,7132664
20100317,12:30:00.000,BBG000BP0KQ8,0.0062337043,0.015078679,2721745
20100317,12:30:00.000,BBG000BB5373,0.016732669,0.02779028,4591510
20100317,12:30:00.000,BBG000BM6788,-0.011428233,-0.00531778,1526109
20100317,12:30:00.000,BBG000BH3JF8,-0.0072744945,-0.0046152505,962488
20100317,12:30:00.000,GEN_EQ0085215200001000,0.0006260783,0.008393654,3324164
20100317,12:30:00.000,BBG000BQ2C28,0.00015581174,0.0038673992,530888
20100317,12:30:00.000,BBG000BX5ZF5,-0.020239478,-0.009905705,8930816
20100317,12:30:00.000,BBG000BMDV41,0.010069748,0.013570868,1075751
20100317,12:30:00.000,GEN_EQ0010319800003000,-0.012147115,-0.019391853,2455344
20100317,12:30:00.000,BBG000BG14P4,-0.00015257754,0.007755502,644843
20100317,12:30:00.000,BBG000GC80B4,,,1602723
20100317,12:30:00.000,BBG000BB2DM7,-0.0045830947,0.007156541,4434716
20100317,12:30:00.000,BBG000BWJFZ4,-0.002461562,-0.0030341055,960745
20100317,12:30:00.000,BBG000BHGDH5,-9.559828e-06,-1.8232003e-08,2923195
20100317,12:30:00.000,BBG000BZ2GG4,-0.0013812347,0.007838406,1697576
20100317,12:30:00.000,BBG000D898T9,0.0024573605,0.0036834874,1063206
20100317,12:30:00.000,BBG000BMF5J0,-0.005838741,-0.00081339094,1191383
20100317,12:30:00.000,BBG000BKLH74,-0.0057774913,-0.00773031,3235049
20100317,12:30:00.000,BBG000BGPTV6,-0.007974122,0.0009888058,1474673
20100317,12:30:00.000,BBG000BH3GZ2,0.00997651,0.01859964,2290500
20100317,12:30:00.000,BBG000BVWLJ6,-0.00643938,0.0026842088,1187210
20100317,12:30:00.000,BBG000C496P7,-0.02263626,-0.015577819,4138423
20100317,12:30:00.000,BBG000JG0547,0.004073673,0.009154787,1172530
20100317,12:30:00.000,BBG000DYGNW7,0.0037745528,0.004974227,511933
20100317,12:30:00.000,BBG000BNJHS8,-0.0061668158,-0.011385267,3842630
20100317,12:30:00.000,BBG000BPQD31,0.00094384584,-6.300472e-08,1272716
20100317,12:30:00.000,BBG000BT9DW0,0.0008535449,0.0006024182,1214886
20100317,12:30:00.000,BBG000BB2KW0,-0.009939099,-0.009430936,607378
20100317,12:30:00.000,BBG000BK67C7,0.008283415,0.008001982,746895
20100317,12:30:00.000,BBG000DHSPT0,-0.0024963983,0.0004787871,831116
20100317,12:30:00.000,BBG000BFMBQ6,-0.0012356003,-0.0027168181,955480
20100317,12:30:00.000,BBG000B9WJ73,0.0073320605,0.022680134,4614107
20100317,12:30:00.000,BBG000FVXD63,-0.011379941,-0.003853802,1539281
20100317,12:30:00.000,BBG000B9XYV2,-0.007100103,-0.0055322866,1622958
20100317,12:30:00.000,BBG000BMBL90,0.00752668,0.012000912,1979019
20100317,12:30:00.000,BBG000BB1TH9,-0.004671664,0.008611168,596282
20100317,12:30:00.000,BBG000BVMGF2,-0.0042902967,0.010317527,2646203
20100317,12:30:00.000,BBG000BSD7C2,-0.0018523214,-0.0012323585,600277
20100317,12:30:00.000,BBG000J5Q6L2,-0.025054017,-0.0048289536,4308239
20100317,12:30:00.000,BBG000BC4JJ4,-0.009130464,-0.006680104,682414
20100317,12:30:00.000,BBG000BM5SR2,0.022210874,0.049300414,7225778
20100317,12:30:00.000,BBG000BJPDZ1,0.0037870097,0.0035707827,194259
20100317,12:30:00.000,BBG000BZTW70,-0.012758097,-0.010208715,2753567
20100317,12:30:00.000,BBG000C5HS04,0.00017238533,0.0012783493,810127
20100317,12:30:00.000,BBG000M65M61,-0.032870356,-0.034679342,6639393
20100317,12:30:00.000,BBG000BY29C7,0.003447146,0.007666946,864574
20100317,12:30:00.000,BBG000BB6WG8,0.0033171517,0.008395372,2060931
20100317,12:30:00.000,GEN_EQ0010172300001000,-0.006643515,-0.0075023333,611817
20100317,12:30:00.000,BBG000C2BXK4,-0.0050600544,0.0056977654,20065412
20100317,12:30:00.000,BBG000BBBNC6,-0.0030670709,0.020848462,1072119
20100317,12:30:00.000,BBG000PM7GJ0,0.029842608,0.04367222,2151196
20100317,12:30:00.000,BBG000Q3JN03,0.0052527743,0.022651592,13420869
20100317,12:30:00.000,BBG000C0LW92,-0.020255568,-0.014114473,29475452
20100317,12:30:00.000,BBG000BF1R66,0.009847841,0.018875958,1031866
20100317,12:30:00.000,BBG000NSQ9M0,-0.009966,0.0019594196,5105466
20100317,12:30:00.000,BBG000FQ6PY6,-0.03687509,-0.033408377,10051165
20100317,12:30:00.000,BBG000BWVCP8,-0.01734006,-0.0051905713,2796157
20100317,12:30:00.000,BBG000BJSBJ0,-0.0019497568,0.00041756575,535247
20100317,12:30:00.000,BBG000BLM0V1,,,873456
20100317,12:30:00.000,BBG000BMY992,0.0017504871,0.0076251007,3168971
20100317,12:30:00.000,BBG000BVDLH9,0.007550577,0.009089097,1226337
20100317,12:30:00.000,BBG000C0F570,0.0035235058,0.01670675,2678311
20100317,12:30:00.000,BBG000BBQCY0,0.010538014,0.022375513,11844271
20100317,12:30:00.000,GEN_EQ0000000001064567,0.0040342077,0.01532032,877152
20100317,12:30:00.000,BBG000BKCFC2,-0.0037330526,-0.0040937546,596564
20100317,12:30:00.000,BBG000CGQ6M4,0.008085215,0.007944168,643927
20100317,12:30:00.000,BBG000C17X76,-0.0045263944,-0.005272803,685325
20100317,12:30:00.000,BBG000DTMH63,,,1944558
20100317,12:30:00.000,BBG000R7Z112,0.0013077002,-3.115757e-07,4090666
20100317,12:30:00.000,BBG000BBMSJ6,-0.0054048584,0.007869914,3474064
20100317,12:30:00.000,BBG000BY33P5,0.00062342,0.006583898,1719510
20100317,12:30:00.000,BBG000BV8DN6,0.0019414879,-0.00011569893,1034475
20100317,12:30:00.000,GEN_EQ0010135600001000,0.004830766,0.015327487,2795367
20100317,12:30:00.000,BBG000JN8R00,0.003947978,0.016691614,898532
20100317,12:30:00.000,BBG000K14Q84,-0.015426362,-0.0028541668,1225255
20100317,12:30:00.000,BBG000BBDV81,-0.00039079293,0.011123264,847889
20100317,12:30:00.000,BBG000BMW2Z0,0.0035341703,0.0028098044,1206935
20100317,12:30:00.000,BBG000DLVDK3,-0.00028623093,0.010199735,1323032
20100317,12:30:00.000,BBG000CKVSG8,0.0018186239,0.013442585,2246115
20100317,12:30:00.000,BBG000G0Z878,0.031906538,0.05211942,11007333
20100317,12:30:00.000,BBG000BGJRC8,0.00062135945,0.00058208796,793616
20100317,12:30:00.000,BBG000BL8GJ6,-0.011303976,-0.0019216166,4245842
20100317,12:30:00.000,BBG000HCJMF9,-0.0045261574,0.014196611,1354957
20100317,12:30:00.000,BBG000BB6KF5,0.0025661753,0.018977331,2612063
20100317,12:30:00.000,BBG000BYYLS8,-0.004699647,0.0047492986,2423688
20100317,12:30:00.000,BBG000FJLFX8,-0.0022730788,-0.0018764037,1675821
20100317,12:30:00.000,BBG000D9D830,0.011491615,0.02071173,1998456
20100317,12:30:00.000,BBG000BHX7N2,-0.0021037557,0.004722452,949865
20100317,12:30:00.000,BBG000CTQBF3,-0.00979367,0.001978205,3382344
20100317,12:30:00.000,BBG000BBD070,0.0063392404,0.019375775,1281400
20100317,12:30:00.000,BBG000BH2JM1,-0.016458016,-0.010998796,6620968
20100317,12:30:00.000,BBG000CS7CT9,0.0019350974,0.0036355266,1385651
20100317,12:30:00.000,BBG000BFL116,-0.012467849,-0.0034254887,415163
20100317,12:30:00.000,BBG000BFC8J2,0.013658401,0.012893312,1447501
20100317,12:30:00.000,BBG000C15T95,-0.0036927713,-0.006673204,618799
20100317,12:30:00.000,BBG000FP1N32,-0.006137577,0.003768605,1993406
20100317,12:30:00.000,BBG000JWD753,-0.01231662,-0.0029918202,23113060
20100317,12:30:00.000,BBG000BWNFZ9,0.009762509,0.02021468,3890003
20100317,12:30:00.000,BBG000BSLZY7,-0.014195947,-0.0032493733,5411273
20100317,12:30:00.000,BBG000BCBCM7,-0.0016289012,-0.0016915918,2962846
20100317,12:30:00.000,BBG000BBGGQ1,-0.004920454,0.004862763,5435650
20100317,12:30:00.000,BBG000BCWCG1,-0.0003156013,0.0068259947,2150924
20100317,12:30:00.000,BBG000BLBVN4,0.0013204389,0.00899825,510334
20100317,12:30:00.000,BBG000C46HM9,-0.012710271,-0.011077881,3424257
20100317,12:30:00.000,BBG000BTKGG8,0.011623747,0.027051704,3297388
20100317,12:30:00.000,GEN_EQ0010059600001000,0.050056595,0.06487623,6430624
20100317,12:30:00.000,BBG000C8H633,0.0031659051,0.014206838,2764574
20100317,12:30:00.000,BBG000BTR593,-0.0012410939,0.0042267395,2345386
20100317,12:30:00.000,GEN_EQ0000000000158587,0.0037291003,0.005229604,945648
20100317,12:30:00.000,BBG000F6H8W8,-0.001274941,0.005336563,1294053
20100317,12:30:00.000,BBG000BFQYY3,-0.003038755,-0.0039013291,1266580
20100317,12:30:00.000,BBG000BNBDC2,0.0017535359,-0.0016575184,2577607
20100317,12:30:00.000,BBG000BSJTT0,0.0041498104,0.016868392,2132406
20100317,12:30:00.000,BBG000BJL3N0,-0.0016009838,0.010428546,6141743
20100317,12:30:00.000,BBG000BYWTX7,-0.011605397,0.0009792655,8154672
20100317,12:30:00.000,BBG000BD8PN9,0.0013108507,0.010583385,2418040
20100317,12:30:00.000,BBG000BHLYP4,-0.0037070524,0.006553828,119223
20100317,12:30:00.000,BBG000C1BW00,0.000819846,0.0016549218,935878
20100317,12:30:00.000,BBG000J6XT05,-0.0055648964,-0.0008814577,1454132
20100317,12:30:00.000,BBG000BJX8C8,0.0017445164,0.015417639,1798730
20100317,12:30:00.000,BBG000BCVJ77,0.006509763,0.005079836,1137891
20100317,12:30:00.000,BBG000BZ9223,-0.008454382,-0.0049210875,1231402
20100317,12:30:00.000,BBG000H556T9,-0.007674263,-0.003023829,2008861
20100317,12:30:00.000,BBG000BJF1Z8,0.007525261,0.012748158,1841457
20100317,12:30:00.000,BBG000BB5006,0.011431427,0.01685017,4723195
20100317,12:30:00.000,BBG000F0KF42,,,6759682
20100317,12:30:00.000,BBG000BKFBD7,0.0029882344,0.018637773,2067918
20100317,12:30:00.000,BBG000BFDXW1,-0.006006852,0.005522541,1698963
20100317,12:30:00.000,BBG000BW3299,0.00019154687,-0.0016346044,1879891
20100317,12:30:00.000,BBG000F0PF65,0.001042503,0.0064395247,2103340
20100317,12:30:00.000,BBG000BNWG87,-0.005886851,-0.00576416,2453766
20100317,12:30:00.000,BBG000BH13K9,0.004429104,0.007515778,2309805
20100317,12:30:00.000,BBG000BH1NH9,0.004488338,0.011789385,1514141
20100317,12:30:00.000,BBG000DY8ZS4,-0.010561077,0.0017185218,7109577
20100317,12:30:00.000,BBG000BP8Z50,-0.025453793,-0.016271548,10847573
20100317,12:30:00.000,BBG000BJ81C1,0.002031898,0.00926886,1665271
20100317,12:30:00.000,BBG000BBVJZ8,-0.0102032665,-0.0064207045,3890084
20100317,12:30:00.000,BBG000BQ8KV2,-0.0221842,-0.016381012,3541789
20100317,12:30:00.000,BBG000BGKTF9,-0.014391457,0.0022292158,2481201
20100317,12:30:00.000,BBG000BFRF55,-0.0027433634,0.0071702325,2710994
20100317,12:30:00.000,BBG000BRK7L6,0.011059667,0.022003084,6538795
20100317,12:30:00.000,BBG000BWLMJ4,-0.005154478,0.0026077214,2272564
20100317,12:30:00.000,BBG000BD4VG8,0.0029500357,0.014502643,1887943
20100317,12:30:00.000,BBG000FW00S1,0.009653779,0.023562986,3961085
20100317,12:30:00.000,BBG000BBJQV0,0.0039734365,0.018585829,7583529
20100317,12:30:00.000,BBG000C5Z1S3,0.0026784593,0.02055778,12311742
20100317,12:30:00.000,BBG000BC40Y8,0.012818997,0.019554693,2340339
20100317,12:30:00.000,BBG000DWYF03,-0.0025164015,0.000712674,6555090
20100317,12:30:00.000,BBG000BRD0D8,0.007874839,0.020144975,2683576
20100317,12:30:00.000,BBG000H8TVT2,-0.005015256,-0.005613743,1199107
20100317,12:30:00.000,BBG000BP6LJ8,-0.0023059752,-0.0029494788,4435878
20100317,12:30:00.000,BBG000BKFZM4,0.023044039,0.029753897,11244679
20100317,12:30:00.000,BBG000BHBK84,-0.008847727,-0.003939957,3787822
20100317,12:30:00.000,BBG000FG3C43,-0.017958429,-0.0063498043,3318819
20100317,12:30:00.000,BBG000BH23R1,0.017667823,0.026545878,16464419
20100317,12:30:00.000,BBG000F1ZSQ2,-0.019967593,-0.009738856,488449
20100317,12:30:00.000,BBG000GFFQN9,-0.0011093501,0.0109987585,6189951
20100317,12:30:00.000,BBG000BNDN65,0.0009701104,0.0059913727,5484291
20100317,12:30:00.000,BBG000C43RR5,0.0036120971,0.014181729,6594173
20100317,12:30:00.000,BBG000BP52R2,-0.00471074,0.001285814,1767720
20100317,12:30:00.000,BBG000BBPFB9,0.0019475478,0.012846203,16425476
20100317,12:30:00.000,BBG000BC2C10,0.008833676,0.013575978,1047692
20100317,12:30:00.000,BBG000BFT2L4,0.007323202,0.0074265217,5533893
20100317,12:30:00.000,BBG000L9CV04,0.005174929,0.008647891,2164508
20100317,12:30:00.000,BBG000FL1TC8,-0.005995491,-0.0076393783,2941281
20100317,12:30:00.000,BBG000FFDM15,-0.014751631,-0.0034477464,4603916
20100317,12:30:00.000,BBG000BH4R78,-0.0015839331,-0.0017789368,3004372
20100317,12:30:00.000,BBG000B9ZXB4,0.0017242656,-0.0040218527,3079164
20100317,12:30:00.000,BBG000BGRY34,0.004537892,0.008871202,2983970
20100317,12:30:00.000,BBG000G2R6M0,-0.0045287083,0.00599299,3903091
20100317,12:30:00.000,BBG000BCSST7,0.0047617275,0.0029092648,2808585
20100317,12:30:00.000,BBG000BVV7G1,-0.0037732993,0.00932531,5926793
20100317,12:30:00.000,BBG000BW8S60,-0.0037449044,-0.0035211318,1745427
20100317,12:30:00.000,BBG000BL4504,-0.0138400765,-0.0059025977,7123544
20100317,12:30:00.000,BBG000DQLV23,-0.0015179068,-0.0073091653,5857232
20100317,12:30:00.000,BBG000BBS2Y0,-0.002413698,-0.006354993,1980288
20100317,12:30:00.000,BBG000BHVJJ3,-0.010915098,-0.0037280193,10319835
20100317,12:30:00.000,BBG000J2XL74,0.0073956097,0.009952182,2200239
20100317,12:30:00.000,BBG000CH5208,-0.0077492353,-0.0078635225,5924837
20100317,12:30:00.000,BBG000BCQZS4,-0.0010129958,0.0073341457,3360695
20100317,12:30:00.000,BBG000BFWKC0,0.010545663,0.0077024824,3771606
20100317,12:30:00.000,BBG000BCG930,0.0031807506,0.00016156373,3518995
20100317,12:30:00.000,BBG000PSKYX7,-0.0034026615,0.0039858464,1499440
20100317,12:30:00.000,BBG000BPWXK1,-0.003676682,0.0069167954,2942801
20100317,12:30:00.000,BBG000BWXBC2,-0.0065163043,-0.0037493303,5721321
20100317,12:30:00.000,BBG000BQQ2S6,0.0069654826,0.011596299,2010761
20100317,12:30:00.000,BBG000BH5LT6,-0.0021783742,-0.0034726944,2769417
20100317,12:30:00.000,BBG000DWG505,0.0002892471,0.00012105028,1687076
20100317,12:30:00.000,BBG000BF0K17,-0.0015825226,0.005718376,2629266
20100317,12:30:00.000,BBG000BKTFN2,0.017323667,0.02617043,7296376
20100317,12:30:00.000,BBG000BB07P9,0.0037014736,0.012979316,4270771
20100317,12:30:00.000,BBG000BNSZP1,-0.0049893684,1.8337064e-07,1997035
20100317,12:30:00.000,BBG000BKZB36,-0.005356674,-0.0018444028,5365521
20100317,12:30:00.000,BBG000CKGBP2,-0.0058732615,-0.00989982,3346466
20100317,12:30:00.000,BBG000DH7JK6,0.002716083,0.0034808856,2514245
20100317,12:30:00.000,BBG000D4LWF6,-0.00073734677,-0.0020204815,4976993
20100317,12:30:00.000,BBG000BQQH30,0.008723424,0.013605421,5343137
20100317,12:30:00.000,BBG000B9WH86,0.03492476,0.045667525,39129792
20100317,12:30:00.000,BBG000BQLTW7,0.0073742983,0.009121967,14810466
20100317,12:30:00.000,BBG000HS77T5,0.0057763546,0.00567919,7334583
20100317,12:30:00.000,GEN_EQ0011904200001000,0.010058207,0.013278413,9212721
20100317,12:30:00.000,BBG000BLZRJ2,-0.0065101185,0.0042908266,5830691
20100317,12:30:00.000,BBG000BMX289,0.0018244751,0.0024210042,4123507
20100317,12:30:00.000,BBG000BPD168,-0.0018671101,-0.008435491,4439161
20100317,12:30:00.000,BBG000BT41Q8,0.0074433074,0.015791371,6153915
20100317,12:30:00.000,BBG000BMHYD1,0.006618342,0.0018607961,3637902
20100317,12:30:00.000,BBG000BR2TH3,0.005592442,0.003934738,3655081
20100317,12:30:00.000,BBG000KHWT55,-0.00044357165,0.005920833,6317062
20100317,12:30:00.000,BBG000BTZQC4,-0.011919059,-0.012380354,2998606
20100317,12:30:00.000,BBG000BSJK37,0.002508106,0.001547661,8532534
20100317,12:30:00.000,BBG000BLNNH6,-0.006809397,-0.002021212,2342939
20100317,12:30:00.000,BBG000K4ND22,0.0034419799,0.009392951,5050703
20100317,12:30:00.000,BBG000BX3TD3,-0.013813094,-0.005516815,6826422
20100317,12:30:00.000,BBG000CR90K4,-0.0016589356,-0.0014646434,3986837
20100317,12:30:00.000,BBG000BVPV84,0.0012718525,0.005615757,1891683
20100317,12:30:00.000,BBG000CGC1X8,-0.0075425683,-0.0043605547,10620872
20100317,12:30:00.000,BBG000BR2B91,-0.0007830121,-0.0046336115,25323948
20100317,12:30:00.000,BBG000BQPC32,0.015185149,0.014089538,39822856
20100317,12:30:00.000,BBG000BK6MB5,-0.0006357096,0.008852133,87551528
20100317,12:30:00.000,BBG000C3J3C9,0.00675575,0.00802889,15369234
20100317,12:30:00.000,BBG000C0G1D1,0.00037151063,0.00999694,41028816
20100317,12:30:00.000,BBG000BWQFY7,-0.0042417194,0.0046230378,12887571
20100317,12:30:00.000,BBG000BJDB15,-0.0087228315,0.0020692335,5230510
20100317,12:30:00.000,BBG000BPH459,0.0068154163,0.010552366,24128682
20100317,12:30:00.000,BBG000C6CFJ5,0.0018067192,0.007835632,3580904
20100317,12:30:00.000,BBG000DMBXR2,0.008903268,0.017586315,16213055
20100317,12:30:00.000,BBG000BHSKN9,0.00095851533,0.009482844,1199124
20100317,12:30:00.000,BBG000GZQ728,0.0036351955,0.012758527,15999807
20100317,12:30:00.000,BBG000BCTLF6,-0.0023358748,0.009974295,58761044
20100317,12:30:00.000,BBG000B9XRY4,0.00080926047,0.006190524,6063970
20100317,12:45:00.000,GEN_EQ0021071400001000,-0.020413825,-0.012134574,1201171
20100317,12:45:00.000,GEN_EQ0096849600001000,-0.007693964,0.009544091,475899
20100317,12:45:00.000,BBG000BJ49H3,-0.0031041699,0.0010748126,469563
20100317,12:45:00.000,BBG000BMFD58,-0.006144839,0.003192136,4911603
20100317,12:45:00.000,BBG000BFVXX0,-0.009679914,-0.006982027,909605
20100317,12:45:00.000,BBG000CHWP52,-0.0016112028,0.0037004743,476973
20100317,12:45:00.000,BBG000BT9T73,0.0668396,0.084264755,26175328
20100317,12:45:00.000,BBG000BCQ4P6,0.0055082403,0.012626348,610158
20100317,12:45:00.000,BBG000BMLWX8,0.012219448,0.007401299,1408807
20100317,12:45:00.000,BBG000BP7JB0,-0.0079632085,0.00263711,1757867
20100317,12:45:00.000,BBG000BNW1S8,-0.01205319,0.002335489,686971
20100317,12:45:00.000,BBG000MQ1SN9,0.0034290953,0.0032715676,510883
20100317,12:45:00.000,BBG000BVB8Q0,-0.012597291,-0.006552336,1046801
20100317,12:45:00.000,BBG000BSC0K9,-0.0059674964,-0.003700663,337212
20100317,12:45:00.000,BBG000C7LMS8,0.007475867,0.012527635,250535
20100317,12:45:00.000,BBG000BB5792,0.008435915,0.016565366,924233
20100317,12:45:00.000,BBG000BFDLV8,0.014461236,0.020447643,281088
20100317,12:45:00.000,BBG000BTLMX5,0.0021204173,0.009115378,499070
20100317,12:45:00.000,BBG000CQB185,0.019868558,0.029857306,861321
20100317,12:45:00.000,BBG000BKVJK4,0.007107778,0.0075321523,504982
20100317,12:45:00.000,BBG000BQC9V2,0.0144182,0.019994173,3128798
20100317,12:45:00.000,BBG000CC53X1,0.0138263125,0.022830136,655510
20100317,12:45:00.000,BBG000C45984,-0.0036273832,0.0038563577,645785
20100317,12:45:00.000,BBG000BJNGN9,0.0034013845,0.015823757,1506078
20100317,12:45:00.000,BBG000FQRVM3,0.00387988,0.005376861,367571
20100317,12:45:00.000,BBG000D2M0Z7,-0.00807904,-0.001100551,325615
20100317,12:45:00.000,BBG000K82ZT8,-0.006152127,-0.0015925664,541107
20100317,12:45:00.000,BBG000BF5RY1,0.0041656783,0.0051236954,3887782
20100317,12:45:00.000,BBG000BNMHS4,-0.003507766,0.00619442,471991
20100317,12:45:00.000,BBG000CPHYL4,-0.0049624555,-0.0034939176,5074424
20100317,12:45:00.000,GEN_EQ0000000000852052,0.00398579,0.018564453,684141
20100317,12:45:00.000,BBG000BCHG15,0.020200718,0.027472138,349701
20100317,12:45:00.000,BBG000BNNKG9,0.008978688,0.016976904,1431287
20100317,12:45:00.000,BBG000DR22B6,-0.0075693512,0.0036853875,1274252
20100317,12:45:00.000,BBG000BHK836,-0.008191962,0.0037333698,781789
20100317,12:45:00.000,BBG000BV4DR6,0.0025414198,0.019764526,2136796
20100317,12:45:00.000,BBG000BC9938,-0.016200589,-0.0074948375,500651
20100317,12:45:00.000,BBG000DSMS70,-0.008482472,-0.0072274166,312918
20100317,12:45:00.000,BBG000BWCKB6,0.0023944245,0.0055098445,304656
20100317,12:45:00.000,BBG000BP5YT0,-0.009066497,0.009132426,3138587
20100317,12:45:00.000,BBG000BGYWY6,0.0018051445,0.009610821,716555
20100317,12:45:00.000,GEN_EQ0010580600001000,0.0076488876,0.01735275,879836
20100317,12:45:00.000,BBG000BFJ645,0.015596885,0.014472921,1762737
20100317,12:45:00.000,BBG000PV2L86,0.0038902164,0.0054025897,1159696
20100317,12:45:00.000,BBG000BXBHJ4,-0.014008875,-0.005340718,489818
20100317,12:45:00.000,BBG000BB29X4,9.964187e-05,0.0023012697,601553
20100317,12:45:00.000,BBG000BBBP59,0.0004171793,0.007268808,282222
20100317,12:45:00.000,BBG000BVHBM1,0.002091756,-0.0029343734,1313896
20100317,12:45:00.000,BBG000BWGYF8,0.0298382,0.06299747,2058387
20100317,12:45:00.000,BBG000BBL8V7,0.010003089,0.023117803,1514606
20100317,12:45:00.000,BBG000BPNP00,-0.004155831,0.011822222,692754
20100317,12:45:00.000,BBG000RGM5P1,,,633329
20100317,12:45:00.000,BBG000FKYVH4,0.0051655965,0.014043323,405102
20100317,12:45:00.000,BBG000BGXZB5,0.0081893625,0.0057911305,2244696
20100317,12:45:00.000,BBG000BTQ9G8,-0.0019973393,0.0023073084,1174688
20100317,12:45:00.000,BBG000BCTQ65,0.006044109,0.0061045955,728795
20100317,12:45:00.000,BBG000BK2F42,0.00864244,0.01786112,1002376
20100317,12:45:00.000,BBG000F7RCJ1,-0.008045021,0.0009451028,392497
20100317,12:45:00.000,BBG000C2YHG9,-0.002619066,-0.0018570761,799346
20100317,12:45:00.000,BBG000BRJL00,-0.0012853948,0.0044966843,868894
20100317,12:45:00.000,BBG000BQT4L6,-0.0029225491,0.0057860585,1452086
20100317,12:45:00.000,BBG000FDBX90,-0.00060871086,0.0006917553,961367
20100317,12:45:00.000,BBG000BKR1D6,-0.004766044,0.0049640886,257316
20100317,12:45:00.000,GEN_EQ0010003600001000,-0.0012570453,0.00424272,604584
20100317,12:45:00.000,BBG000BPXVJ6,-0.0016127805,-0.00069243135,1236139
20100317,12:45:00.000,BBG000BN84F3,0.007486291,0.008600548,502655
20100317,12:45:00.000,BBG000DSZTN6,0.01238839,0.024047451,995760
20100317,12:45:00.000,BBG000BBCDZ2,-0.0039222473,0.0037941455,360170
20100317,12:45:00.000,BBG000PQ6YJ3,-0.015460875,-0.005609565,171536
20100317,12:45:00.000,BBG000HQ7GC7,-0.0084814485,0.0022698762,965839
20100317,12:45:00.000,BBG000BC15S7,-0.0048204944,0.0035823148,468874
20100317,12:45:00.000,BBG000PX3XC0,-0.0029670573,0.0076426347,352626
20100317,12:45:00.000,BBG000BSXQV7,0.0037840137,0.009838546,316503
20100317,12:45:00.000,BBG000BP1Q11,0.0020797763,0.004950099,358094
20100317,12:45:00.000,GEN_EQ0010206100001000,-0.018391948,-0.020537436,4114175
20100317,12:45:00.000,BBG000C3GN47,0.0035895933,0.010569904,562063
20100317,12:45:00.000,BBG000BN7277,-0.0031872408,0.0066287215,1354799
20100317,12:45:00.000,BBG000C3NTN5,0.0013099081,0.0010432402,1250281
20100317,12:45:00.000,BBG000DWB323,-0.00031689345,0.0133369975,1859058
20100317,12:45:00.000,BBG000BR1W32,-0.0044579282,0.00917241,788673
20100317,12:45:00.000,BBG000BF2KK4,-0.0037236204,0.004118283,935868
20100317,12:45:00.000,BBG000BNBPQ0,0.011278475,0.029342277,929643
20100317,12:45:00.000,BBG000BWXL85,0.00031844265,0.0050667967,791315
20100317,12:45:00.000,GEN_EQ0010624300001000,0.00067211787,-0.00032970068,947220
20100317,12:45:00.000,BBG000JBN3X6,-0.002052241,-0.011605771,2971944
20100317,12:45:00.000,BBG000BFNR17,-0.00095529156,0.010570655,889337
20100317,12:45:00.000,BBG000CXYSZ6,0.026715098,0.029343061,550414
20100317,12:45:00.000,BBG000FV1Z23,-0.01601401,-0.014316589,1184053
20100317,12:45:00.000,GEN_EQ0010548100001000,0.03016705,0.047589142,4594025
20100317,12:45:00.000,GEN_EQ0010141600001000,0.0033398904,0.014375298,1138472
20100317,12:45:00.000,BBG000BW2QX0,0.00354988,0.01901168,2204529
20100317,12:45:00.000,BBG000C1S2X2,-0.008304141,-0.012124426,517573
20100317,12:45:00.000,BBG000BVXPZ8,0.009033761,0.016631851,1834378
20100317,12:45:00.000,BBG000B9ZV28,0.0074761882,0.012822923,224594
20100317,12:45:00.000,BBG000CPQZ77,-0.006420029,0.0032638842,785773
20100317,12:45:00.000,BBG000BGD7W6,-0.004859604,-0.00208486,1363667
20100317,12:45:00.000,GEN_EQ0010168800001000,-0.011777273,-0.007797116,16820212
20100317,12:45:00.000,BBG000D9KWL9,-0.0020188594,0.00951824,210877
20100317,12:45:00.000,BBG000BR37X2,0.017431239,0.029363152,3909152
20100317,12:45:00.000,BBG000BR54L0,-0.0005834898,0.0017547723,2418212
20100317,12:45:00.000,BBG000BLHRS2,-0.01012688,-0.007701199,689932
20100317,12:45:00.000,BBG000BX3BL3,-0.012698196,0.0072763674,542621
20100317,12:45:00.000,BBG000BL5W86,-0.0005855578,0.019146916,5563994
20100317,12:45:00.000,BBG000BJKPG0,0.0032085418,0.012836916,578759
20100317,12:45:00.000,BBG000BCYP43,0.008271299,0.009974001,408437
20100317,12:45:00.000,BBG000MBDGM6,0.0073102447,0.02120272,270421
20100317,12:45:00.000,BBG000CGT2S4,-0.010397933,-0.0026900969,503366
20100317,12:45:00.000,BBG000BMFFQ0,0.0026570372,0.019893039,847136
20100317,12:45:00.000,BBG000BWVSR1,0.0020320672,0.0042772572,611239
20100317,12:45:00.000,BBG000FL0BC8,-0.021299468,-0.015285525,2028871
20100317,12:45:00.000,BBG000F86GP6,-0.010365824,-0.00034858836,366473
20100317,12:45:00.000,BBG000BHB3M6,0.0044941204,0.012506257,341797
20100317,12:45:00.000,BBG000BDWKC5,0.00212489,0.0096866945,1414383
20100317,12:45:00.000,BBG000BJDPC2,0.019735025,0.02061259,1475661
20100317,12:45:00.000,BBG000BP4MH0,-0.0032216436,0.004082776,1988480
20100317,12:45:00.000,BBG000C9W1Y1,,,1841523
20100317,12:45:00.000,BBG000BKSL41,0.0022647388,0.011599051,1813152
20100317,12:45:00.000,BBG000CVWGS6,0.0069902474,0.011172995,6966155
20100317,12:45:00.000,BBG000F80SZ5,0.0125133945,0.02270235,4214033
20100317,12:45:00.000,BBG000DKCC19,0.00040748343,0.0016981235,1457839
20100317,12:45:00.000,GEN_EQ0010091900001000,0.018757222,0.019567583,307690
20100317,12:45:00.000,BBG000BG7986,0.009273779,0.0056206062,999238
20100317,12:45:00.000,BBG000D7RKJ5,0.0025330402,0.006689344,731294
20100317,12:45:00.000,BBG000KLB4Q1,0.010394406,0.024880957,2204787
20100317,12:45:00.000,BBG000DQTXY6,-0.010563162,-0.01303227,1628312
20100317,12:45:00.000,BBG000BFS7D3,0.007827169,0.007972626,1247495
20100317,12:45:00.000,BBG000BV75B7,-0.010341134,-0.014799628,1162685
20100317,12:45:00.000,BBG000C2PW58,0.042860307,0.055579606,510066
20100317,12:45:00.000,BBG000BKZTP3,-0.023948718,-0.010944702,2192862
20100317,12:45:00.000,BBG000CFJL87,0.0025822567,-0.0017819419,957786
20100317,12:45:00.000,BBG000QY3XZ2,0.00047434622,0.0136173535,1991980
20100317,12:45:00.000,BBG000BJ5GK2,-0.004441469,0.0022664147,489613
20100317,12:45:00.000,BBG000Q0BPZ4,0.028685745,0.041615613,3494412
20100317,12:45:00.000,BBG000NSCNT7,0.008200829,0.033911094,2405706
20100317,12:45:00.000,GEN_EQ0010104800001000,0.00522393,0.016943742,3570046
20100317,12:45:00.000,BBG000G8N9C6,-0.007861914,-0.007305684,749453
20100317,12:45:00.000,BBG000BHKYH4,-0.0038190447,0.0022885809,550966
20100317,12:45:00.000,BBG000BK1FD3,-0.015352896,0.0021556064,1557830
20100317,12:45:00.000,BBG000BT4T69,-0.002292168,1.7407292e-07,3414710
20100317,12:45:00.000,GEN_EQ0011591100001000,0.0003070002,0.0066640167,1060365
20100317,12:45:00.000,BBG000FFH4P5,-0.0009847948,0.0067765084,376709
20100317,12:45:00.000,BBG000BGRKT6,0.010276589,0.011186068,377823
20100317,12:45:00.000,BBG000DN7P92,0.005076393,0.007216878,637337
20100317,12:45:00.000,BBG000M4SW14,0.0064379494,0.014774434,493885
20100317,12:45:00.000,BBG000BNGTQ7,0.00086654647,0.0008093234,1896904
20100317,12:45:00.000,BBG000BL79J3,-0.0077699916,-0.0070038773,1266372
20100317,12:45:00.000,BBG000BDG1Y1,-0.002958818,0.003683953,1164223
20100317,12:45:00.000,BBG000D9DMK0,0.0067883576,0.008998796,381819
20100317,12:45:00.000,BBG000BVPPM1,0.009531361,0.0215286,3210169
20100317,12:45:00.000,BBG000D3MB18,-0.008925913,-0.00287823,2029338
20100317,12:45:00.000,BBG000DGPR66,0.0052597323,0.010742554,400022
20100317,12:45:00.000,BBG000BLDV98,-0.0018424084,-0.004133745,1706903
20100317,12:45:00.000,BBG000C6F3T8,0.003372632,0.008276917,1799089
20100317,12:45:00.000,BBG000BS0ZF1,0.004346362,0.007862828,212091
20100317,12:45:00.000,BBG000DNTSP4,-0.00855752,2.1252262e-07,706636
20100317,12:45:00.000,BBG000LL9LQ5,-0.0072458372,0.0027085359,1317340
20100317,12:45:00.000,GEN_EQ0140919900001000,0.0030664704,0.004562824,725993
20100317,12:45:00.000,BBG000QRSL13,-0.0126115875,1.1558706e-07,5391370
20100317,12:45:00.000,BBG000BRJ809,0.011088705,0.013774465,423376
20100317,12:45:00.000,BBG000D1QCF1,-0.013908876,0.00015820921,731407
20100317,12:45:00.000,BBG000BLCPY4,0.008007944,0.009775103,822692
20100317,12:45:00.000,BBG000CNWNL6,0.008523152,0.026096225,1340401
20100317,12:45:00.000,BBG000DV7MX4,-0.015846608,0.0012369299,5852964
20100317,12:45:00.000,BBG000BP1152,-0.02253525,-0.0144155165,2443729
20100317,12:45:00.000,BBG000BHCP19,-0.008251424,0.007055241,1754893
20100317,12:45:00.000,BBG000BGKHZ3,-0.0103358375,0.0022423358,637101
20100317,12:45:00.000,BBG000BMB7R1,0.0018129741,0.0064840615,506415
20100317,12:45:00.000,BBG000BHLYS1,-0.00073036493,-0.00067511946,657101
20100317,12:45:00.000,BBG000BKWSR6,0.017957684,0.03263754,13700335
20100317,12:45:00.000,BBG000JN9BQ6,0.012132762,0.015447334,715309
20100317,12:45:00.000,BBG000BRZBT3,0.0036256865,0.009387332,1375390
20100317,12:45:00.000,BBG000FBK808,0.015346866,0.024195923,6972072
20100317,12:45:00.000,BBG000BXRPH1,-0.01212858,-0.0024161022,789369
20100317,12:45:00.000,BBG000BQSQ38,-0.005274551,0.0049542384,911857
20100317,12:45:00.000,BBG000BVMPN3,0.010116591,0.024050416,637178
20100317,12:45:00.000,BBG000BGFLL5,0.0018188595,0.015611762,1208764
20100317,12:45:00.000,BBG000BJ98Z0,0.0349742,0.03265819,833819
20100317,12:45:00.000,BBG000NDZ417,-0.008912959,-0.0025393672,806976
20100317,12:45:00.000,BBG000BKPL53,-0.00616133,-0.0039816033,671708
20100317,12:45:00.000,BBG000BD0TF8,0.011677821,0.025345974,504630
20100317,12:45:00.000,BBG000BY2Y78,0.01447326,0.03072067,2160284
20100317,12:45:00.000,BBG000BPMH90,0.006425838,0.01773498,909830
20100317,12:45:00.000,BBG000BBNYF6,0.012600894,0.018316679,887029
20100317,12:45:00.000,BBG000FJRZ68,-0.007867712,-0.0061106174,1160587
20100317,12:45:00.000,BBG000FKJRC5,0.005185779,0.007562251,313276
20100317,12:45:00.000,BBG000CL9VN6,0.00032788,0.008492381,348437
20100317,12:45:00.000,BBG000BK6G19,-0.0033732825,0.0019364188,621319
20100317,12:45:00.000,BBG000C23KJ3,-0.011994265,-0.006737481,3815670
20100317,12:45:00.000,BBG000BB5BF6,-0.0062889033,0.0010305374,2121591
20100317,12:45:00.000,BBG000BK5DP1,0.007915865,0.015849112,1904428
20100317,12:45:00.000,BBG000BJVZF7,0.0046150703,0.0043010493,597546
20100317,12:45:00.000,BBG000BN5HF7,-0.005156629,-0.0011925945,2018955
20100317,12:45:00.000,BBG000BL9439,-0.0034091596,-0.0004223544,668615
20100317,12:45:00.000,BBG000BJQWD2,0.0069792843,0.019895773,1813526
20100317,12:45:00.000,BBG000D8RG11,-0.0025966626,0.0008884205,1041854
20100317,12:45:00.000,BBG000BS9489,0.009184217,0.0137668615,660397
20100317,12:45:00.000,BBG000BH5DV1,-0.00026315026,0.0038971875,1334668
20100317,12:45:00.000,BBG000BMKDM3,-0.0027468223,-0.0013250333,825526
20100317,12:45:00.000,BBG000C75N77,-0.0032120785,0.00822205,1647123
20100317,12:45:00.000,BBG000BKXFN7,-0.00971486,-0.005382084,2866003
20100317,12:45:00.000,BBG000BTCH57,-0.0027902026,0.003073628,657569
20100317,12:45:00.000,BBG000BM7HL0,0.00097506895,0.012120159,1538112
20100317,12:45:00.000,BBG000BNFLM9,-0.00601247,0.004739554,1442360
20100317,12:45:00.000,BBG000BBVCN6,0.000759763,0.0004365914,353717
20100317,12:45:00.000,BBG000LD9JQ8,-0.010271329,-0.0033961511,2150792
20100317,12:45:00.000,BBG000MDCQC2,-0.0051793563,-0.00387807,1321846
20100317,12:45:00.000,BBG000BLBXT4,-0.009169697,-0.005884593,1342334
20100317,12:45:00.000,BBG000BDXGP9,0.004741417,0.0046867635,1096989
20100317,12:45:00.000,BBG000BR3KL6,0.0072991126,0.013421741,673186
20100317,12:45:00.000,BBG000BX9WL1,0.032127824,0.051363353,6348952
20100317,12:45:00.000,BBG000BQ74K1,0.0027353612,0.013421841,495913
20100317,12:45:00.000,BBG000BWSV34,0.0021577128,0.005164901,496495
20100317,12:45:00.000,BBG000BQZMH4,-0.0083330395,-0.006427233,1381920
20100317,12:45:00.000,GEN_EQ0010066700001000,-0.005649015,-0.004582631,857177
20100317,12:45:00.000,BBG000BQVTF5,-0.0016731124,0.008146775,1225475
20100317,12:45:00.000,BBG000LC1FS4,0.0134203015,0.023668723,848530
20100317,12:45:00.000,GEN_EQ0010050500001000,-0.00808285,0.00089316984,4234660
20100317,12:45:00.000,BBG000G3QLY3,0.011838915,0.018206395,595222
20100317,12:45:00.000,BBG000QBR5J5,-0.018614318,-0.0071927523,5534657
20100317,12:45:00.000,BBG000BTQR96,0.0061627016,0.010736524,1106626
20100317,12:45:00.000,GEN_EQ0012661800001000,-0.013700446,-0.013238342,1189126
20100317,12:45:00.000,BBG000CKJ0P3,0.0025853878,0.0008424854,462394
20100317,12:45:00.000,BBG000HGYNZ9,-0.0026540877,0.0038477941,2414948
20100317,12:45:00.000,BBG000BV7LP7,0.0026938866,0.009590652,1619145
20100317,12:45:00.000,BBG000BBVK30,-0.0034963528,-0.009312656,6330714
20100317,12:45:00.000,BBG000BFXHL6,-0.012582784,-0.012065126,1829560
20100317,12:45:00.000,BBG000BGLRN3,0.004001297,0.0051688,1089150
20100317,12:45:00.000,BBG000C2V3D6,-0.007889284,0.0041892184,1065156
20100317,12:45:00.000,BBG000BGVW60,0.010215658,0.009522818,2340546
20100317,12:45:00.000,BBG000BTVJ25,0.0069216513,0.013969034,1940241
20100317,12:45:00.000,GEN_EQ0010020500001000,0.0041414024,0.015650157,1750403
20100317,12:45:00.000,BBG000BHQ1H0,0.010428603,0.008896866,415267
20100317,12:45:00.000,BBG000BNC3Y9,0.04382914,0.065366246,5011922
20100317,12:45:00.000,BBG000BVVQQ8,-0.0043463972,0.009233299,1436988
20100317,12:45:00.000,GEN_EQ0010281900001000,-0.00086068636,-0.0010590632,578651
20100317,12:45:00.000,BBG000C1FB75,-0.0042826277,0.009845973,230516
20100317,12:45:00.000,BBG000BFTJ91,0.008347662,0.008990522,3040562
20100317,12:45:00.000,BBG000C1FQS9,-0.0074677435,-0.0036117635,523353
20100317,12:45:00.000,BBG000BSBZH7,-0.0012970128,-0.0042430456,954435
20100317,12:45:00.000,BBG000F15NW9,-0.017369775,-0.017954359,2495310
20100317,12:45:00.000,BBG000BPT0C6,0.01802519,0.024248544,1038008
20100317,12:45:00.000,GEN_EQ0010145600001000,0.0023643572,-0.0016255163,656176
20100317,12:45:00.000,BBG000H89QJ6,0.006027423,0.005769062,892130
20100317,12:45:00.000,BBG000BR14K5,0.0021244967,0.012300486,996686
20100317,12:45:00.000,BBG000BP6L99,0.0028239954,0.0071877455,14591611
20100317,12:45:00.000,BBG000BQWPC5,0.0023284527,0.0015027904,579287
20100317,12:45:00.000,BBG000BNNYW1,0.001709779,0.003890749,731399
20100317,12:45:00.000,BBG000BJ3PD2,0.004984386,0.010391155,527528
20100317,12:45:00.000,BBG000PVRDL2,0.020420752,0.03090503,4175383
20100317,12:45:00.000,BBG000C2ZCH8,-0.0015534211,-0.0025840683,528928
20100317,12:45:00.000,BBG000TK7PB8,0.022654997,0.03987238,4147433
20100317,12:45:00.000,BBG000BB6M98,-0.00348987,-6.5233207e-06,897694
20100317,12:45:00.000,BBG000HW5GX3,0.004304933,0.010151647,799391
20100317,12:45:00.000,BBG000BLKK03,0.0049916566,0.0053487048,860295
20100317,12:45:00.000,BBG000BCZYD3,0.0030729554,0.002658823,331345
20100317,12:45:00.000,BBG000CSY9H9,-0.011999433,-0.0050981925,699510
20100317,12:45:00.000,BBG000BB9KF2,-0.00256359,-0.00043127622,663749
20100317,12:45:00.000,BBG000BMQPL1,0.010785806,0.025990838,8837974
20100317,12:45:00.000,BBG000BMTFR4,-0.007389663,0.005341161,1727787
20100317,12:45:00.000,BBG000H9G7X2,0.009979221,0.010812429,876667
20100317,12:45:00.000,BBG000BCNYT9,0.003319729,0.0064645247,1112837
20100317,12:45:00.000,BBG000C0MF34,-0.0072063697,-0.002788545,477251
20100317,12:45:00.000,BBG000BN2DC2,-0.0038870466,0.0048884805,551275
20100317,12:45:00.000,BBG000BN9WT5,-0.00036958163,0.0142208375,3647271
20100317,12:45:00.000,BBG000BQ5DS5,0.003110962,0.0029010733,742514
20100317,12:45:00.000,BBG000BCGY17,-0.005477894,-0.0040923413,744169
20100317,12:45:00.000,BBG000BB6G37,-0.003787685,0.010661164,1780083
20100317,12:45:00.000,BBG000CHPY97,-0.029807977,-0.025064008,3530639
20100317,12:45:00.000,BBG000TWC2V5,8.646747e-05,-0.0019585486,1014776
20100317,12:45:00.000,GEN_EQ0117562400001000,-0.004328139,-0.0037136741,7527737
20100317,12:45:00.000,BBG000BP0KQ8,0.0068661477,0.016195692,2951364
20100317,12:45:00.000,BBG000BB5373,0.01560817,0.027172646,4684743
20100317,12:45:00.000,BBG000BM6788,-0.011219587,-0.005037835,1645713
20100317,12:45:00.000,BBG000BH3JF8,-0.008805979,-0.0062178634,1018145
20100317,12:45:00.000,GEN_EQ0085215200001000,0.0025325397,0.010258843,3413369
20100317,12:45:00.000,BBG000BQ2C28,0.00091838895,0.0048728082,558772
20100317,12:45:00.000,BBG000BX5ZF5,-0.02100035,-0.010896318,9227780
20100317,12:45:00.000,BBG000BMDV41,0.01135446,0.015149013,1166823
20100317,12:45:00.000,GEN_EQ0010319800003000,-0.0138824135,-0.021546481,2531173
20100317,12:45:00.000,BBG000BG14P4,-6.7588546e-05,0.008037631,666291
20100317,12:45:00.000,BBG000GC80B4,,,1675541
20100317,12:45:00.000,BBG000BB2DM7,-0.006525204,0.003853632,4561977
20100317,12:45:00.000,BBG000BWJFZ4,-0.0043600556,-0.0046038306,990741
20100317,12:45:00.000,BBG000BHGDH5,0.00026505053,0.0006017401,3045562
20100317,12:45:00.000,BBG000BZ2GG4,-0.0026384462,0.007611248,1775840
20100317,12:45:00.000,BBG000D898T9,0.0024697068,0.0034002198,1085602
20100317,12:45:00.000,BBG000BMF5J0,-0.0062849233,-0.0011389394,1251856
20100317,12:45:00.000,BBG000BKLH74,-0.0055986065,-0.0077301413,3559069
20100317,12:45:00.000,BBG000BGPTV6,-0.0088633485,0.0005771138,1513530
20100317,12:45:00.000,BBG000BH3GZ2,0.009114798,0.017536785,2482213
20100317,12:45:00.000,BBG000BVWLJ6,-0.006679329,0.0013420386,1240356
20100317,12:45:00.000,BBG000C496P7,-0.019013796,-0.011514025,4246678
20100317,12:45:00.000,BBG000JG0547,0.003761447,0.008928951,1204785
20100317,12:45:00.000,BBG000DYGNW7,0.0057074917,0.006605432,532484
20100317,12:45:00.000,BBG000BNJHS8,-0.0060900496,-0.011385261,3948607
20100317,12:45:00.000,BBG000BPQD31,0.0010821995,0.0013584384,1312130
20100317,12:45:00.000,BBG000BT9DW0,0.0021006002,0.0021071283,1293555
20100317,12:45:00.000,BBG000BB2KW0,-0.010463973,-0.00997206,623923
20100317,12:45:00.000,BBG000BK67C7,0.00836832,0.0086124595,780083
20100317,12:45:00.000,BBG000DHSPT0,-0.0071085664,-0.0036719951,902138
20100317,12:45:00.000,BBG000BFMBQ6,-0.002265217,-0.0041465913,988750
20100317,12:45:00.000,BBG000B9WJ73,0.009264203,0.025755446,4787015
20100317,12:45:00.000,BBG000FVXD63,-0.010587066,-0.0027669258,1570536
20100317,12:45:00.000,BBG000B9XYV2,-0.0063685854,-0.0047419616,1681448
20100317,12:45:00.000,BBG000BMBL90,0.0076000136,0.012219227,2054595
20100317,12:45:00.000,BBG000BB1TH9,-0.0018439153,0.011118252,658518
20100317,12:45:00.000,BBG000BVMGF2,-0.0035916972,0.010962418,2793960
20100317,12:45:00.000,BBG000BSD7C2,-0.001898749,-0.0006162386,625621
20100317,12:45:00.000,BBG000J5Q6L2,-0.023496514,-0.0030178772,4521701
20100317,12:45:00.000,BBG000BC4JJ4,-0.010838229,-0.008350127,745967
20100317,12:45:00.000,BBG000BM5SR2,0.019878238,0.046539623,7566712
20100317,12:45:00.000,BBG000BJPDZ1,0.0044021313,0.003908356,205208
20100317,12:45:00.000,BBG000BZTW70,-0.012268166,-0.008847412,2896287
20100317,12:45:00.000,BBG000C5HS04,-0.0011194778,0.00028382926,854731
20100317,12:45:00.000,BBG000M65M61,-0.03233611,-0.03467945,6773876
20100317,12:45:00.000,BBG000BY29C7,0.0033520416,0.008195844,900796
20100317,12:45:00.000,BBG000BB6WG8,0.0054256544,0.0108459955,2283720
20100317,12:45:00.000,GEN_EQ0010172300001000,-0.007113325,-0.007851339,648998
20100317,12:45:00.000,BBG000C2BXK4,-0.004284618,0.007325969,20821500
20100317,12:45:00.000,BBG000BBBNC6,-0.0026400709,0.020941477,1124497
20100317,12:45:00.000,BBG000PM7GJ0,0.032881506,0.04775738,2237469
20100317,12:45:00.000,BBG000Q3JN03,0.013782515,0.031978674,14951297
20100317,12:45:00.000,BBG000C0LW92,-0.020160265,-0.014114473,29947228
20100317,12:45:00.000,BBG000BF1R66,0.008994911,0.018276876,1087543
20100317,12:45:00.000,BBG000NSQ9M0,-0.013238697,-0.0029402683,5475421
20100317,12:45:00.000,BBG000FQ6PY6,-0.03903887,-0.03545161,10238673
20100317,12:45:00.000,BBG000BWVCP8,-0.017954763,-0.0051905834,3008226
20100317,12:45:00.000,BBG000BJSBJ0,-0.0020766503,0.0005220264,578670
20100317,12:45:00.000,BBG000BLM0V1,,,896546
20100317,12:45:00.000,BBG000BMY992,0.000687636,0.006279635,3257194
20100317,12:45:00.000,BBG000BVDLH9,0.0076033934,0.009291174,1356471
20100317,12:45:00.000,BBG000C0F570,0.0034583947,0.016706739,2756179
20100317,12:45:00.000,BBG000BBQCY0,0.018874874,0.030899772,12510608
20100317,12:45:00.000,GEN_EQ0000000001064567,0.0035917768,0.015553493,897348
20100317,12:45:00.000,BBG000BKCFC2,-0.0032389972,-0.0032750037,657651
20100317,12:45:00.000,BBG000CGQ6M4,0.009040916,0.008689051,681583
20100317,12:45:00.000,BBG000C17X76,-0.0042259,-0.005021761,714671
20100317,12:45:00.000,BBG000DTMH63,,,2016323
20100317,12:45:00.000,BBG000R7Z112,0.0012576717,-3.115757e-07,4162104
20100317,12:45:00.000,BBG000BBMSJ6,-0.005836612,0.00747642,3571565
20100317,12:45:00.000,BBG000BY33P5,0.0006242471,0.006913007,1803519
20100317,12:45:00.000,BBG000BV8DN6,0.0011391131,-0.0012729528,1145735
20100317,12:45:00.000,GEN_EQ0010135600001000,0.0057123657,0.016905338,2983451
20100317,12:45:00.000,BBG000JN8R00,0.0039311866,0.016129753,921810
20100317,12:45:00.000,BBG000K14Q84,-0.014491235,-0.0012971009,1268099
20100317,12:45:00.000,BBG000BBDV81,-0.0006254132,0.011220879,873687
20100317,12:45:00.000,BBG000BMW2Z0,0.004415015,0.0039668796,1274807
20100317,12:45:00.000,BBG000DLVDK3,-0.002528998,0.006437734,1389091
20100317,12:45:00.000,BBG000CKVSG8,0.0002975868,0.013134836,2336077
20100317,12:45:00.000,BBG000G0Z878,0.03049825,0.05065132,11312455
20100317,12:45:00.000,BBG000BGJRC8,-0.0008054284,-0.0011628603,843656
20100317,12:45:00.000,BBG000BL8GJ6,-0.010663658,0.0002141792,4427383
20100317,12:45:00.000,BBG000HCJMF9,-0.0045111855,0.014109138,1425825
20100317,12:45:00.000,BBG000BB6KF5,0.0035599517,0.019680314,2741671
20100317,12:45:00.000,BBG000BYYLS8,-0.0026195194,0.0072820247,2510951
20100317,12:45:00.000,BBG000FJLFX8,-0.003304522,-0.0037529692,1891234
20100317,12:45:00.000,BBG000D9D830,0.01238307,0.021663856,2138089
20100317,12:45:00.000,BBG000BHX7N2,-0.0015575927,0.0047224383,1007737
20100317,12:45:00.000,BBG000CTQBF3,-0.009008251,0.0031658183,3523579
20100317,12:45:00.000,BBG000BBD070,0.0047887783,0.017997453,1327478
20100317,12:45:00.000,BBG000BH2JM1,-0.014252964,-0.008683349,7250361
20100317,12:45:00.000,BBG000CS7CT9,0.0021656442,0.004271888,1483446
20100317,12:45:00.000,BBG000BFL116,-0.014233638,-0.0052902806,464729
20100317,12:45:00.000,BBG000BFC8J2,0.014044849,0.013052392,1490240
20100317,12:45:00.000,BBG000C15T95,-0.004508883,-0.0074258693,632893
20100317,12:45:00.000,BBG000FP1N32,-0.0058657345,0.0043717967,2045590
20100317,12:45:00.000,BBG000JWD753,-0.013776572,-0.003989196,24063436
20100317,12:45:00.000,BBG000BWNFZ9,0.011234224,0.022158528,3991830
20100317,12:45:00.000,BBG000BSLZY7,-0.014349353,-0.0032494126,5734478
20100317,12:45:00.000,BBG000BCBCM7,-0.00030552415,8.7814516e-07,3198704
20100317,12:45:00.000,BBG000BBGGQ1,-0.0038819194,0.006321646,5670941
20100317,12:45:00.000,BBG000BCWCG1,-0.0017947039,0.005814762,2229260
20100317,12:45:00.000,BBG000BLBVN4,0.0010316003,0.00972233,515942
20100317,12:45:00.000,BBG000C46HM9,-0.014757529,-0.012924176,3662349
20100317,12:45:00.000,BBG000BTKGG8,0.013702464,0.029610457,3460486
20100317,12:45:00.000,GEN_EQ0010059600001000,0.052299984,0.06825931,6628978
20100317,12:45:00.000,BBG000C8H633,0.0043137865,0.01546954,2951880
20100317,12:45:00.000,BBG000BTR593,0.0022511953,0.0077492166,2460148
20100317,12:45:00.000,GEN_EQ0000000000158587,0.005281089,0.006868797,1021504
20100317,12:45:00.000,BBG000F6H8W8,-0.0013352648,0.005336458,1341973
20100317,12:45:00.000,BBG000BFQYY3,-0.0036220893,-0.0041969395,1314491
20100317,12:45:00.000,BBG000BNBDC2,0.0024567698,-0.00027611494,2755512
20100317,12:45:00.000,BBG000BSJTT0,0.0015398243,0.014668085,2339979
20100317,12:45:00.000,BBG000BJL3N0,-0.00090987,0.011918333,6590784
20100317,12:45:00.000,BBG000BYWTX7,-0.013349893,-0.0004910122,8408462
20100317,12:45:00.000,BBG000BD8PN9,0.002040976,0.011575513,2539145
20100317,12:45:00.000,BBG000BHLYP4,-0.003196859,0.007253868,130216
20100317,12:45:00.000,BBG000C1BW00,0.0011184539,0.002009496,973686
20100317,12:45:00.000,BBG000J6XT05,-0.0058856313,-0.000660972,1565017
20100317,12:45:00.000,BBG000BJX8C8,0.0033018307,0.017911918,1887390
20100317,12:45:00.000,BBG000BCVJ77,0.006520588,0.0043909163,1173636
20100317,12:45:00.000,BBG000BZ9223,-0.0070050852,-0.0036258935,1300885
20100317,12:45:00.000,BBG000H556T9,-0.00861689,-0.0037216446,2150013
20100317,12:45:00.000,BBG000BJF1Z8,0.007081138,0.011789257,1921266
20100317,12:45:00.000,BBG000BB5006,0.012087407,0.01799263,5071842
20100317,12:45:00.000,BBG000F0KF42,,,6954714
20100317,12:45:00.000,BBG000BKFBD7,0.0005646772,0.016529942,2213317
20100317,12:45:00.000,BBG000BFDXW1,-0.0070898053,0.004627021,1760625
20100317,12:45:00.000,BBG000BW3299,0.0005415328,-0.0017707834,1951065
20100317,12:45:00.000,BBG000F0PF65,0.0011139496,0.006761294,2242704
20100317,12:45:00.000,BBG000BNWG87,-0.0064807623,-0.0070944712,2633010
20100317,12:45:00.000,BBG000BH13K9,0.005922685,0.008907651,2451228
20100317,12:45:00.000,BBG000BH1NH9,0.004733216,0.012383114,1629007
20100317,12:45:00.000,BBG000DY8ZS4,-0.013674226,-0.00057304604,7552987
20100317,12:45:00.000,BBG000BP8Z50,-0.027359992,-0.017627526,11663099
20100317,12:45:00.000,BBG000BJ81C1,0.0019632957,0.009269128,1756530
20100317,12:45:00.000,BBG000BBVJZ8,-0.011857982,-0.008118062,4084399
20100317,12:45:00.000,BBG000BQ8KV2,-0.023604289,-0.01724883,3748587
20100317,12:45:00.000,BBG000BGKTF9,-0.0178504,-0.0014857826,2598582
20100317,12:45:00.000,BBG000BFRF55,-0.0020081962,0.008830709,2804815
20100317,12:45:00.000,BBG000BRK7L6,0.01105303,0.02200302,6712574
20100317,12:45:00.000,BBG000BWLMJ4,-0.004869978,0.002897449,2392270
20100317,12:45:00.000,BBG000BD4VG8,0.004925379,0.017638255,1942936
20100317,12:45:00.000,BBG000FW00S1,0.010239454,0.025304744,4080781
20100317,12:45:00.000,BBG000BBJQV0,0.005476429,0.020275565,8165112
20100317,12:45:00.000,BBG000C5Z1S3,0.00039989728,0.018599812,12654213
20100317,12:45:00.000,BBG000BC40Y8,0.016716106,0.023451628,2430878
20100317,12:45:00.000,BBG000DWYF03,-0.005216869,-0.0014262969,6947995
20100317,12:45:00.000,BBG000BRD0D8,0.008231463,0.020827906,2734294
20100317,12:45:00.000,BBG000H8TVT2,-0.006193744,-0.006736382,1313830
20100317,12:45:00.000,BBG000BP6LJ8,-0.0033578908,-0.004424018,4688205
20100317,12:45:00.000,BBG000BKFZM4,0.022226546,0.029212905,12015123
20100317,12:45:00.000,BBG000BHBK84,-0.007780411,-0.0026269276,3968499
20100317,12:45:00.000,BBG000FG3C43,-0.01819109,-0.0063496977,3521685
20100317,12:45:00.000,BBG000BH23R1,0.019780684,0.029340122,17744292
20100317,12:45:00.000,BBG000F1ZSQ2,-0.018937277,-0.008777113,514151
20100317,12:45:00.000,BBG000GFFQN9,-0.002313762,0.010387653,6704326
20100317,12:45:00.000,BBG000BNDN65,0.00056149997,0.0059913844,5698921
20100317,12:45:00.000,BBG000C43RR5,0.0042331587,0.015301464,7193362
20100317,12:45:00.000,BBG000BP52R2,-0.0045479853,0.0005512011,1859882
20100317,12:45:00.000,BBG000BBPFB9,0.0025181524,0.012846189,16772481
20100317,12:45:00.000,BBG000BC2C10,0.007758773,0.012524396,1103484
20100317,12:45:00.000,BBG000BFT2L4,0.007331598,0.0074265944,6163117
20100317,12:45:00.000,BBG000L9CV04,0.0050812652,0.007766985,2256418
20100317,12:45:00.000,BBG000FL1TC8,-0.0053763078,-0.007062795,3089268
20100317,12:45:00.000,BBG000FFDM15,-0.014041964,-0.003064679,4737616
20100317,12:45:00.000,BBG000BH4R78,-0.0023817082,-0.0023718644,3202673
20100317,12:45:00.000,BBG000B9ZXB4,0.001235572,-0.0038390474,3196874
20100317,12:45:00.000,BBG000BGRY34,0.0045488533,0.008299004,3141852
20100317,12:45:00.000,BBG000G2R6M0,-0.004229057,0.0047443276,4137626
20100317,12:45:00.000,BBG000BCSST7,0.0050467914,0.0037821585,2943616
20100317,12:45:00.000,BBG000BVV7G1,-0.003475279,0.009730688,6164782
20100317,12:45:00.000,BBG000BW8S60,-0.0037078243,-0.0030379554,1838950
20100317,12:45:00.000,BBG000BL4504,-0.014173363,-0.00629589,7405349
20100317,12:45:00.000,BBG000DQLV23,-0.0013176987,-0.0065397946,6183101
20100317,12:45:00.000,BBG000BBS2Y0,-0.0026180109,-0.006529132,2112343
20100317,12:45:00.000,BBG000BHVJJ3,-0.011077692,-0.0037279099,10987461
20100317,12:45:00.000,BBG000J2XL74,0.004589953,0.0068300343,2330588
20100317,12:45:00.000,BBG000CH5208,-0.00791557,-0.008468342,6155954
20100317,12:45:00.000,BBG000BCQZS4,-0.0040238765,0.0046450985,3540032
20100317,12:45:00.000,BBG000BFWKC0,0.009903445,0.007008536,3942066
20100317,12:45:00.000,BBG000BCG930,0.0030784782,-0.000645472,3651571
20100317,12:45:00.000,BBG000PSKYX7,-0.003257808,0.0043682414,1612214
20100317,12:45:00.000,BBG000BPWXK1,-0.0032296123,0.005942549,3180526
20100317,12:45:00.000,BBG000BWXBC2,-0.0047571356,-0.0023207837,6022832
20100317,12:45:00.000,BBG000BQQ2S6,0.0056272754,0.010139383,2101885
20100317,12:45:00.000,BBG000BH5LT6,-0.0023723883,-0.0034148064,2952853
20100317,12:45:00.000,BBG000DWG505,-0.00085440394,-0.0009122598,1781798
20100317,12:45:00.000,BBG000BF0K17,-0.0018781327,0.0058866306,2705845
20100317,12:45:00.000,BBG000BKTFN2,0.018768152,0.028692963,7653418
20100317,12:45:00.000,BBG000BB07P9,0.0023103773,0.009984111,4568819
20100317,12:45:00.000,BBG000BNSZP1,-0.004510771,0.00045473882,2102751
20100317,12:45:00.000,BBG000BKZB36,-0.0049870224,-0.0012295458,5602600
20100317,12:45:00.000,BBG000CKGBP2,-0.005190256,-0.009267631,3462817
20100317,12:45:00.000,BBG000DH7JK6,0.0028559626,0.0035564895,2766378
20100317,12:45:00.000,BBG000D4LWF6,-0.0007768435,-0.0016836766,5148476
20100317,12:45:00.000,BBG000BQQH30,0.008508328,0.013222072,5524906
20100317,12:45:00.000,BBG000B9WH86,0.034132265,0.0456675,40211484
20100317,12:45:00.000,BBG000BQLTW7,0.008617136,0.010312005,15202131
20100317,12:45:00.000,BBG000HS77T5,0.005805101,0.0060133403,7547905
20100317,12:45:00.000,GEN_EQ0011904200001000,0.010810748,0.013915812,9623170
20100317,12:45:00.000,BBG000BLZRJ2,-0.0055086,0.00528096,6314589
20100317,12:45:00.000,BBG000BMX289,0.0022557313,0.003165898,4298597
20100317,12:45:00.000,BBG000BPD168,-0.001781736,-0.0076446002,4596068
20100317,12:45:00.000,BBG000BT41Q8,0.0083402395,0.017317325,6436092
20100317,12:45:00.000,BBG000BMHYD1,0.0062386193,0.002325735,3785171
20100317,12:45:00.000,BBG000BR2TH3,0.005127396,0.0039346013,3767823
20100317,12:45:00.000,BBG000KHWT55,-0.00020198345,0.00630276,6532935
20100317,12:45:00.000,BBG000BTZQC4,-0.010545113,-0.011907143,3142702
20100317,12:45:00.000,BBG000BSJK37,0.0026126835,0.001547631,9118593
20100317,12:45:00.000,BBG000BLNNH6,-0.00623192,-0.0013606302,2423679
20100317,12:45:00.000,BBG000K4ND22,0.0035317948,0.009325331,5202914
20100317,12:45:00.000,BBG000BX3TD3,-0.0142842885,-0.0045576184,7090840
20100317,12:45:00.000,BBG000CR90K4,-0.0024091678,-0.0023965077,4138866
20100317,12:45:00.000,BBG000BVPV84,0.0006464349,0.0059195044,1976085
20100317,12:45:00.000,BBG000CGC1X8,-0.0075202985,-0.004103989,11045019
20100317,12:45:00.000,BBG000BR2B91,0.00010535948,-0.0028959974,26988928
20100317,12:45:00.000,BBG000BQPC32,0.015309666,0.014089497,42812624
20100317,12:45:00.000,BBG000BK6MB5,-0.0018104351,0.006085893,89883792
20100317,12:45:00.000,BBG000C3J3C9,0.0061725453,0.0076464703,16193581
20100317,12:45:00.000,BBG000C0G1D1,-0.0014415329,0.00817927,42870916
20100317,12:45:00.000,BBG000BWQFY7,-0.0036786913,0.0056135855,13643169
20100317,12:45:00.000,BBG000BJDB15,-0.0075638504,0.0024344672,5458676
20100317,12:45:00.000,BBG000BPH459,0.0068392586,0.010552352,24841524
20100317,12:45:00.000,BBG000C6CFJ5,0.0007254991,0.006529857,3825519
20100317,12:45:00.000,BBG000DMBXR2,0.0073013953,0.016197978,17585112
20100317,12:45:00.000,BBG000BHSKN9,-0.00043190012,0.008598328,1236575
20100317,12:45:00.000,BBG000GZQ728,0.004381926,0.013508748,16566846
20100317,12:45:00.000,BBG000BCTLF6,-0.003473713,0.009387594,60156224
20100317,12:45:00.000,BBG000B9XRY4,0.0003407671,0.0056114425,6343323
20100317,13:00:00.000,GEN_EQ0021071400001000,-0.022300955,-0.013290274,1298171
20100317,13:00:00.000,GEN_EQ0096849600001000,-0.009577677,0.009941827,499113
20100317,13:00:00.000,BBG000BJ49H3,-0.0027811914,0.0006716062,473099
20100317,13:00:00.000,BBG000BMFD58,-0.0043602297,0.005320443,5050761
20100317,13:00:00.000,BBG000BFVXX0,-0.009633721,-0.006982027,922319
20100317,13:00:00.000,BBG000CHWP52,-0.0018505142,0.0033921339,527784
20100317,13:00:00.000,BBG000BT9T73,0.06587186,0.084264755,26873094
20100317,13:00:00.000,BBG000BCQ4P6,0.005377595,0.012919899,643193
20100317,13:00:00.000,BBG000BMLWX8,0.009964405,0.004554867,1547867
20100317,13:00:00.000,BBG000BP7JB0,-0.011269537,-2.4871298e-07,1866683
20100317,13:00:00.000,BBG000BNW1S8,-0.01093054,0.004086427,710220
20100317,13:00:00.000,BBG000MQ1SN9,0.0029066957,0.0034311183,537718
20100317,13:00:00.000,BBG000BVB8Q0,-0.013074539,-0.006552404,1107531
20100317,13:00:00.000,BBG000BSC0K9,-0.007964814,-0.006168002,374976
20100317,13:00:00.000,BBG000C7LMS8,0.008586462,0.01447754,268135
20100317,13:00:00.000,BBG000BB5792,0.007964302,0.016565414,946949
20100317,13:00:00.000,BBG000BFDLV8,0.01427342,0.020739745,293319
20100317,13:00:00.000,BBG000BTLMX5,0.0020465846,0.009343156,513059
20100317,13:00:00.000,BBG000CQB185,0.024605464,0.035455644,903134
20100317,13:00:00.000,BBG000BKVJK4,0.006846929,0.0077965083,516191
20100317,13:00:00.000,BBG000BQC9V2,0.012920137,0.0193492,3211494
20100317,13:00:00.000,BBG000CC53X1,0.013234865,0.023082513,681978
20100317,13:00:00.000,BBG000C45984,-0.0033887606,0.004388304,685626
20100317,13:00:00.000,BBG000BJNGN9,0.0016589742,0.01469362,1561447
20100317,13:00:00.000,BBG000FQRVM3,0.0027618478,0.0046090167,383472
20100317,13:00:00.000,BBG000D2M0Z7,-0.009319463,-0.0019260164,338315
20100317,13:00:00.000,BBG000K82ZT8,-0.0063027465,-0.0010131447,572214
20100317,13:00:00.000,BBG000BF5RY1,0.0028467209,0.0040258635,4093007
20100317,13:00:00.000,BBG000BNMHS4,-0.003215252,0.0068826475,476391
20100317,13:00:00.000,BBG000CPHYL4,-0.0026432532,-3.571506e-07,5421082
20100317,13:00:00.000,GEN_EQ0000000000852052,0.0058870395,0.021021664,694042
20100317,13:00:00.000,BBG000BCHG15,0.019690769,0.027568093,374857
20100317,13:00:00.000,BBG000BNNKG9,0.008682826,0.01697691,1485850
20100317,13:00:00.000,BBG000DR22B6,-0.007909439,0.0045044315,1337970
20100317,13:00:00.000,BBG000BHK836,-0.008528094,0.0037333698,822570
20100317,13:00:00.000,BBG000BV4DR6,0.004774578,0.022588037,2220319
20100317,13:00:00.000,BBG000BC9938,-0.016865194,-0.00721696,520870
20100317,13:00:00.000,BBG000DSMS70,-0.007958163,-0.006355081,320667
20100317,13:00:00.000,BBG000BWCKB6,0.003164547,0.006824727,315727
20100317,13:00:00.000,BBG000BP5YT0,-0.0062238057,0.013046317,3459465
20100317,13:00:00.000,BBG000BGYWY6,0.0011492445,0.009854008,739203
20100317,13:00:00.000,GEN_EQ0010580600001000,0.0072785676,0.01649587,939186
20100317,13:00:00.000,BBG000BFJ645,0.016026333,0.015377512,1844398
20100317,13:00:00.000,BBG000PV2L86,0.0047948915,0.0058181095,1189446
20100317,13:00:00.000,BBG000BXBHJ4,-0.01306462,-0.003988267,501318
20100317,13:00:00.000,BBG000BB29X4,-8.43631e-06,0.0020821001,615504
20100317,13:00:00.000,BBG000BBBP59,-0.0002164452,0.0066949013,298896
20100317,13:00:00.000,BBG000BVHBM1,0.0012674044,-0.004890081,1360318
20100317,13:00:00.000,BBG000BWGYF8,0.03502248,0.07009259,2165073
20100317,13:00:00.000,BBG000BBL8V7,0.009181891,0.022603964,1553952
20100317,13:00:00.000,BBG000BPNP00,-0.0018909839,0.0149062285,747658
20100317,13:00:00.000,BBG000RGM5P1,,,700056
20100317,13:00:00.000,BBG000FKYVH4,0.0043144044,0.014043286,438276
20100317,13:00:00.000,BBG000BGXZB5,0.010879934,0.008423467,2359706
20100317,13:00:00.000,BBG000BTQ9G8,0.00013804741,0.005191639,1235590
20100317,13:00:00.000,BBG000BCTQ65,0.0067139603,0.0065742685,766131
20100317,13:00:00.000,BBG000BK2F42,0.010207745,0.019987421,1098991
20100317,13:00:00.000,BBG000F7RCJ1,-0.0071156947,0.0023637225,429893
20100317,13:00:00.000,BBG000C2YHG9,-0.0023288669,-0.0013930359,834202
20100317,13:00:00.000,BBG000BRJL00,-0.0015997128,0.0044967458,902933
20100317,13:00:00.000,BBG000BQT4L6,-0.0033555636,0.00514316,1510256
20100317,13:00:00.000,BBG000FDBX90,-0.0008565881,0.0006917553,991542
20100317,13:00:00.000,BBG000BKR1D6,-0.004463726,0.0058919843,269742
20100317,13:00:00.000,GEN_EQ0010003600001000,-0.0018338969,0.0038186298,666725
20100317,13:00:00.000,BBG000BPXVJ6,-0.0018172049,-0.00069243246,1263425
20100317,13:00:00.000,BBG000BN84F3,0.0074986885,0.009302599,540734
20100317,13:00:00.000,BBG000DSZTN6,0.009501153,0.02226616,1040560
20100317,13:00:00.000,BBG000BBCDZ2,-0.0034700232,0.004516913,382856
20100317,13:00:00.000,BBG000PQ6YJ3,-0.014689129,-0.004801306,179336
20100317,13:00:00.000,BBG000HQ7GC7,-0.0095973415,0.0027236894,1003866
20100317,13:00:00.000,BBG000BC15S7,-0.0040927017,0.004179619,483557
20100317,13:00:00.000,BBG000PX3XC0,-0.0013405812,0.010022898,366610
20100317,13:00:00.000,BBG000BSXQV7,0.0040725702,0.010607211,329727
20100317,13:00:00.000,BBG000BP1Q11,0.0017821741,0.0048086373,387294
20100317,13:00:00.000,GEN_EQ0010206100001000,-0.020137705,-0.021848472,4161246
20100317,13:00:00.000,BBG000C3GN47,0.004607642,0.012149169,592113
20100317,13:00:00.000,BBG000BN7277,-0.0025400862,0.008838572,1423547
20100317,13:00:00.000,BBG000C3NTN5,0.0012245164,0.0015647282,1295426
20100317,13:00:00.000,BBG000DWB323,-0.00050594227,0.013972125,1899357
20100317,13:00:00.000,BBG000BR1W32,-0.005295097,0.009507279,809210
20100317,13:00:00.000,BBG000BF2KK4,-0.0028601142,0.0048574363,961046
20100317,13:00:00.000,BBG000BNBPQ0,0.012277493,0.031207865,968539
20100317,13:00:00.000,BBG000BWXL85,0.00030712,0.0057206047,827326
20100317,13:00:00.000,GEN_EQ0010624300001000,0.0037791682,0.004941179,1059527
20100317,13:00:00.000,BBG000JBN3X6,-0.005473463,-0.012895316,3020140
20100317,13:00:00.000,BBG000BFNR17,-0.005001388,0.007528694,932373
20100317,13:00:00.000,BBG000CXYSZ6,0.027611995,0.03062252,575558
20100317,13:00:00.000,BBG000FV1Z23,-0.015388402,-0.01368891,1232176
20100317,13:00:00.000,GEN_EQ0010548100001000,0.03312998,0.051346287,4883496
20100317,13:00:00.000,GEN_EQ0010141600001000,0.0034072078,0.01569723,1176003
20100317,13:00:00.000,BBG000BW2QX0,0.0034776204,0.01942503,2283666
20100317,13:00:00.000,BBG000C1S2X2,-0.008115535,-0.012124442,588529
20100317,13:00:00.000,BBG000BVXPZ8,0.011574794,0.019601846,1978018
20100317,13:00:00.000,BBG000B9ZV28,0.0074222493,0.014172568,233094
20100317,13:00:00.000,BBG000CPQZ77,-0.0059929555,0.0040799733,813878
20100317,13:00:00.000,BBG000BGD7W6,-0.00538824,-0.0027800375,1431489
20100317,13:00:00.000,GEN_EQ0010168800001000,-0.011849004,-0.007797116,17008862
20100317,13:00:00.000,BBG000D9KWL9,-0.00232365,0.009641252,218990
20100317,13:00:00.000,BBG000BR37X2,0.018785525,0.03051489,4016411
20100317,13:00:00.000,BBG000BR54L0,-0.0008099352,0.0008771835,2505638
20100317,13:00:00.000,BBG000BLHRS2,-0.011219852,-0.008620808,746461
20100317,13:00:00.000,BBG000BX3BL3,-0.012722109,0.009291446,561063
20100317,13:00:00.000,BBG000BL5W86,0.0009935797,0.022628194,5739877
20100317,13:00:00.000,BBG000BJKPG0,0.004423939,0.014614226,613501
20100317,13:00:00.000,BBG000BCYP43,0.007817341,0.0096733235,420435
20100317,13:00:00.000,BBG000MBDGM6,0.009075762,0.023553187,286132
20100317,13:00:00.000,BBG000CGT2S4,-0.011384702,-0.0028970684,532267
20100317,13:00:00.000,BBG000BMFFQ0,0.003323513,0.02114357,916378
20100317,13:00:00.000,BBG000BWVSR1,0.0014497088,0.003982362,638126
20100317,13:00:00.000,BBG000FL0BC8,-0.021196669,-0.014437893,2081320
20100317,13:00:00.000,BBG000F86GP6,-0.010710551,-2.6108313e-07,390015
20100317,13:00:00.000,BBG000BHB3M6,0.0040971963,0.012937275,348487
20100317,13:00:00.000,BBG000BDWKC5,0.003606342,0.012269447,1522132
20100317,13:00:00.000,BBG000BJDPC2,0.018971711,0.01948316,1501977
20100317,13:00:00.000,BBG000BP4MH0,-0.0038314904,0.0036744878,2131589
20100317,13:00:00.000,BBG000C9W1Y1,,,1878721
20100317,13:00:00.000,BBG000BKSL41,0.0034967694,0.013048868,2019288
20100317,13:00:00.000,BBG000CVWGS6,0.0075541977,0.012891825,7806566
20100317,13:00:00.000,BBG000F80SZ5,0.012457241,0.02270235,4295186
20100317,13:00:00.000,BBG000DKCC19,0.0017442554,0.0028296302,1491332
20100317,13:00:00.000,GEN_EQ0010091900001000,0.019574154,0.020989802,317090
20100317,13:00:00.000,BBG000BG7986,0.011863979,0.008079709,1041902
20100317,13:00:00.000,BBG000D7RKJ5,0.0021836448,0.0063986187,758991
20100317,13:00:00.000,BBG000KLB4Q1,0.009223683,0.02424311,2290320
20100317,13:00:00.000,BBG000DQTXY6,-0.012188926,-0.015331953,1745472
20100317,13:00:00.000,BBG000BFS7D3,0.01098091,0.012349944,1453309
20100317,13:00:00.000,BBG000BV75B7,-0.011202414,-0.015216313,1216433
20100317,13:00:00.000,BBG000C2PW58,0.04232229,0.055108108,519991
20100317,13:00:00.000,BBG000BKZTP3,-0.022077374,-0.008473256,2271716
20100317,13:00:00.000,BBG000CFJL87,0.0038394504,-0.00027372115,1000212
20100317,13:00:00.000,BBG000QY3XZ2,-0.00073142786,0.01273883,2095428
20100317,13:00:00.000,BBG000BJ5GK2,-0.0034676376,0.0041330904,506697
20100317,13:00:00.000,BBG000Q0BPZ4,0.029122986,0.04313157,3571426
20100317,13:00:00.000,BBG000NSCNT7,0.009090952,0.0357744,2683570
20100317,13:00:00.000,GEN_EQ0010104800001000,0.0019156494,0.014232805,4023096
20100317,13:00:00.000,BBG000G8N9C6,-0.006008379,-0.0055423887,786678
20100317,13:00:00.000,BBG000BHKYH4,-0.004562359,0.0017165208,616689
20100317,13:00:00.000,BBG000BK1FD3,-0.019997815,-0.0017962244,1651657
20100317,13:00:00.000,BBG000BT4T69,-0.0037642966,-0.00071275723,3504631
20100317,13:00:00.000,GEN_EQ0011591100001000,9.3424474e-05,0.0073908623,1101750
20100317,13:00:00.000,BBG000FFH4P5,-0.0025045841,0.0058824546,384008
20100317,13:00:00.000,BBG000BGRKT6,0.010371385,0.01150883,404408
20100317,13:00:00.000,BBG000DN7P92,0.0055871434,0.008119154,677766
20100317,13:00:00.000,BBG000M4SW14,0.0052316785,0.015155235,516825
20100317,13:00:00.000,BBG000BNGTQ7,0.0015350481,0.0016182323,1944931
20100317,13:00:00.000,BBG000BL79J3,-0.009812097,-0.009063732,1397075
20100317,13:00:00.000,BBG000BDG1Y1,-0.0030886643,0.0044462807,1200059
20100317,13:00:00.000,BBG000D9DMK0,0.0066862083,0.009598591,411320
20100317,13:00:00.000,BBG000BVPPM1,0.013576982,0.026552027,3364429
20100317,13:00:00.000,BBG000D3MB18,-0.008501647,-0.0017271688,2084776
20100317,13:00:00.000,BBG000DGPR66,0.0054780506,0.011492157,417347
20100317,13:00:00.000,BBG000BLDV98,-0.0025976084,-0.0047243596,1790705
20100317,13:00:00.000,BBG000C6F3T8,0.0023562007,0.007685815,1904321
20100317,13:00:00.000,BBG000BS0ZF1,0.003440302,0.006879975,217962
20100317,13:00:00.000,BBG000DNTSP4,-0.00966753,2.1252262e-07,719207
20100317,13:00:00.000,BBG000LL9LQ5,-0.00698711,0.004739008,1390320
20100317,13:00:00.000,GEN_EQ0140919900001000,0.0031145639,0.004562696,755814
20100317,13:00:00.000,BBG000QRSL13,-0.01224027,0.0016794171,5581872
20100317,13:00:00.000,BBG000BRJ809,0.011381979,0.01454843,444653
20100317,13:00:00.000,BBG000D1QCF1,-0.015317868,0.0003160769,748840
20100317,13:00:00.000,BBG000BLCPY4,0.0064777806,0.010141703,858449
20100317,13:00:00.000,BBG000CNWNL6,0.009531075,0.029907808,1395168
20100317,13:00:00.000,BBG000DV7MX4,-0.016807096,0.0012369299,6123565
20100317,13:00:00.000,BBG000BP1152,-0.023893913,-0.015042236,2689973
20100317,13:00:00.000,BBG000BHCP19,-0.008638581,0.0074080657,1787839
20100317,13:00:00.000,BBG000BGKHZ3,-0.013652046,-0.0003739592,676319
20100317,13:00:00.000,BBG000BMB7R1,0.0017766083,0.006860008,527434
20100317,13:00:00.000,BBG000BHLYS1,-0.00030830642,-0.00045024083,691903
20100317,13:00:00.000,BBG000BKWSR6,0.01939137,0.034450766,14087633
20100317,13:00:00.000,BBG000JN9BQ6,0.014603676,0.01841318,738956
20100317,13:00:00.000,BBG000BRZBT3,0.0007088841,0.008665086,1452468
20100317,13:00:00.000,BBG000FBK808,0.013280466,0.022922419,7202248
20100317,13:00:00.000,BBG000BXRPH1,-0.01224253,-0.0018584178,807059
20100317,13:00:00.000,BBG000BQSQ38,-0.0062831845,0.0046444493,944261
20100317,13:00:00.000,BBG000BVMPN3,0.010384902,0.0247933,661636
20100317,13:00:00.000,BBG000BGFLL5,0.005204518,0.019774728,1377336
20100317,13:00:00.000,BBG000BJ98Z0,0.041698195,0.03914712,988925
20100317,13:00:00.000,BBG000NDZ417,-0.008973921,-0.001751293,867158
20100317,13:00:00.000,BBG000BKPL53,-0.0066740736,-0.004154508,739854
20100317,13:00:00.000,BBG000BD0TF8,0.012377924,0.026585769,520643
20100317,13:00:00.000,BBG000BY2Y78,0.014216508,0.031204378,2230186
20100317,13:00:00.000,BBG000BPMH90,0.0063028624,0.018740661,936074
20100317,13:00:00.000,BBG000BBNYF6,0.01399601,0.019725733,910879
20100317,13:00:00.000,BBG000FJRZ68,-0.007942335,-0.0040170513,1190034
20100317,13:00:00.000,BBG000FKJRC5,0.004023027,0.007956294,332476
20100317,13:00:00.000,BBG000CL9VN6,-0.0009951631,0.0069352402,354248
20100317,13:00:00.000,BBG000BK6G19,-0.0028085622,0.0031353037,650722
20100317,13:00:00.000,BBG000C23KJ3,-0.012646118,-0.006737481,4252872
20100317,13:00:00.000,BBG000BB5BF6,-0.009200997,-0.0010307163,2314381
20100317,13:00:00.000,BBG000BK5DP1,0.010450619,0.01950648,2071666
20100317,13:00:00.000,BBG000BJVZF7,0.003637499,0.003982368,619636
20100317,13:00:00.000,BBG000BN5HF7,-0.0037508288,4.5854372e-07,2066324
20100317,13:00:00.000,BBG000BL9439,-0.0033291155,-0.00021093668,701307
20100317,13:00:00.000,BBG000BJQWD2,0.0057964725,0.019580038,1874912
20100317,13:00:00.000,BBG000D8RG11,-0.0028271934,0.00088863366,1138350
20100317,13:00:00.000,BBG000BS9489,0.008288903,0.012747061,700453
20100317,13:00:00.000,BBG000BH5DV1,-0.0016420126,0.0033197554,1406557
20100317,13:00:00.000,BBG000BMKDM3,-0.0037925856,-0.0023656287,903959
20100317,13:00:00.000,BBG000C75N77,-0.004890234,0.0068959394,1710197
20100317,13:00:00.000,BBG000BKXFN7,-0.010708449,-0.004709291,2943797
20100317,13:00:00.000,BBG000BTCH57,-0.0009038733,0.0057858326,681749
20100317,13:00:00.000,BBG000BM7HL0,-0.00031358097,0.011778593,1564080
20100317,13:00:00.000,BBG000BNFLM9,-0.005863817,0.0044431086,1501546
20100317,13:00:00.000,BBG000BBVCN6,0.0031496983,0.002488968,365617
20100317,13:00:00.000,BBG000LD9JQ8,-0.012014001,-0.004890252,2185710
20100317,13:00:00.000,BBG000MDCQC2,-0.005166483,-0.0031730633,1350135
20100317,13:00:00.000,BBG000BLBXT4,-0.009989179,-0.006826137,1387910
20100317,13:00:00.000,BBG000BDXGP9,0.0052817636,0.005077383,1173737
20100317,13:00:00.000,BBG000BR3KL6,0.0069530946,0.013576878,703909
20100317,13:00:00.000,BBG000BX9WL1,0.03686755,0.05677011,6522754
20100317,13:00:00.000,BBG000BQ74K1,0.0033438979,0.014517474,553249
20100317,13:00:00.000,BBG000BWSV34,0.0003418118,0.0036324882,516821
20100317,13:00:00.000,BBG000BQZMH4,-0.009870172,-0.0077127554,1493984
20100317,13:00:00.000,GEN_EQ0010066700001000,-0.0071916636,-0.005624186,889825
20100317,13:00:00.000,BBG000BQVTF5,-0.00017939098,0.010303074,1273179
20100317,13:00:00.000,BBG000LC1FS4,0.01356006,0.025317872,961564
20100317,13:00:00.000,GEN_EQ0010050500001000,-0.011093221,-0.0008934074,4404538
20100317,13:00:00.000,BBG000G3QLY3,0.013174832,0.019799456,615113
20100317,13:00:00.000,BBG000QBR5J5,-0.016512064,-0.0045773834,5685439
20100317,13:00:00.000,BBG000BTQR96,0.0054238853,0.010476825,1164332
20100317,13:00:00.000,GEN_EQ0012661800001000,-0.014218369,-0.013238147,1215426
20100317,13:00:00.000,BBG000CKJ0P3,0.0014870691,-0.0001869172,474799
20100317,13:00:00.000,BBG000HGYNZ9,-0.0021221617,0.006046215,2488924
20100317,13:00:00.000,BBG000BV7LP7,0.0035438095,0.010389913,1686219
20100317,13:00:00.000,BBG000BBVK30,-0.002233774,-0.006208727,6465167
20100317,13:00:00.000,BBG000BFXHL6,-0.011905219,-0.010160176,1931771
20100317,13:00:00.000,BBG000BGLRN3,0.0046657743,0.006317409,1143191
20100317,13:00:00.000,BBG000C2V3D6,-0.007972085,0.00448849,1099855
20100317,13:00:00.000,BBG000BGVW60,0.010274266,0.009522752,2514654
20100317,13:00:00.000,BBG000BTVJ25,0.0068010325,0.013969034,1988605
20100317,13:00:00.000,GEN_EQ0010020500001000,0.0045223595,0.017388858,1841685
20100317,13:00:00.000,BBG000BHQ1H0,0.010222335,0.009055783,434583
20100317,13:00:00.000,BBG000BNC3Y9,0.04852691,0.07134047,5231319
20100317,13:00:00.000,BBG000BVVQQ8,-0.006585676,0.0074482597,1499786
20100317,13:00:00.000,GEN_EQ0010281900001000,-0.0019843918,-0.0021181407,589301
20100317,13:00:00.000,BBG000C1FB75,-0.004597569,0.0100299725,235717
20100317,13:00:00.000,BBG000BFTJ91,0.009065172,0.009590002,3092576
20100317,13:00:00.000,BBG000C1FQS9,-0.009165821,-0.005168783,563391
20100317,13:00:00.000,BBG000BSBZH7,-0.00022532664,-0.0036897184,990769
20100317,13:00:00.000,BBG000F15NW9,-0.017176488,-0.01721134,2618747
20100317,13:00:00.000,BBG000BPT0C6,0.016873062,0.023437966,1084702
20100317,13:00:00.000,GEN_EQ0010145600001000,0.0014506734,-0.0018423375,883526
20100317,13:00:00.000,BBG000H89QJ6,0.00615329,0.0061809975,939664
20100317,13:00:00.000,BBG000BR14K5,0.0023570214,0.012690811,1047571
20100317,13:00:00.000,BBG000BP6L99,0.004033706,0.008984655,14849452
20100317,13:00:00.000,BBG000BQWPC5,0.0027413566,0.0017342354,602063
20100317,13:00:00.000,BBG000BNNYW1,0.00097134867,0.003890749,738549
20100317,13:00:00.000,BBG000BJ3PD2,0.005686381,0.011530658,556687
20100317,13:00:00.000,BBG000PVRDL2,0.026002148,0.03784284,4551708
20100317,13:00:00.000,BBG000C2ZCH8,-0.0010643029,-0.0022859627,552179
20100317,13:00:00.000,BBG000TK7PB8,0.023209134,0.042333458,4292588
20100317,13:00:00.000,BBG000BB6M98,-0.005147657,-0.0015111401,963085
20100317,13:00:00.000,BBG000HW5GX3,0.0054126373,0.012003814,817160
20100317,13:00:00.000,BBG000BLKK03,0.0050255363,0.0053488524,919317
20100317,13:00:00.000,BBG000BCZYD3,0.0033488732,0.0031652788,343045
20100317,13:00:00.000,BBG000CSY9H9,-0.01212124,-0.0046346765,782051
20100317,13:00:00.000,BBG000BB9KF2,-0.0017841874,0.00043165238,718855
20100317,13:00:00.000,BBG000BMQPL1,0.015233528,0.031188997,9281390
20100317,13:00:00.000,BBG000BMTFR4,-0.006379886,0.00603041,1764374
20100317,13:00:00.000,BBG000H9G7X2,0.008592144,0.009560325,900665
20100317,13:00:00.000,BBG000BCNYT9,0.0030977638,0.008005614,1166334
20100317,13:00:00.000,BBG000C0MF34,-0.0069510033,-0.0019978154,489506
20100317,13:00:00.000,BBG000BN2DC2,-0.0046509444,0.005214257,573821
20100317,13:00:00.000,BBG000BN9WT5,-0.0011834227,0.014220832,3739054
20100317,13:00:00.000,BBG000BQ5DS5,0.0034541693,0.0034451233,774264
20100317,13:00:00.000,BBG000BCGY17,-0.005293162,-0.0037024412,773068
20100317,13:00:00.000,BBG000BB6G37,-0.0027686828,0.0123268645,1847312
20100317,13:00:00.000,BBG000CHPY97,-0.03127691,-0.025969978,3668917
20100317,13:00:00.000,BBG000TWC2V5,0.0026771536,0.00068451586,1051881
20100317,13:00:00.000,GEN_EQ0117562400001000,-0.0012039716,3.9451132e-07,7935175
20100317,13:00:00.000,BBG000BP0KQ8,0.0073734545,0.017871168,3108600
20100317,13:00:00.000,BBG000BB5373,0.019072179,0.031495254,5123363
20100317,13:00:00.000,BBG000BM6788,-0.012937395,-0.005877584,1687068
20100317,13:00:00.000,BBG000BH3JF8,-0.0097704725,-0.006987109,1056898
20100317,13:00:00.000,GEN_EQ0085215200001000,0.002638893,0.01095827,3496288
20100317,13:00:00.000,BBG000BQ2C28,0.00059496635,0.0050276504,579242
20100317,13:00:00.000,BBG000BX5ZF5,-0.023750175,-0.0128774475,9991807
20100317,13:00:00.000,BBG000BMDV41,0.010529094,0.014202243,1204925
20100317,13:00:00.000,GEN_EQ0010319800003000,-0.012957982,-0.018960787,2610641
20100317,13:00:00.000,BBG000BG14P4,0.00096989144,0.009447664,690983
20100317,13:00:00.000,BBG000GC80B4,,,1740794
20100317,13:00:00.000,BBG000BB2DM7,-0.0058913967,0.0060556573,4666727
20100317,13:00:00.000,BBG000BWJFZ4,-0.005347268,-0.005074751,1038533
20100317,13:00:00.000,BBG000BHGDH5,-0.00020147288,-3.6509405e-08,3263138
20100317,13:00:00.000,BBG000BZ2GG4,-0.0046537663,0.0069295783,1868621
20100317,13:00:00.000,BBG000D898T9,0.0020922318,0.0036834667,1138771
20100317,13:00:00.000,BBG000BMF5J0,-0.007070346,-0.0021156303,1297823
20100317,13:00:00.000,BBG000BKLH74,-0.005408562,-0.007730209,3631864
20100317,13:00:00.000,BBG000BGPTV6,-0.011010732,-0.00074061734,1562185
20100317,13:00:00.000,BBG000BH3GZ2,0.009528124,0.018333882,2630536
20100317,13:00:00.000,BBG000BVWLJ6,-0.0065773227,0.00134213,1360830
20100317,13:00:00.000,BBG000C496P7,-0.018285945,-0.010159483,4335886
20100317,13:00:00.000,BBG000JG0547,0.005001224,0.010511231,1245370
20100317,13:00:00.000,BBG000DYGNW7,0.0071255635,0.008562519,577610
20100317,13:00:00.000,BBG000BNJHS8,-0.0033384832,-0.0075900215,4098444
20100317,13:00:00.000,BBG000BPQD31,0.00358599,0.0045279614,1402470
20100317,13:00:00.000,BBG000BT9DW0,0.0023753336,0.002408167,1346455
20100317,13:00:00.000,BBG000BB2KW0,-0.011587906,-0.011054389,638275
20100317,13:00:00.000,BBG000BK67C7,0.009106069,0.009832969,829668
20100317,13:00:00.000,BBG000DHSPT0,-0.009404504,-0.005907078,952889
20100317,13:00:00.000,BBG000BFMBQ6,-0.0020908697,-0.0038608308,1029416
20100317,13:00:00.000,BBG000B9WJ73,0.010197931,0.028061716,4925660
20100317,13:00:00.000,BBG000FVXD63,-0.012364067,-0.003952887,1626477
20100317,13:00:00.000,BBG000B9XYV2,-0.0076149106,-0.0059839897,1716302
20100317,13:00:00.000,BBG000BMBL90,0.0072964756,0.012437464,2109866
20100317,13:00:00.000,BBG000BB1TH9,-0.0023229835,0.0112272175,698261
20100317,13:00:00.000,BBG000BVMGF2,-0.0025346954,0.012252154,2906022
20100317,13:00:00.000,BBG000BSD7C2,-0.0019842375,-0.00044012628,642739
20100317,13:00:00.000,BBG000J5Q6L2,-0.023667717,-0.0024141776,4666927
20100317,13:00:00.000,BBG000BC4JJ4,-0.010772702,-0.007615378,786575
20100317,13:00:00.000,BBG000BM5SR2,0.027240911,0.058371663,7860728
20100317,13:00:00.000,BBG000BJPDZ1,0.004554636,0.0040771198,218452
20100317,13:00:00.000,BBG000BZTW70,-0.014228505,-0.0088474145,3044504
20100317,13:00:00.000,BBG000C5HS04,0.00024892413,0.0022727498,1066884
20100317,13:00:00.000,BBG000M65M61,-0.030721039,-0.03071641,6938727
20100317,13:00:00.000,BBG000BY29C7,0.0029033292,0.008460409,938886
20100317,13:00:00.000,BBG000BB6WG8,0.0065342863,0.012246414,2396628
20100317,13:00:00.000,GEN_EQ0010172300001000,-0.006251111,-0.0069788694,666475
20100317,13:00:00.000,BBG000C2BXK4,-0.0053254683,0.006511903,21220564
20100317,13:00:00.000,BBG000BBBNC6,-0.004268876,0.020196749,1166051
20100317,13:00:00.000,BBG000PM7GJ0,0.030091153,0.04659013,2366474
20100317,13:00:00.000,BBG000Q3JN03,0.0051603913,0.023984116,15727841
20100317,13:00:00.000,BBG000C0LW92,-0.022276396,-0.015525813,31502740
20100317,13:00:00.000,BBG000BF1R66,0.009029167,0.018276896,1130188
20100317,13:00:00.000,BBG000NSQ9M0,-0.01579974,-0.003920156,5790184
20100317,13:00:00.000,BBG000FQ6PY6,-0.042460836,-0.03810784,10596512
20100317,13:00:00.000,BBG000BWVCP8,-0.019148797,-0.005190534,3191687
20100317,13:00:00.000,BBG000BJSBJ0,-0.0022027697,0.0005219719,633675
20100317,13:00:00.000,BBG000BLM0V1,,,909196
20100317,13:00:00.000,BBG000BMY992,0.0004997525,0.006279635,3281370
20100317,13:00:00.000,BBG000BVDLH9,0.0067366264,0.00848352,1433227
20100317,13:00:00.000,BBG000C0F570,0.0036015764,0.017449396,2848228
20100317,13:00:00.000,BBG000BBQCY0,0.017622106,0.030899966,13433659
20100317,13:00:00.000,GEN_EQ0000000001064567,0.004961646,0.018042017,929175
20100317,13:00:00.000,BBG000BKCFC2,-0.0031098423,-0.0031386453,716442
20100317,13:00:00.000,BBG000CGQ6M4,0.009666795,0.009992493,711100
20100317,13:00:00.000,BBG000C17X76,-0.0046932693,-0.0053565744,753986
20100317,13:00:00.000,BBG000DTMH63,,,2077370
20100317,13:00:00.000,BBG000R7Z112,0.0014689063,0.0023118106,4293152
20100317,13:00:00.000,BBG000BBMSJ6,-0.0057160226,0.00826324,3694667
20100317,13:00:00.000,BBG000BY33P5,0.00023136433,0.006912879,1899347
20100317,13:00:00.000,BBG000BV8DN6,0.0019525945,-0.0005786867,1196258
20100317,13:00:00.000,GEN_EQ0010135600001000,0.007938757,0.020737128,3183311
20100317,13:00:00.000,BBG000JN8R00,0.0050790613,0.018096656,958417
20100317,13:00:00.000,BBG000K14Q84,-0.015728243,-0.0013836798,1292293
20100317,13:00:00.000,BBG000BBDV81,-0.00071998907,0.011903945,919951
20100317,13:00:00.000,BBG000BMW2Z0,0.006048321,0.007106892,1419940
20100317,13:00:00.000,BBG000DLVDK3,-0.00012832796,0.01028337,1471107
20100317,13:00:00.000,BBG000CKVSG8,-0.00030637693,0.013750704,2423639
20100317,13:00:00.000,BBG000G0Z878,0.030154388,0.051018257,11585810
20100317,13:00:00.000,BBG000BGJRC8,0.00046558067,0.00038830843,875588
20100317,13:00:00.000,BBG000BL8GJ6,-0.009799669,0.0027769231,4595818
20100317,13:00:00.000,BBG000HCJMF9,-0.003889304,0.015598889,1483039
20100317,13:00:00.000,BBG000BB6KF5,0.0013381277,0.018040383,2823812
20100317,13:00:00.000,BBG000BYYLS8,-0.0010558927,0.009498181,2642813
20100317,13:00:00.000,BBG000FJLFX8,-0.00056239025,-0.0009382502,2159222
20100317,13:00:00.000,BBG000D9D830,0.011855479,0.021901824,2192466
20100317,13:00:00.000,BBG000BHX7N2,-0.0013524372,0.004927735,1048605
20100317,13:00:00.000,BBG000CTQBF3,-0.008320807,0.004353039,3657718
20100317,13:00:00.000,BBG000BBD070,0.004284257,0.018970272,1359167
20100317,13:00:00.000,BBG000BH2JM1,-0.015171423,-0.008683418,7758763
20100317,13:00:00.000,BBG000CS7CT9,0.0026366336,0.0041808058,1551054
20100317,13:00:00.000,BBG000BFL116,-0.013957853,-0.004813243,489510
20100317,13:00:00.000,BBG000BFC8J2,0.013215388,0.012415805,1523019
20100317,13:00:00.000,BBG000C15T95,-0.004595735,-0.006924175,666986
20100317,13:00:00.000,BBG000FP1N32,-0.006972914,0.0037687942,2107929
20100317,13:00:00.000,BBG000JWD753,-0.014848376,-0.004487867,24444796
20100317,13:00:00.000,BBG000BWNFZ9,0.009548968,0.02125125,4081533
20100317,13:00:00.000,BBG000BSLZY7,-0.013740804,-0.0021662319,5979881
20100317,13:00:00.000,BBG000BCBCM7,-0.00082374533,-0.00042207688,3297576
20100317,13:00:00.000,BBG000BBGGQ1,-0.003272546,0.0077804057,5777802
20100317,13:00:00.000,BBG000BCWCG1,-0.0031319202,0.005562036,2275237
20100317,13:00:00.000,BBG000BLBVN4,-0.00016797755,0.008770659,526368
20100317,13:00:00.000,BBG000C46HM9,-0.0144963525,-0.012924233,3894335
20100317,13:00:00.000,BBG000BTKGG8,0.014601765,0.03107271,3580620
20100317,13:00:00.000,GEN_EQ0010059600001000,0.056370854,0.07412989,6799434
20100317,13:00:00.000,BBG000C8H633,0.005177158,0.0176795,3135432
20100317,13:00:00.000,BBG000BTR593,0.0016942271,0.007749102,2638444
20100317,13:00:00.000,GEN_EQ0000000000158587,0.0063079824,0.008117789,1071660
20100317,13:00:00.000,BBG000F6H8W8,-0.0017787969,0.0048437985,1376282
20100317,13:00:00.000,BBG000BFQYY3,-0.004805892,-0.004019697,1367328
20100317,13:00:00.000,BBG000BNBDC2,0.0016460888,-0.0002760293,2881754
20100317,13:00:00.000,BBG000BSJTT0,0.0013108662,0.015646093,2465419
20100317,13:00:00.000,BBG000BJL3N0,-0.0028568928,0.010428673,7163924
20100317,13:00:00.000,BBG000BYWTX7,-0.011701306,0.0019592158,8586315
20100317,13:00:00.000,BBG000BD8PN9,0.0015737294,0.011575417,2622578
20100317,13:00:00.000,BBG000BHLYP4,-0.0043819374,0.00642672,135475
20100317,13:00:00.000,BBG000C1BW00,0.0008940666,0.0024231903,1013898
20100317,13:00:00.000,BBG000J6XT05,-0.0059030056,-0.00044029727,1651616
20100317,13:00:00.000,BBG000BJX8C8,0.00421533,0.02017921,2046495
20100317,13:00:00.000,BBG000BCVJ77,0.0069782804,0.0051658903,1225705
20100317,13:00:00.000,BBG000BZ9223,-0.008551508,-0.00461017,1357250
20100317,13:00:00.000,BBG000H556T9,-0.0080631655,-0.002558603,2243029
20100317,13:00:00.000,BBG000BJF1Z8,0.0057509444,0.011225053,1977609
20100317,13:00:00.000,BBG000BB5006,0.010450445,0.01713587,5171105
20100317,13:00:00.000,BBG000F0KF42,,,7215015
20100317,13:00:00.000,BBG000BKFBD7,0.002174021,0.019081404,2275517
20100317,13:00:00.000,BBG000BFDXW1,-0.007880565,0.00432861,1821246
20100317,13:00:00.000,BBG000BW3299,0.00081250764,-0.0014303153,2011843
20100317,13:00:00.000,BBG000F0PF65,0.0004965872,0.0064391964,2410813
20100317,13:00:00.000,BBG000BNWG87,-0.006568317,-0.0066510523,2798809
20100317,13:00:00.000,BBG000BH13K9,0.0053129126,0.009185771,2628256
20100317,13:00:00.000,BBG000BH1NH9,0.0055199484,0.013909668,1736008
20100317,13:00:00.000,BBG000DY8ZS4,-0.01476145,-1.9708172e-07,7888889
20100317,13:00:00.000,BBG000BP8Z50,-0.028162032,-0.017627526,12613582
20100317,13:00:00.000,BBG000BJ81C1,0.0010448551,0.008323302,1877974
20100317,13:00:00.000,BBG000BBVJZ8,-0.0101772845,-0.0058302875,4259957
20100317,13:00:00.000,BBG000BQ8KV2,-0.019052867,-0.011499324,3959131
20100317,13:00:00.000,BBG000BGKTF9,-0.018063536,-0.00074280443,2733984
20100317,13:00:00.000,BBG000BFRF55,-0.0023725815,0.010566678,2915286
20100317,13:00:00.000,BBG000BRK7L6,0.01456674,0.026856543,7154063
20100317,13:00:00.000,BBG000BWLMJ4,-0.0051069735,0.002897497,2473180
20100317,13:00:00.000,BBG000BD4VG8,0.005262714,0.019696204,2085716
20100317,13:00:00.000,BBG000FW00S1,0.011407463,0.027865993,4208308
20100317,13:00:00.000,BBG000BBJQV0,0.0035891372,0.01914907,8658586
20100317,13:00:00.000,BBG000C5Z1S3,-0.0010232023,0.018599812,12756886
20100317,13:00:00.000,BBG000BC40Y8,0.015106145,0.022477193,2490869
20100317,13:00:00.000,BBG000DWYF03,-0.0069162543,-0.0028524227,7431827
20100317,13:00:00.000,BBG000BRD0D8,0.00821875,0.021340009,2794268
20100317,13:00:00.000,BBG000H8TVT2,-0.006144659,-0.0071107084,1374921
20100317,13:00:00.000,BBG000BP6LJ8,-0.0034310105,-0.004424018,4962738
20100317,13:00:00.000,BBG000BKFZM4,0.022767304,0.030294802,12293373
20100317,13:00:00.000,BBG000BHBK84,-0.004785318,0.001640125,4207566
20100317,13:00:00.000,BBG000FG3C43,-0.017878855,-0.0051683793,3615257
20100317,13:00:00.000,BBG000BH23R1,0.022118181,0.032832976,18999782
20100317,13:00:00.000,BBG000F1ZSQ2,-0.019123487,-0.008175966,534380
20100317,13:00:00.000,BBG000GFFQN9,-0.0023032273,0.010998545,7164581
20100317,13:00:00.000,BBG000BNDN65,0.0005261004,0.006790243,5921830
20100317,13:00:00.000,BBG000C43RR5,0.0033867953,0.015301465,7934724
20100317,13:00:00.000,BBG000BP52R2,-0.003051645,0.0022044864,1922995
20100317,13:00:00.000,BBG000BBPFB9,0.0018673129,0.012043263,17312196
20100317,13:00:00.000,BBG000BC2C10,0.008209448,0.013528217,1155078
20100317,13:00:00.000,BBG000BFT2L4,0.008036489,0.007998041,6441456
20100317,13:00:00.000,BBG000L9CV04,0.004941769,0.008487641,2342218
20100317,13:00:00.000,BBG000FL1TC8,-0.0050079077,-0.007062657,3233134
20100317,13:00:00.000,BBG000FFDM15,-0.012024434,-0.000766312,4987020
20100317,13:00:00.000,BBG000BH4R78,-0.0038619617,-0.003853934,3394246
20100317,13:00:00.000,BBG000B9ZXB4,0.00045713756,-0.0042049075,3387394
20100317,13:00:00.000,BBG000BGRY34,0.0042828256,0.008299044,3255347
20100317,13:00:00.000,BBG000G2R6M0,-0.0064057293,0.003995168,4382529
20100317,13:00:00.000,BBG000BCSST7,0.0059204954,0.005382354,3093291
20100317,13:00:00.000,BBG000BVV7G1,-0.0037723018,0.01013623,6396990
20100317,13:00:00.000,BBG000BW8S60,-0.003981598,-0.0031759457,1937113
20100317,13:00:00.000,BBG000BL4504,-0.0145645505,-0.0059024226,7641836
20100317,13:00:00.000,BBG000DQLV23,-0.002549687,-0.0073092342,6394643
20100317,13:00:00.000,BBG000BBS2Y0,-0.0031840468,-0.0070513813,2274225
20100317,13:00:00.000,BBG000BHVJJ3,-0.0113120135,-0.0037279099,11526494
20100317,13:00:00.000,BBG000J2XL74,0.003857705,0.0068298727,2441258
20100317,13:00:00.000,BBG000CH5208,-0.008199086,-0.008770708,6314543
20100317,13:00:00.000,BBG000BCQZS4,-0.0052121747,0.0041561727,3717450
20100317,13:00:00.000,BBG000BFWKC0,0.01089891,0.008257665,4040805
20100317,13:00:00.000,BBG000BCG930,0.003091885,-0.0008874261,3777587
20100317,13:00:00.000,BBG000PSKYX7,-0.002807862,0.0052962326,1705909
20100317,13:00:00.000,BBG000BPWXK1,-0.002657753,0.008085714,3365088
20100317,13:00:00.000,BBG000BWXBC2,-0.00513685,-0.0026777734,6318359
20100317,13:00:00.000,BBG000BQQ2S6,0.006090481,0.011353496,2158603
20100317,13:00:00.000,BBG000BH5LT6,-0.0005686706,0.0006366677,3074247
20100317,13:00:00.000,BBG000DWG505,-0.0007809974,-0.0009731885,1855350
20100317,13:00:00.000,BBG000BF0K17,-0.0016700252,0.006895771,2772479
20100317,13:00:00.000,BBG000BKTFN2,0.019919721,0.03153067,7939829
20100317,13:00:00.000,BBG000BB07P9,6.5004456e-06,0.009235208,4875042
20100317,13:00:00.000,BBG000BNSZP1,-0.0044007013,0.0007576588,2192070
20100317,13:00:00.000,BBG000BKZB36,-0.0058748405,-0.0012293996,5822483
20100317,13:00:00.000,BBG000CKGBP2,-0.003419434,-0.0075825215,3567719
20100317,13:00:00.000,BBG000DH7JK6,0.0018414702,0.002572729,2836681
20100317,13:00:00.000,BBG000D4LWF6,-0.0005536454,-0.0013470555,5388396
20100317,13:00:00.000,BBG000BQQH30,0.008604967,0.014563616,5667168
20100317,13:00:00.000,BBG000B9WH86,0.037475154,0.05110399,41425472
20100317,13:00:00.000,BBG000BQLTW7,0.00968398,0.012295131,15772775
20100317,13:00:00.000,BBG000HS77T5,0.0061940723,0.0066813054,7792635
20100317,13:00:00.000,GEN_EQ0011904200001000,0.010807733,0.014340785,10089560
20100317,13:00:00.000,BBG000BLZRJ2,-0.0068545453,0.0049507027,6645077
20100317,13:00:00.000,BBG000BMX289,0.002520682,0.0032590185,4429153
20100317,13:00:00.000,BBG000BPD168,-0.0016497305,-0.0068537407,4799957
20100317,13:00:00.000,BBG000BT41Q8,0.010632237,0.02082639,6799755
20100317,13:00:00.000,BBG000BMHYD1,0.0065439823,0.0029457747,3911342
20100317,13:00:00.000,BBG000BR2TH3,0.005167055,0.0055086757,3890807
20100317,13:00:00.000,BBG000KHWT55,-0.0013245754,0.0057297554,6682246
20100317,13:00:00.000,BBG000BTZQC4,-0.010253963,-0.010566675,3268523
20100317,13:00:00.000,BBG000BSJK37,0.0019651917,0.001160825,9631349
20100317,13:00:00.000,BBG000BLNNH6,-0.0052766716,0.00031075047,2575313
20100317,13:00:00.000,BBG000K4ND22,0.0042742384,0.011082185,5396925
20100317,13:00:00.000,BBG000BX3TD3,-0.012330636,-0.00079999433,7361488
20100317,13:00:00.000,BBG000CR90K4,-0.0021673876,-0.0017306188,4225844
20100317,13:00:00.000,BBG000BVPV84,0.00071965455,0.0061471737,2045737
20100317,13:00:00.000,BBG000CGC1X8,-0.008533743,-0.004617078,11965223
20100317,13:00:00.000,BBG000BR2B91,-6.804085e-05,-0.002316912,28543234
20100317,13:00:00.000,BBG000BQPC32,0.016462503,0.015572625,44637424
20100317,13:00:00.000,BBG000BK6MB5,-0.0023851285,0.0060858987,94493744
20100317,13:00:00.000,BBG000C3J3C9,0.005132238,0.006881781,16753667
20100317,13:00:00.000,BBG000C0G1D1,-0.003074033,0.007270351,44134172
20100317,13:00:00.000,BBG000BWQFY7,-0.00392931,0.005943717,14063513
20100317,13:00:00.000,BBG000BJDB15,-0.0070845378,0.004503739,5710611
20100317,13:00:00.000,BBG000BPH459,0.007163611,0.011914031,25811624
20100317,13:00:00.000,BBG000C6CFJ5,-0.00029027453,0.006217531,3986398
20100317,13:00:00.000,BBG000DMBXR2,0.0070933853,0.016660566,18170624
20100317,13:00:00.000,BBG000BHSKN9,-0.0015783809,0.007775729,1311791
20100317,13:00:00.000,BBG000GZQ728,0.0038424511,0.014109131,17354348
20100317,13:00:00.000,BBG000BCTLF6,-0.0035911226,0.009974357,61669768
20100317,13:00:00.000,BBG000B9XRY4,0.00036967773,0.005967779,6504534
20100317,13:15:00.000,GEN_EQ0021071400001000,-0.024252543,-0.013290171,1446360
20100317,13:15:00.000,GEN_EQ0096849600001000,-0.012618008,0.007953358,566203
20100317,13:15:00.000,BBG000BJ49H3,-0.0048956266,-0.00067243434,537715
20100317,13:15:00.000,BBG000BMFD58,-0.0047251876,0.005320496,5186509
20100317,13:15:00.000,BBG000BFVXX0,-0.0070815794,-0.0044432576,1039051
20100317,13:15:00.000,BBG000CHWP52,-0.003472397,0.00185013,570504
20100317,13:15:00.000,BBG000BT9T73,0.07225771,0.09286314,27842552
20100317,13:15:00.000,BBG000BCQ4P6,0.0063157105,0.0143880695,677811
20100317,13:15:00.000,BBG000BMLWX8,0.011203689,0.009109231,1585967
20100317,13:15:00.000,BBG000BP7JB0,-0.010430286,0.0017580433,1967084
20100317,13:15:00.000,BBG000BNW1S8,-0.0122568,0.0035028222,748734
20100317,13:15:00.000,BBG000MQ1SN9,0.0031491125,0.0043883314,547418
20100317,13:15:00.000,BBG000BVB8Q0,-0.013694746,-0.0054603214,1166790
20100317,13:15:00.000,BBG000BSC0K9,-0.0042874636,-0.0024675077,383322
20100317,13:15:00.000,BBG000C7LMS8,0.008914405,0.0149799315,284035
20100317,13:15:00.000,BBG000BB5792,0.0055380017,0.014957183,1051830
20100317,13:15:00.000,BBG000BFDLV8,0.018211013,0.02547185,326544
20100317,13:15:00.000,BBG000BTLMX5,0.003575408,0.01184983,556072
20100317,13:15:00.000,BBG000CQB185,0.023906777,0.03592225,920162
20100317,13:15:00.000,BBG000BKVJK4,0.007273151,0.008589493,545742
20100317,13:15:00.000,BBG000BQC9V2,0.012641046,0.0193492,3311606
20100317,13:15:00.000,BBG000CC53X1,0.0115998145,0.02131681,699627
20100317,13:15:00.000,BBG000C45984,-0.0032434473,0.0047873193,713010
20100317,13:15:00.000,BBG000BJNGN9,0.0008992561,0.014128514,1653773
20100317,13:15:00.000,BBG000FQRVM3,0.003369715,0.0050699683,403971
20100317,13:15:00.000,BBG000D2M0Z7,-0.007225779,0.0011003364,344515
20100317,13:15:00.000,BBG000K82ZT8,-0.0098912325,-0.0041997293,667408
20100317,13:15:00.000,BBG000BF5RY1,0.00222004,0.003659825,4267510
20100317,13:15:00.000,BBG000BNMHS4,-0.002109146,0.00877551,510791
20100317,13:15:00.000,BBG000CPHYL4,-0.0054284013,-0.0017470111,5530995
20100317,13:15:00.000,GEN_EQ0000000000852052,0.005563699,0.022659536,704242
20100317,13:15:00.000,BBG000BCHG15,0.018783411,0.027568098,390675
20100317,13:15:00.000,BBG000BNNKG9,0.011484867,0.021547724,1596006
20100317,13:15:00.000,BBG000DR22B6,-0.018941151,-0.006961612,1503198
20100317,13:15:00.000,BBG000BHK836,-0.0077980524,0.004106811,850637
20100317,13:15:00.000,BBG000BV4DR6,0.0059122397,0.024470475,2438707
20100317,13:15:00.000,BBG000BC9938,-0.017319875,-0.0072169197,546361
20100317,13:15:00.000,BBG000DSMS70,-0.007212017,-0.005482834,332902
20100317,13:15:00.000,BBG000BWCKB6,0.0028052132,0.0069502373,331047
20100317,13:15:00.000,BBG000BP5YT0,-0.00756366,0.011741662,3544937
20100317,13:15:00.000,BBG000BGYWY6,-0.0005627224,0.00839427,769719
20100317,13:15:00.000,GEN_EQ0010580600001000,0.006537872,0.016924594,960032
20100317,13:15:00.000,BBG000BFJ645,0.01514076,0.015377512,1933121
20100317,13:15:00.000,BBG000PV2L86,0.006403933,0.007895855,1248074
20100317,13:15:00.000,BBG000BXBHJ4,-0.011501802,-0.002027574,512718
20100317,13:15:00.000,BBG000BB29X4,-0.002138899,0.00010928567,650932
20100317,13:15:00.000,BBG000BBBP59,0.0009547523,0.008352677,305619
20100317,13:15:00.000,BBG000BVHBM1,0.0030807501,-1.4032206e-06,1423005
20100317,13:15:00.000,BBG000BWGYF8,0.035473816,0.071382746,2259028
20100317,13:15:00.000,BBG000BBL8V7,0.0119956415,0.026200147,1717602
20100317,13:15:00.000,BBG000BPNP00,-0.0034521362,0.01542028,779363
20100317,13:15:00.000,BBG000RGM5P1,,,846518
20100317,13:15:00.000,BBG000FKYVH4,0.004544902,0.014183744,451809
20100317,13:15:00.000,BBG000BGXZB5,0.0071696686,0.0047382913,2460827
20100317,13:15:00.000,BBG000BTQ9G8,0.0009561169,0.006922197,1281632
20100317,13:15:00.000,BBG000BCTQ65,0.0069088554,0.0065742685,782437
20100317,13:15:00.000,BBG000BK2F42,0.008712696,0.018711602,1206298
20100317,13:15:00.000,BBG000F7RCJ1,-0.00770541,0.002009348,477093
20100317,13:15:00.000,BBG000C2YHG9,-0.0029743353,-0.0018571365,878157
20100317,13:15:00.000,BBG000BRJL00,-0.00017906803,0.006225991,1121817
20100317,13:15:00.000,BBG000BQT4L6,-0.0036077804,0.00514316,1523756
20100317,13:15:00.000,BBG000FDBX90,-0.0010407296,0.00069169357,1021525
20100317,13:15:00.000,BBG000BKR1D6,-0.0051615927,0.0058455616,276642
20100317,13:15:00.000,GEN_EQ0010003600001000,-0.0037867688,0.0021220234,841866
20100317,13:15:00.000,BBG000BPXVJ6,-0.0023106486,-0.00069243356,1289931
20100317,13:15:00.000,BBG000BN84F3,0.008296,0.010794552,572748
20100317,13:15:00.000,BBG000DSZTN6,0.012390938,0.025828734,1079328
20100317,13:15:00.000,BBG000BBCDZ2,-0.004972735,0.0036132664,407363
20100317,13:15:00.000,BBG000PQ6YJ3,-0.015390419,-0.0052767354,191558
20100317,13:15:00.000,BBG000HQ7GC7,-0.0117067145,0.0013617121,1032595
20100317,13:15:00.000,BBG000BC15S7,-0.004176162,0.0044185924,518120
20100317,13:15:00.000,BBG000PX3XC0,-0.0011734748,0.012027306,384610
20100317,13:15:00.000,BBG000BSXQV7,0.005494309,0.012682427,349127
20100317,13:15:00.000,BBG000BP1Q11,0.0028114733,0.006081825,409556
20100317,13:15:00.000,GEN_EQ0010206100001000,-0.019073054,-0.020537585,4218445
20100317,13:15:00.000,BBG000C3GN47,0.0041963947,0.013728616,616478
20100317,13:15:00.000,BBG000BN7277,-0.003808053,0.008838574,1460274
20100317,13:15:00.000,BBG000C3NTN5,0.0008967741,0.0020862492,1337755
20100317,13:15:00.000,BBG000DWB323,-0.0015223556,0.013336979,1940361
20100317,13:15:00.000,BBG000BR1W32,-0.005814789,0.009641048,820922
20100317,13:15:00.000,BBG000BF2KK4,-0.0041309088,0.0040128045,980602
20100317,13:15:00.000,BBG000BNBPQ0,0.011274016,0.030698977,991302
20100317,13:15:00.000,BBG000BWXL85,0.0015292353,0.0076820133,876343
20100317,13:15:00.000,GEN_EQ0010624300001000,0.0069289017,0.007906187,1158116
20100317,13:15:00.000,BBG000JBN3X6,-0.0062950198,-0.011605802,3269806
20100317,13:15:00.000,BBG000BFNR17,-0.004699315,0.0085935965,966947
20100317,13:15:00.000,BBG000CXYSZ6,0.027359704,0.031502124,598876
20100317,13:15:00.000,BBG000FV1Z23,-0.015913224,-0.013312028,1307123
20100317,13:15:00.000,GEN_EQ0010548100001000,0.032407083,0.051346287,5022610
20100317,13:15:00.000,GEN_EQ0010141600001000,0.0036157705,0.016688664,1228972
20100317,13:15:00.000,BBG000BW2QX0,0.0032743174,0.020251598,2370379
20100317,13:15:00.000,BBG000C1S2X2,-0.011412215,-0.015326941,640589
20100317,13:15:00.000,BBG000BVXPZ8,0.011565259,0.020195767,2115249
20100317,13:15:00.000,BBG000B9ZV28,0.007464758,0.015269305,241894
20100317,13:15:00.000,BBG000CPQZ77,-0.0063694553,0.004351972,854103
20100317,13:15:00.000,BBG000BGD7W6,-0.0045145405,-0.0013902342,1514914
20100317,13:15:00.000,GEN_EQ0010168800001000,-0.012218025,-0.007797116,17062416
20100317,13:15:00.000,BBG000D9KWL9,-0.0023440432,0.010071128,233639
20100317,13:15:00.000,BBG000BR37X2,0.018232698,0.03051489,4106827
20100317,13:15:00.000,BBG000BR54L0,-0.0016740938,0.0026323013,2591255
20100317,13:15:00.000,BBG000BLHRS2,-0.012416716,-0.008850754,798004
20100317,13:15:00.000,BBG000BX3BL3,-0.011814233,0.010746683,580243
20100317,13:15:00.000,BBG000BL5W86,6.223437e-05,0.022628194,5906771
20100317,13:15:00.000,BBG000BJKPG0,0.004261503,0.014811619,641159
20100317,13:15:00.000,BBG000BCYP43,0.008494992,0.010634625,432071
20100317,13:15:00.000,BBG000MBDGM6,0.008799199,0.02360219,301232
20100317,13:15:00.000,BBG000CGT2S4,-0.011589171,-0.0012415041,547168
20100317,13:15:00.000,BBG000BMFFQ0,0.0026620661,0.02148454,980572
20100317,13:15:00.000,BBG000BWVSR1,0.001239346,0.0042772368,658809
20100317,13:15:00.000,BBG000FL0BC8,-0.018720353,-0.009690603,2140899
20100317,13:15:00.000,BBG000F86GP6,-0.011862864,-0.0006969865,424516
20100317,13:15:00.000,BBG000BHB3M6,0.0049124365,0.014123264,358317
20100317,13:15:00.000,BBG000BDWKC5,0.0035284304,0.012700004,1630880
20100317,13:15:00.000,BBG000BJDPC2,0.019334557,0.01976546,1545267
20100317,13:15:00.000,BBG000BP4MH0,-0.0033828572,0.0044910563,2374012
20100317,13:15:00.000,BBG000C9W1Y1,,,1942908
20100317,13:15:00.000,BBG000BKSL41,0.0036619422,0.013773664,2125400
20100317,13:15:00.000,BBG000CVWGS6,0.008934267,0.014610771,8198645
20100317,13:15:00.000,BBG000F80SZ5,0.010748389,0.022702308,4399483
20100317,13:15:00.000,BBG000DKCC19,0.0030460213,0.005092788,1829114
20100317,13:15:00.000,GEN_EQ0010091900001000,0.021066193,0.023378884,335906
20100317,13:15:00.000,BBG000BG7986,0.0103598265,0.006674529,1069612
20100317,13:15:00.000,BBG000D7RKJ5,0.0019026573,0.006398691,805462
20100317,13:15:00.000,BBG000KLB4Q1,0.01224919,0.029346602,2431261
20100317,13:15:00.000,BBG000DQTXY6,-0.012321398,-0.012265666,2038211
20100317,13:15:00.000,BBG000BFS7D3,0.010709078,0.012506153,1537271
20100317,13:15:00.000,BBG000BV75B7,-0.011059936,-0.015007922,1252331
20100317,13:15:00.000,BBG000C2PW58,0.041232146,0.05449505,532336
20100317,13:15:00.000,BBG000BKZTP3,-0.023297397,-0.008826081,2320510
20100317,13:15:00.000,BBG000CFJL87,0.0036235382,-0.00054796546,1028733
20100317,13:15:00.000,BBG000QY3XZ2,-0.00059139717,0.012299654,2189543
20100317,13:15:00.000,BBG000BJ5GK2,-0.002653423,0.0054665385,519198
20100317,13:15:00.000,BBG000Q0BPZ4,0.028755907,0.042994034,3759680
20100317,13:15:00.000,BBG000NSCNT7,0.008050835,0.035774376,2819236
20100317,13:15:00.000,GEN_EQ0010104800001000,0.003880009,0.01762146,4237598
20100317,13:15:00.000,BBG000G8N9C6,-0.0056334436,-0.0050384137,823112
20100317,13:15:00.000,BBG000BHKYH4,-0.0055964463,0.0016022305,663489
20100317,13:15:00.000,BBG000BK1FD3,-0.020256443,-0.0010776852,1745329
20100317,13:15:00.000,BBG000BT4T69,-0.0031782726,0.00071328005,3693706
20100317,13:15:00.000,GEN_EQ0011591100001000,-0.00090632995,0.006906253,1154043
20100317,13:15:00.000,BBG000FFH4P5,-0.0029161857,0.0064001177,388811
20100317,13:15:00.000,BBG000BGRKT6,0.010042247,0.011455037,438287
20100317,13:15:00.000,BBG000DN7P92,0.007441788,0.010465335,749575
20100317,13:15:00.000,BBG000M4SW14,0.0041580754,0.015307577,527007
20100317,13:15:00.000,BBG000BNGTQ7,0.002037742,0.0020227411,2000650
20100317,13:15:00.000,BBG000BL79J3,-0.009374133,-0.008651706,1472908
20100317,13:15:00.000,BBG000BDG1Y1,-0.0043501584,0.0036839647,1246107
20100317,13:15:00.000,BBG000D9DMK0,0.0066884216,0.0103984885,438328
20100317,13:15:00.000,BBG000BVPPM1,0.011432132,0.025116844,3514289
20100317,13:15:00.000,BBG000D3MB18,-0.009958013,-0.0028783234,2127573
20100317,13:15:00.000,BBG000DGPR66,0.0064945403,0.0135738,458419
20100317,13:15:00.000,BBG000BLDV98,-0.0029806355,-0.0047243596,1825635
20100317,13:15:00.000,BBG000C6F3T8,0.0020660202,0.0076859626,1952744
20100317,13:15:00.000,BBG000BS0ZF1,0.003592607,0.007187119,230908
20100317,13:15:00.000,BBG000DNTSP4,-0.009829292,0.00044569772,746070
20100317,13:15:00.000,BBG000LL9LQ5,-0.0067329006,0.006092563,1466745
20100317,13:15:00.000,GEN_EQ0140919900001000,0.0037401835,0.0053231847,814054
20100317,13:15:00.000,BBG000QRSL13,-0.011181652,0.0033586728,5689093
20100317,13:15:00.000,BBG000BRJ809,0.010371096,0.014316158,459183
20100317,13:15:00.000,BBG000D1QCF1,-0.014027309,0.0016574729,769238
20100317,13:15:00.000,BBG000BLCPY4,0.0066309697,0.010019495,899651
20100317,13:15:00.000,BBG000CNWNL6,0.011550613,0.033573028,1443498
20100317,13:15:00.000,BBG000DV7MX4,-0.014119698,0.0061843065,6558576
20100317,13:15:00.000,BBG000BP1152,-0.02485809,-0.015042236,2881596
20100317,13:15:00.000,BBG000BHCP19,-0.009566643,0.00846638,1863027
20100317,13:15:00.000,BBG000BGKHZ3,-0.013939715,-0.0003739592,700660
20100317,13:15:00.000,BBG000BMB7R1,0.0030249485,0.008363555,555029
20100317,13:15:00.000,BBG000BHLYS1,-0.00088093494,-0.001124933,731084
20100317,13:15:00.000,BBG000BKWSR6,0.018761944,0.034450736,14669407
20100317,13:15:00.000,BBG000JN9BQ6,0.013626939,0.018907458,764519
20100317,13:15:00.000,BBG000BRZBT3,0.0008111065,0.00866506,1487943
20100317,13:15:00.000,BBG000FBK808,0.011264932,0.022922512,7418688
20100317,13:15:00.000,BBG000BXRPH1,-0.011573893,0.001022713,832111
20100317,13:15:00.000,BBG000BQSQ38,-0.0058386456,0.0055733444,988745
20100317,13:15:00.000,BBG000BVMPN3,0.009728821,0.02470055,686226
20100317,13:15:00.000,BBG000BGFLL5,0.005101901,0.020121584,1495342
20100317,13:15:00.000,BBG000BJ98Z0,0.041931402,0.04084929,1065457
20100317,13:15:00.000,BBG000NDZ417,-0.012179315,-0.0031703226,901020
20100317,13:15:00.000,BBG000BKPL53,-0.006019651,-0.003202253,794851
20100317,13:15:00.000,BBG000BD0TF8,0.013228812,0.028009165,549758
20100317,13:15:00.000,BBG000BY2Y78,0.014840043,0.032655887,2351536
20100317,13:15:00.000,BBG000BPMH90,0.006332304,0.020203574,985675
20100317,13:15:00.000,BBG000BBNYF6,0.013747884,0.020547532,961997
20100317,13:15:00.000,BBG000FJRZ68,-0.005630165,-0.0020936057,1227334
20100317,13:15:00.000,BBG000FKJRC5,0.0033441752,0.007956349,359376
20100317,13:15:00.000,BBG000CL9VN6,-0.0024416873,0.0049535492,362078
20100317,13:15:00.000,BBG000BK6G19,-0.0021415967,0.0057173334,669638
20100317,13:15:00.000,BBG000C23KJ3,-0.012085171,-0.005895443,4826873
20100317,13:15:00.000,BBG000BB5BF6,-0.006964361,0.0015461196,2442638
20100317,13:15:00.000,BBG000BK5DP1,0.008861538,0.018287428,2119043
20100317,13:15:00.000,BBG000BJVZF7,0.0030894114,0.0036638288,637818
20100317,13:15:00.000,BBG000BN5HF7,-0.0042905314,0.002386544,2183942
20100317,13:15:00.000,BBG000BL9439,-0.003310536,0.00073998113,731518
20100317,13:15:00.000,BBG000BJQWD2,0.003935533,0.018316815,1912010
20100317,13:15:00.000,BBG000D8RG11,-0.002986477,0.00088890386,1231514
20100317,13:15:00.000,BBG000BS9489,0.008572691,0.013002086,731670
20100317,13:15:00.000,BBG000BH5DV1,-0.005157646,0.00014431265,1555229
20100317,13:15:00.000,BBG000BMKDM3,-0.0039996,-0.001797908,937972
20100317,13:15:00.000,BBG000C75N77,-0.005724388,0.0066308333,1794890
20100317,13:15:00.000,BBG000BKXFN7,-0.011702034,-0.0060547777,3016744
20100317,13:15:00.000,BBG000BTCH57,0.0018809693,0.009040493,771136
20100317,13:15:00.000,BBG000BM7HL0,-0.001404409,0.011095916,1622464
20100317,13:15:00.000,BBG000BNFLM9,-0.005680333,0.00562792,1551157
20100317,13:15:00.000,BBG000BBVCN6,0.0025709963,0.0020085482,376372
20100317,13:15:00.000,BBG000LD9JQ8,-0.013154764,-0.005093967,2242244
20100317,13:15:00.000,BBG000MDCQC2,-0.006697628,-0.0038781653,1451442
20100317,13:15:00.000,BBG000BLBXT4,-0.009211287,-0.005414086,1438004
20100317,13:15:00.000,BBG000BDXGP9,0.005072323,0.005858486,1297492
20100317,13:15:00.000,BBG000BR3KL6,0.0058279145,0.013266562,735959
20100317,13:15:00.000,BBG000BX9WL1,0.041554343,0.062627286,7268678
20100317,13:15:00.000,BBG000BQ74K1,0.0021809207,0.013604236,593899
20100317,13:15:00.000,BBG000BWSV34,0.0021258683,0.006129894,523621
20100317,13:15:00.000,BBG000BQZMH4,-0.01101111,-0.008676948,1601550
20100317,13:15:00.000,GEN_EQ0010066700001000,-0.006169529,-0.0043049743,950026
20100317,13:15:00.000,BBG000BQVTF5,-0.00042304132,0.009823713,1316693
20100317,13:15:00.000,BBG000LC1FS4,0.012215801,0.025511965,985180
20100317,13:15:00.000,GEN_EQ0010050500001000,-0.010837083,-1.36498e-07,4531736
20100317,13:15:00.000,BBG000G3QLY3,0.014778904,0.022075325,661211
20100317,13:15:00.000,BBG000QBR5J5,-0.018562164,-0.0058850367,5941697
20100317,13:15:00.000,BBG000BTQR96,0.005057724,0.010736563,1208424
20100317,13:15:00.000,GEN_EQ0012661800001000,-0.013955001,-0.012765295,1239141
20100317,13:15:00.000,BBG000CKJ0P3,0.00052556145,-0.001496816,494181
20100317,13:15:00.000,BBG000HGYNZ9,-0.0036958535,0.006046272,2565166
20100317,13:15:00.000,BBG000BV7LP7,0.0041093673,0.011588685,1748359
20100317,13:15:00.000,BBG000BBVK30,-0.0045865523,-0.006208588,6801032
20100317,13:15:00.000,BBG000BFXHL6,-0.013344758,-0.0110330945,2009610
20100317,13:15:00.000,BBG000BGLRN3,0.004393152,0.006604533,1178884
20100317,13:15:00.000,BBG000C2V3D6,-0.009142889,0.0032914022,1135270
20100317,13:15:00.000,BBG000BGVW60,0.0111049935,0.010274536,2715200
20100317,13:15:00.000,BBG000BTVJ25,0.0059857722,0.0136198895,2203029
20100317,13:15:00.000,GEN_EQ0010020500001000,0.0042024353,0.016954236,1886881
20100317,13:15:00.000,BBG000BHQ1H0,0.0108241765,0.009770631,489948
20100317,13:15:00.000,BBG000BNC3Y9,0.047991138,0.07204343,5576441
20100317,13:15:00.000,BBG000BVVQQ8,-0.008912066,0.0061094374,1583777
20100317,13:15:00.000,GEN_EQ0010281900001000,-0.0011921164,-0.0016239005,607701
20100317,13:15:00.000,BBG000C1FB75,-0.0039918274,0.011042307,239737
20100317,13:15:00.000,BBG000BFTJ91,0.009703808,0.010189237,3146181
20100317,13:15:00.000,BBG000C1FQS9,-0.009268834,-0.0051067425,597639
20100317,13:15:00.000,BBG000BSBZH7,0.0032143146,-0.0005540528,1087133
20100317,13:15:00.000,BBG000F15NW9,-0.017383832,-0.016963685,2681337
20100317,13:15:00.000,BBG000BPT0C6,0.017853625,0.026207441,1134522
20100317,13:15:00.000,GEN_EQ0010145600001000,0.00028505837,-0.0022759235,2010714
20100317,13:15:00.000,BBG000H89QJ6,0.005603398,0.0057690474,1061355
20100317,13:15:00.000,BBG000BR14K5,0.0012012423,0.011909776,1117995
20100317,13:15:00.000,BBG000BP6L99,0.0052504777,0.010781644,15163212
20100317,13:15:00.000,BBG000BQWPC5,0.0025756683,0.0012716752,625706
20100317,13:15:00.000,BBG000BNNYW1,-0.000782163,0.0025941143,1046080
20100317,13:15:00.000,BBG000BJ3PD2,0.0055559394,0.012335308,584337
20100317,13:15:00.000,BBG000PVRDL2,0.024924863,0.037842896,4973868
20100317,13:15:00.000,BBG000C2ZCH8,-0.0011027291,-0.0023852638,577009
20100317,13:15:00.000,BBG000TK7PB8,0.026634168,0.04676371,4489646
20100317,13:15:00.000,BBG000BB6M98,-0.004906844,-0.001009698,1071009
20100317,13:15:00.000,BBG000HW5GX3,0.0055241184,0.0139245475,839861
20100317,13:15:00.000,BBG000BLKK03,0.004112332,0.00471956,974367
20100317,13:15:00.000,BBG000BCZYD3,0.004140609,0.0041781296,374357
20100317,13:15:00.000,BBG000CSY9H9,-0.011666791,-0.00393945,845781
20100317,13:15:00.000,BBG000BB9KF2,-0.0017885872,0.0007192037,749056
20100317,13:15:00.000,BBG000BMQPL1,0.009611149,0.02599085,10183213
20100317,13:15:00.000,BBG000BMTFR4,-0.005687106,0.007753288,1827185
20100317,13:15:00.000,BBG000H9G7X2,0.008379936,0.009219004,932927
20100317,13:15:00.000,BBG000BCNYT9,0.0036596605,0.0092384545,1231884
20100317,13:15:00.000,BBG000C0MF34,-0.0067248517,-0.0012068897,511912
20100317,13:15:00.000,BBG000BN2DC2,-0.005172921,0.005474896,592803
20100317,13:15:00.000,BBG000BN9WT5,-0.0017151533,0.015625441,3818504
20100317,13:15:00.000,BBG000BQ5DS5,0.002442308,0.0034451422,803647
20100317,13:15:00.000,BBG000BCGY17,-0.007364666,-0.0055214637,847155
20100317,13:15:00.000,BBG000BB6G37,-0.0029882416,0.013992927,1912015
20100317,13:15:00.000,BBG000CHPY97,-0.029215531,-0.022044074,3754467
20100317,13:15:00.000,BBG000TWC2V5,0.0052086893,0.004110775,1117773
20100317,13:15:00.000,GEN_EQ0117562400001000,-0.0017120824,3.9859796e-07,8097837
20100317,13:15:00.000,BBG000BP0KQ8,0.0065339273,0.017312903,3243795
20100317,13:15:00.000,BBG000BB5373,0.020172387,0.032730244,5392410
20100317,13:15:00.000,BBG000BM6788,-0.013694133,-0.005877663,1764155
20100317,13:15:00.000,BBG000BH3JF8,-0.007910447,-0.0047435523,1143690
20100317,13:15:00.000,GEN_EQ0085215200001000,0.004614081,0.01492196,3642848
20100317,13:15:00.000,BBG000BQ2C28,0.00210802,0.0066517214,670986
20100317,13:15:00.000,BBG000BX5ZF5,-0.021754863,-0.010896452,10396730
20100317,13:15:00.000,BBG000BMDV41,0.009489852,0.013886556,1262279
20100317,13:15:00.000,GEN_EQ0010319800003000,-0.012114804,-0.015513062,2699495
20100317,13:15:00.000,BBG000BG14P4,-0.0011256173,0.00944777,721132
20100317,13:15:00.000,BBG000GC80B4,,,1807664
20100317,13:15:00.000,BBG000BB2DM7,-0.006706533,0.0060557104,4820154
20100317,13:15:00.000,BBG000BWJFZ4,-0.007943055,-0.0074814702,1143277
20100317,13:15:00.000,BBG000BHGDH5,-0.001508784,-0.0012038129,3504972
20100317,13:15:00.000,BBG000BZ2GG4,-0.0054541696,0.006247825,1977719
20100317,13:15:00.000,BBG000D898T9,0.0019015353,0.0042501604,1181334
20100317,13:15:00.000,BBG000BMF5J0,-0.0063262507,-0.0011390598,1342489
20100317,13:15:00.000,BBG000BKLH74,-0.0058736736,-0.008589148,3712296
20100317,13:15:00.000,BBG000BGPTV6,-0.008399223,0.0015653003,1599960
20100317,13:15:00.000,BBG000BH3GZ2,0.009414663,0.019396538,2772467
20100317,13:15:00.000,BBG000BVWLJ6,-0.0073166015,0.0013421761,1408981
20100317,13:15:00.000,BBG000C496P7,-0.018297907,-0.009482148,4403136
20100317,13:15:00.000,BBG000JG0547,0.005986723,0.011867368,1308456
20100317,13:15:00.000,BBG000DYGNW7,0.009021543,0.011009269,755605
20100317,13:15:00.000,BBG000BNJHS8,-0.004351893,-0.0068309437,4266649
20100317,13:15:00.000,BBG000BPQD31,0.0029255326,0.004075177,1453100
20100317,13:15:00.000,BBG000BT9DW0,0.0013717826,0.0015051585,1471878
20100317,13:15:00.000,BBG000BB2KW0,-0.011414744,-0.010899979,658721
20100317,13:15:00.000,BBG000BK67C7,0.009650463,0.010239868,873159
20100317,13:15:00.000,BBG000DHSPT0,-0.009021498,-0.0055877413,1014114
20100317,13:15:00.000,BBG000BFMBQ6,-0.003413631,-0.004861597,1048716
20100317,13:15:00.000,BBG000B9WJ73,0.008888222,0.027677398,5038582
20100317,13:15:00.000,BBG000FVXD63,-0.011017895,-0.0006917858,1657058
20100317,13:15:00.000,BBG000B9XYV2,-0.006561629,-0.003951347,1848987
20100317,13:15:00.000,BBG000BMBL90,0.009915218,0.0154931545,2240320
20100317,13:15:00.000,BBG000BB1TH9,-0.0032035958,0.011336191,753992
20100317,13:15:00.000,BBG000BVMGF2,-0.0025590674,0.012896928,2968427
20100317,13:15:00.000,BBG000BSD7C2,-0.0013049946,8.78429e-05,661319
20100317,13:15:00.000,BBG000J5Q6L2,-0.023428591,-0.00120708,4826548
20100317,13:15:00.000,BBG000BC4JJ4,-0.010910287,-0.0074148434,822514
20100317,13:15:00.000,BBG000BM5SR2,0.024727663,0.05679421,8341417
20100317,13:15:00.000,BBG000BJPDZ1,0.005864928,0.0060030897,228756
20100317,13:15:00.000,BBG000BZTW70,-0.014008262,-0.008847388,3144256
20100317,13:15:00.000,BBG000C5HS04,0.0020809316,0.0044036014,1170584
20100317,13:15:00.000,BBG000M65M61,-0.02386884,-0.021303238,7436919
20100317,13:15:00.000,BBG000BY29C7,0.002714205,0.008724843,969220
20100317,13:15:00.000,BBG000BB6WG8,0.006292855,0.012946746,2494147
20100317,13:15:00.000,GEN_EQ0010172300001000,-0.0063992604,-0.0075022876,701503
20100317,13:15:00.000,BBG000C2BXK4,-0.0051480075,0.007325899,21542240
20100317,13:15:00.000,BBG000BBBNC6,-0.004148893,0.0210344,1211387
20100317,13:15:00.000,BBG000PM7GJ0,0.02904155,0.046492714,2472600
20100317,13:15:00.000,BBG000Q3JN03,0.0034062904,0.02265169,16129356
20100317,13:15:00.000,BBG000C0LW92,-0.027853534,-0.021171525,33882408
20100317,13:15:00.000,BBG000BF1R66,0.010340482,0.020074414,1194147
20100317,13:15:00.000,BBG000NSQ9M0,-0.013821407,-0.0009803905,6093723
20100317,13:15:00.000,BBG000FQ6PY6,-0.044289876,-0.039333865,10764564
20100317,13:15:00.000,BBG000BWVCP8,-0.015717717,-0.00086417905,3469474
20100317,13:15:00.000,BBG000BJSBJ0,-0.0024857689,0.000313153,685135
20100317,13:15:00.000,BBG000BLM0V1,,,932356
20100317,13:15:00.000,BBG000BMY992,0.0014147925,0.007625242,3482814
20100317,13:15:00.000,BBG000BVDLH9,0.0057998635,0.0072718197,1532381
20100317,13:15:00.000,BBG000C0F570,0.0027226564,0.018563272,2903779
20100317,13:15:00.000,BBG000BBQCY0,0.015362056,0.030899998,13931517
20100317,13:15:00.000,GEN_EQ0000000001064567,0.0027421021,0.015553399,968548
20100317,13:15:00.000,BBG000BKCFC2,-0.0040728278,-0.0033433088,758387
20100317,13:15:00.000,BBG000CGQ6M4,0.010303012,0.01086144,747569
20100317,13:15:00.000,BBG000C17X76,-0.0035239935,-0.004352251,836207
20100317,13:15:00.000,BBG000DTMH63,,,2133867
20100317,13:15:00.000,BBG000R7Z112,0.0010879866,0.0038531604,4554957
20100317,13:15:00.000,BBG000BBMSJ6,-0.005439788,0.010624028,3930576
20100317,13:15:00.000,BBG000BY33P5,-0.0005710509,0.006912714,1961834
20100317,13:15:00.000,BBG000BV8DN6,0.0016423854,-0.0012728587,1244042
20100317,13:15:00.000,GEN_EQ0010135600001000,0.005655757,0.01848312,3332027
20100317,13:15:00.000,BBG000JN8R00,0.0044017285,0.019220946,987713
20100317,13:15:00.000,BBG000K14Q84,-0.018926933,-0.004670605,1354580
20100317,13:15:00.000,BBG000BBDV81,-0.001032674,0.01200127,947940
20100317,13:15:00.000,BBG000BMW2Z0,0.005750724,0.0072722714,1526194
20100317,13:15:00.000,BBG000DLVDK3,-0.00035951487,0.011035779,1520005
20100317,13:15:00.000,BBG000CKVSG8,0.00027258528,0.015495203,2517359
20100317,13:15:00.000,BBG000G0Z878,0.033332795,0.055422645,12125849
20100317,13:15:00.000,BBG000BGJRC8,0.00015169708,0.0013577509,909571
20100317,13:15:00.000,BBG000BL8GJ6,-0.011022464,0.0032040928,4775175
20100317,13:15:00.000,BBG000HCJMF9,-0.0042054886,0.016036976,1544003
20100317,13:15:00.000,BBG000BB6KF5,-0.0021446056,0.015463422,2943054
20100317,13:15:00.000,BBG000BYYLS8,8.755404e-05,0.011081208,2792842
20100317,13:15:00.000,BBG000FJLFX8,-0.0010881627,-0.0010946187,2197044
20100317,13:15:00.000,BBG000D9D830,0.012379766,0.022616109,2262900
20100317,13:15:00.000,BBG000BHX7N2,-0.00016181562,0.006570218,1134726
20100317,13:15:00.000,BBG000CTQBF3,-0.0068772873,0.0067279665,3790428
20100317,13:15:00.000,BBG000BBD070,0.0048935465,0.020348629,1397114
20100317,13:15:00.000,BBG000BH2JM1,-0.016771365,-0.009841188,8394992
20100317,13:15:00.000,BBG000CS7CT9,0.0021421083,0.0033627301,1622218
20100317,13:15:00.000,BBG000BFL116,-0.0138999745,-0.0034254515,523031
20100317,13:15:00.000,BBG000BFC8J2,0.013056291,0.012097568,1587328
20100317,13:15:00.000,BBG000C15T95,-0.0042289365,-0.0056195287,685948
20100317,13:15:00.000,BBG000FP1N32,-0.008912334,0.0016585587,2214408
20100317,13:15:00.000,BBG000JWD753,-0.016190123,-0.0049866163,25025672
20100317,13:15:00.000,BBG000BWNFZ9,0.011408362,0.023065604,4199488
20100317,13:15:00.000,BBG000BSLZY7,-0.012436785,-0.0005414311,6243498
20100317,13:15:00.000,BBG000BCBCM7,0.00063689455,0.00042418885,3506947
20100317,13:15:00.000,BBG000BBGGQ1,-0.0016413582,0.010211745,6070263
20100317,13:15:00.000,BBG000BCWCG1,-0.0028267524,0.0063204607,2351715
20100317,13:15:00.000,BBG000BLBVN4,8.991253e-05,0.0086671775,544386
20100317,13:15:00.000,BBG000C46HM9,-0.015227412,-0.01338563,4092977
20100317,13:15:00.000,BBG000BTKGG8,0.015084054,0.032169357,3718887
20100317,13:15:00.000,GEN_EQ0010059600001000,0.055617403,0.07482624,7074315
20100317,13:15:00.000,BBG000C8H633,0.005090905,0.018626537,3332984
20100317,13:15:00.000,BBG000BTR593,0.0030859376,0.011036688,2886462
20100317,13:15:00.000,GEN_EQ0000000000158587,0.0052277916,0.007727676,1132424
20100317,13:15:00.000,BBG000F6H8W8,-0.00063028204,0.006485881,1417917
20100317,13:15:00.000,BBG000BFQYY3,-0.0047154576,-0.003487607,1441514
20100317,13:15:00.000,BBG000BNBDC2,0.0020212622,0.0002766434,2983128
20100317,13:15:00.000,BBG000BSJTT0,0.00152811,0.016623992,2624821
20100317,13:15:00.000,BBG000BJL3N0,-0.00201464,0.011918491,7526635
20100317,13:15:00.000,BBG000BYWTX7,-0.011307611,0.00440947,8776198
20100317,13:15:00.000,BBG000BD8PN9,0.0016459587,0.011906194,2669319
20100317,13:15:00.000,BBG000BHLYP4,-0.0033434934,0.007730901,140074
20100317,13:15:00.000,BBG000C1BW00,0.00029988406,0.00206841,1051498
20100317,13:15:00.000,BBG000J6XT05,-0.0064554582,-0.00088124716,1742731
20100317,13:15:00.000,BBG000BJX8C8,0.0026426676,0.018818604,2131719
20100317,13:15:00.000,BBG000BCVJ77,0.006665724,0.0050795567,1324689
20100317,13:15:00.000,BBG000BZ9223,-0.008076283,-0.0022791969,1426315
20100317,13:15:00.000,BBG000H556T9,-0.0064634383,-0.00069797575,2355758
20100317,13:15:00.000,BBG000BJF1Z8,0.0067104883,0.012748166,2028122
20100317,13:15:00.000,BBG000BB5006,0.010614217,0.017707272,5238482
20100317,13:15:00.000,BBG000F0KF42,,,7328900
20100317,13:15:00.000,BBG000BKFBD7,0.003398401,0.02052355,2335721
20100317,13:15:00.000,BBG000BFDXW1,-0.008098006,0.006119689,1865716
20100317,13:15:00.000,BBG000BW3299,0.0018250665,0.00068021985,2103655
20100317,13:15:00.000,BBG000F0PF65,0.00071026996,0.006760965,2547007
20100317,13:15:00.000,BBG000BNWG87,-0.006781045,-0.0064293295,2936302
20100317,13:15:00.000,BBG000BH13K9,0.0062295576,0.010856035,2749630
20100317,13:15:00.000,BBG000BH1NH9,0.006803087,0.0148425605,1885626
20100317,13:15:00.000,BBG000DY8ZS4,-0.012971778,0.0017185444,8148911
20100317,13:15:00.000,BBG000BP8Z50,-0.025118724,-0.013559798,13089719
20100317,13:15:00.000,BBG000BJ81C1,0.0018484186,0.009647263,2018653
20100317,13:15:00.000,BBG000BBVJZ8,-0.0097189415,-0.0035426547,4418641
20100317,13:15:00.000,BBG000BQ8KV2,-0.018237425,-0.009654939,4097841
20100317,13:15:00.000,BBG000BGKTF9,-0.018267991,-0.00024752872,2857536
20100317,13:15:00.000,BBG000BFRF55,-0.0034825953,0.0114725875,3035426
20100317,13:15:00.000,BBG000BRK7L6,0.016783403,0.030415831,7725670
20100317,13:15:00.000,BBG000BWLMJ4,-0.0058230683,0.0026079204,2615697
20100317,13:15:00.000,BBG000BD4VG8,0.0050602183,0.01940235,2141241
20100317,13:15:00.000,BBG000FW00S1,0.011285487,0.028480733,4409067
20100317,13:15:00.000,BBG000BBJQV0,0.013680324,0.031539805,9845805
20100317,13:15:00.000,BBG000C5Z1S3,-0.0033482346,0.018599812,12960980
20100317,13:15:00.000,BBG000BC40Y8,0.013373698,0.022616731,2559180
20100317,13:15:00.000,BBG000DWYF03,-0.0056150244,-0.001426433,7667288
20100317,13:15:00.000,BBG000BRD0D8,0.007526927,0.020998502,2857198
20100317,13:15:00.000,BBG000H8TVT2,-0.0049944036,-0.0061753797,1463707
20100317,13:15:00.000,BBG000BP6LJ8,-0.004698347,-0.0054071136,5268423
20100317,13:15:00.000,BBG000BKFZM4,0.022641063,0.030294802,12490851
20100317,13:15:00.000,BBG000BHBK84,-0.0056037284,0.0013120119,4421704
20100317,13:15:00.000,BBG000FG3C43,-0.019126272,-0.0060543474,3748660
20100317,13:15:00.000,BBG000BH23R1,0.020784022,0.03143597,19824944
20100317,13:15:00.000,BBG000F1ZSQ2,-0.018551039,-0.006913499,555057
20100317,13:15:00.000,BBG000GFFQN9,-0.001639759,0.011609559,7446570
20100317,13:15:00.000,BBG000BNDN65,0.0010218316,0.0075888745,6220224
20100317,13:15:00.000,BBG000C43RR5,0.0039513223,0.016047979,8293348
20100317,13:15:00.000,BBG000BP52R2,-0.0017043583,0.0042865276,1981286
20100317,13:15:00.000,BBG000BBPFB9,0.003083157,0.014452038,17549036
20100317,13:15:00.000,BBG000BC2C10,0.009522712,0.016587896,1210515
20100317,13:15:00.000,BBG000BFT2L4,0.008009109,0.0079981135,6737937
20100317,13:15:00.000,BBG000L9CV04,0.004410225,0.00840744,2470469
20100317,13:15:00.000,BBG000FL1TC8,-0.0050111585,-0.007062553,3309186
20100317,13:15:00.000,BBG000FFDM15,-0.01229597,-0.00038313286,5385986
20100317,13:15:00.000,BBG000BH4R78,-0.0032901133,-0.0032610158,3525763
20100317,13:15:00.000,BBG000B9ZXB4,0.000673357,-0.004022069,3541902
20100317,13:15:00.000,BBG000BGRY34,0.0042829495,0.008871271,3426794
20100317,13:15:00.000,BBG000G2R6M0,-0.006965578,0.0042447005,4626050
20100317,13:15:00.000,BBG000BCSST7,0.0058437674,0.005527674,3194376
20100317,13:15:00.000,BBG000BVV7G1,-0.005915736,0.009730777,6517362
20100317,13:15:00.000,BBG000BW8S60,-0.0038415268,-0.0026235804,2039216
20100317,13:15:00.000,BBG000BL4504,-0.014772632,-0.004328556,7958641
20100317,13:15:00.000,BBG000DQLV23,-0.0020328022,-0.0065399194,6899113
20100317,13:15:00.000,BBG000BBS2Y0,-0.0031454568,-0.0075736865,2368375
20100317,13:15:00.000,BBG000BHVJJ3,-0.01062165,-0.0031952371,11862995
20100317,13:15:00.000,BBG000J2XL74,0.0042996365,0.007415322,2553222
20100317,13:15:00.000,BBG000CH5208,-0.009087956,-0.009678131,6436767
20100317,13:15:00.000,BBG000BCQZS4,-0.0046546245,0.0051340633,3881070
20100317,13:15:00.000,BBG000BFWKC0,0.011501657,0.008743537,4167114
20100317,13:15:00.000,BBG000BCG930,0.0034970553,-0.0004031102,3859510
20100317,13:15:00.000,BBG000PSKYX7,-0.0029692363,0.005296076,1770586
20100317,13:15:00.000,BBG000BPWXK1,-0.003659423,0.0078906845,3472599
20100317,13:15:00.000,BBG000BWXBC2,-0.004562953,-0.0023206368,6487799
20100317,13:15:00.000,BBG000BQQ2S6,0.0067886594,0.01329635,2265410
20100317,13:15:00.000,BBG000BH5LT6,-0.001967878,-0.0013312788,3195911
20100317,13:15:00.000,BBG000DWG505,-0.0010805671,-0.0012164069,1941760
20100317,13:15:00.000,BBG000BF0K17,0.0006448993,0.009082551,2921721
20100317,13:15:00.000,BBG000BKTFN2,0.020057473,0.031530637,8155876
20100317,13:15:00.000,BBG000BB07P9,-3.240187e-05,0.009984115,5187700
20100317,13:15:00.000,BBG000BNSZP1,-0.004143151,0.0018182632,2297975
20100317,13:15:00.000,BBG000BKZB36,-0.0065424982,-0.0015368195,6022103
20100317,13:15:00.000,BBG000CKGBP2,-0.0038483755,-0.008424945,3854632
20100317,13:15:00.000,BBG000DH7JK6,0.0024555984,0.003480905,2969051
20100317,13:15:00.000,BBG000D4LWF6,-0.0013764035,-0.0013472176,5714439
20100317,13:15:00.000,BBG000BQQH30,0.008685794,0.015713552,5834622
20100317,13:15:00.000,BBG000B9WH86,0.038953986,0.054365825,43256808
20100317,13:15:00.000,BBG000BQLTW7,0.009690316,0.0126915565,16399928
20100317,13:15:00.000,BBG000HS77T5,0.00642607,0.0073493356,8149665
20100317,13:15:00.000,GEN_EQ0011904200001000,0.009509397,0.014765733,10556198
20100317,13:15:00.000,BBG000BLZRJ2,-0.0069216094,0.0052808304,6964227
20100317,13:15:00.000,BBG000BMX289,0.0029150518,0.0033521014,4730270
20100317,13:15:00.000,BBG000BPD168,-0.0018366256,-0.00685366,5005860
20100317,13:15:00.000,BBG000BT41Q8,0.0076509346,0.0185377,7014467
20100317,13:15:00.000,BBG000BMHYD1,0.0063423114,0.0026357903,4104935
20100317,13:15:00.000,BBG000BR2TH3,0.0053785713,0.0061382717,4027196
20100317,13:15:00.000,BBG000KHWT55,-0.0017691037,0.0053477534,7220633
20100317,13:15:00.000,BBG000BTZQC4,-0.009302919,-0.00867408,3409018
20100317,13:15:00.000,BBG000BSJK37,0.0028927042,0.0027078697,9977129
20100317,13:15:00.000,BBG000BLNNH6,-0.00490185,0.0006996567,2695924
20100317,13:15:00.000,BBG000K4ND22,0.004705302,0.012703957,5594375
20100317,13:15:00.000,BBG000BX3TD3,-0.012960168,0.000399503,7622662
20100317,13:15:00.000,BBG000CR90K4,-0.0025529664,-0.0013312122,4359856
20100317,13:15:00.000,BBG000BVPV84,0.0005047315,0.0052363644,2129607
20100317,13:15:00.000,BBG000CGC1X8,-0.009539014,-0.005130166,12347641
20100317,13:15:00.000,BBG000BR2B91,-0.0024749585,-0.004633591,29676442
20100317,13:15:00.000,BBG000BQPC32,0.019925863,0.020022042,47289584
20100317,13:15:00.000,BBG000BK6MB5,-0.0016243762,0.0077455365,97617880
20100317,13:15:00.000,BBG000C3J3C9,0.004932296,0.007264145,18003838
20100317,13:15:00.000,BBG000C0G1D1,-0.003138693,0.009088135,45114344
20100317,13:15:00.000,BBG000BWQFY7,-0.0047428883,0.0056134723,14540512
20100317,13:15:00.000,BBG000BJDB15,-0.008262987,0.004199342,5900669
20100317,13:15:00.000,BBG000BPH459,0.0075666197,0.012595178,26571358
20100317,13:15:00.000,BBG000C6CFJ5,-0.0006899923,0.0063311113,4230230
20100317,13:15:00.000,BBG000DMBXR2,0.006557975,0.016429186,18798782
20100317,13:15:00.000,BBG000BHSKN9,-0.004205265,0.0051482916,1410551
20100317,13:15:00.000,BBG000GZQ728,0.003539407,0.01440936,18157572
20100317,13:15:00.000,BBG000BCTLF6,-0.0031743099,0.010560937,62524264
20100317,13:15:00.000,BBG000B9XRY4,-0.0005883795,0.0050769504,6664586
20100317,13:30:00.000,GEN_EQ0021071400001000,-0.02462931,-0.012134469,1516046
20100317,13:30:00.000,GEN_EQ0096849600001000,-0.013081519,0.008748727,600808
20100317,13:30:00.000,BBG000BJ49H3,-0.0057284012,-0.0014788309,556216
20100317,13:30:00.000,BBG000BMFD58,-0.0050681895,0.005320603,5402334
20100317,13:30:00.000,BBG000BFVXX0,-0.007167543,-0.003808559,1097189
20100317,13:30:00.000,BBG000CHWP52,-0.004178057,0.0012333269,598568
20100317,13:30:00.000,BBG000BT9T73,0.07192746,0.09458283,28637304
20100317,13:30:00.000,BBG000BCQ4P6,0.0059570745,0.014681839,716046
20100317,13:30:00.000,BBG000BMLWX8,0.011433142,0.011955869,1715829
20100317,13:30:00.000,BBG000BP7JB0,-0.010918584,0.0026371032,2067033
20100317,13:30:00.000,BBG000BNW1S8,-0.011487325,0.0042811353,772541
20100317,13:30:00.000,BBG000MQ1SN9,0.0027913046,0.004548055,571320
20100317,13:30:00.000,BBG000BVB8Q0,-0.014091975,-0.004914304,1212042
20100317,13:30:00.000,BBG000BSC0K9,-0.006584864,-0.0028200073,402849
20100317,13:30:00.000,BBG000C7LMS8,0.009307269,0.01693003,326367
20100317,13:30:00.000,BBG000BB5792,0.0032995187,0.01431387,1195259
20100317,13:30:00.000,BBG000BFDLV8,0.019173997,0.02757518,342477
20100317,13:30:00.000,BBG000BTLMX5,0.0020963345,0.011622205,577045
20100317,13:30:00.000,BBG000CQB185,0.024299653,0.037788182,948387
20100317,13:30:00.000,BBG000BKVJK4,0.0062114066,0.008853942,567357
20100317,13:30:00.000,BBG000BQC9V2,0.011538177,0.018704256,3364191
20100317,13:30:00.000,BBG000CC53X1,0.009244699,0.019803168,712507
20100317,13:30:00.000,BBG000C45984,-0.0034685635,0.005186426,743572
20100317,13:30:00.000,BBG000BJNGN9,0.00024398767,0.015258795,1693643
20100317,13:30:00.000,BBG000FQRVM3,0.00265384,0.005607604,420188
20100317,13:30:00.000,BBG000D2M0Z7,-0.008411809,0.00054990925,354895
20100317,13:30:00.000,BBG000K82ZT8,-0.009834842,-0.003620309,718043
20100317,13:30:00.000,BBG000BF5RY1,-0.0023192368,-0.0014636598,4453164
20100317,13:30:00.000,BBG000BNMHS4,-0.0011786963,0.010582298,535991
20100317,13:30:00.000,BBG000CPHYL4,-0.0066655725,-0.0017470111,5627769
20100317,13:30:00.000,GEN_EQ0000000000852052,0.007040668,0.026208548,730802
20100317,13:30:00.000,BBG000BCHG15,0.021475978,0.031205516,415595
20100317,13:30:00.000,BBG000BNNKG9,0.010921868,0.022853617,1652098
20100317,13:30:00.000,BBG000DR22B6,-0.018662719,-0.005323596,1615261
20100317,13:30:00.000,BBG000BHK836,-0.009691373,0.002986869,917741
20100317,13:30:00.000,BBG000BV4DR6,0.0066159745,0.028235344,2598679
20100317,13:30:00.000,BBG000BC9938,-0.018108202,-0.006754337,692147
20100317,13:30:00.000,BBG000DSMS70,-0.007350515,-0.0047352156,347813
20100317,13:30:00.000,BBG000BWCKB6,0.0016637356,0.0072632297,353979
20100317,13:30:00.000,BBG000BP5YT0,-0.0088532865,0.011741554,3634778
20100317,13:30:00.000,BBG000BGYWY6,-0.00046089542,0.010340744,822226
20100317,13:30:00.000,GEN_EQ0010580600001000,0.0067738965,0.019923853,1002571
20100317,13:30:00.000,BBG000BFJ645,0.015322602,0.015377512,2016085
20100317,13:30:00.000,BBG000PV2L86,0.0065112007,0.009142533,1325556
20100317,13:30:00.000,BBG000BXBHJ4,-0.009684573,-0.0007429801,536418
20100317,13:30:00.000,BBG000BB29X4,-0.0019317807,0.0006573107,666496
20100317,13:30:00.000,BBG000BBBP59,0.0014056354,0.009372778,317104
20100317,13:30:00.000,BBG000BVHBM1,0.003164718,0.0019539264,1468165
20100317,13:30:00.000,BBG000BWGYF8,0.039540846,0.07675792,2445704
20100317,13:30:00.000,BBG000BBL8V7,0.011113775,0.026200112,1800115
20100317,13:30:00.000,BBG000BPNP00,-0.0045392103,0.016448313,799407
20100317,13:30:00.000,BBG000RGM5P1,,,897604
20100317,13:30:00.000,BBG000FKYVH4,0.00405165,0.0146049615,466570
20100317,13:30:00.000,BBG000BGXZB5,0.0059240563,0.004738439,2596382
20100317,13:30:00.000,BBG000BTQ9G8,0.00053155853,0.0069221947,1346859
20100317,13:30:00.000,BBG000BCTQ65,0.0072178785,0.007043822,842538
20100317,13:30:00.000,BBG000BK2F42,0.0077992557,0.018711602,1275260
20100317,13:30:00.000,BBG000F7RCJ1,-0.0075452635,0.003663844,544627
20100317,13:30:00.000,BBG000C2YHG9,-0.006430376,-0.00510619,932400
20100317,13:30:00.000,BBG000BRJL00,-0.001150618,0.0051884097,1151736
20100317,13:30:00.000,BBG000BQT4L6,-0.0037504376,0.00514316,1533931
20100317,13:30:00.000,BBG000FDBX90,0.00079498976,0.0027684465,1084182
20100317,13:30:00.000,BBG000BKR1D6,-0.005611026,0.0064952048,281042
20100317,13:30:00.000,GEN_EQ0010003600001000,-0.004739068,0.0012737202,897455
20100317,13:30:00.000,BBG000BPXVJ6,-0.0032480394,-0.0013854558,1352410
20100317,13:30:00.000,BBG000BN84F3,0.008517617,0.011672279,606124
20100317,13:30:00.000,BBG000DSZTN6,0.011309932,0.0254725,1129023
20100317,13:30:00.000,BBG000BBCDZ2,-0.005936184,0.0036132236,430771
20100317,13:30:00.000,BBG000PQ6YJ3,-0.013037138,-0.0011409598,197963
20100317,13:30:00.000,BBG000HQ7GC7,-0.011900799,0.003631764,1089801
20100317,13:30:00.000,BBG000BC15S7,-0.0039019051,0.005015689,530286
20100317,13:30:00.000,BBG000PX3XC0,-0.0015248426,0.012904242,395265
20100317,13:30:00.000,BBG000BSXQV7,0.0045804786,0.012912867,366091
20100317,13:30:00.000,BBG000BP1Q11,0.00408157,0.007779174,435001
20100317,13:30:00.000,GEN_EQ0010206100001000,-0.0197731,-0.020100648,4286734
20100317,13:30:00.000,BBG000C3GN47,0.0055353735,0.016279973,651949
20100317,13:30:00.000,BBG000BN7277,-0.003257756,0.010311739,1509157
20100317,13:30:00.000,BBG000C3NTN5,6.670494e-05,0.0010432492,1391767
20100317,13:30:00.000,BBG000DWB323,-0.002156358,0.013336835,2140813
20100317,13:30:00.000,BBG000BR1W32,-0.0056000277,0.010511403,835851
20100317,13:30:00.000,BBG000BF2KK4,-0.0046026506,0.0038018206,997067
20100317,13:30:00.000,BBG000BNBPQ0,0.010834078,0.031716768,1058120
20100317,13:30:00.000,BBG000BWXL85,0.00048322722,0.0073550893,932366
20100317,13:30:00.000,GEN_EQ0010624300001000,0.006102223,0.0065883268,1244249
20100317,13:30:00.000,BBG000JBN3X6,-0.0040283147,-0.010316359,3423834
20100317,13:30:00.000,BBG000BFNR17,-0.006746648,0.007300692,993379
20100317,13:30:00.000,BBG000CXYSZ6,0.029090934,0.03398079,636536
20100317,13:30:00.000,BBG000FV1Z23,-0.015965512,-0.013311946,1396207
20100317,13:30:00.000,GEN_EQ0010548100001000,0.032185957,0.05259859,5156644
20100317,13:30:00.000,GEN_EQ0010141600001000,0.0021039261,0.016027626,1366260
20100317,13:30:00.000,BBG000BW2QX0,0.0010467785,0.019011462,2472535
20100317,13:30:00.000,BBG000C1S2X2,-0.012558714,-0.01555559,684012
20100317,13:30:00.000,BBG000BVXPZ8,0.01032255,0.019007701,2256951
20100317,13:30:00.000,BBG000B9ZV28,0.008016411,0.017209819,267583
20100317,13:30:00.000,BBG000CPQZ77,-0.006066051,0.0059837727,888826
20100317,13:30:00.000,BBG000BGD7W6,-0.0048436825,-0.0006951006,1564554
20100317,13:30:00.000,GEN_EQ0010168800001000,-0.013195692,-0.007797116,17215088
20100317,13:30:00.000,BBG000D9KWL9,-0.0025675716,0.010378262,243156
20100317,13:30:00.000,BBG000BR37X2,0.017943721,0.031666614,4269427
20100317,13:30:00.000,BBG000BR54L0,-0.0005327422,0.0052649328,2675864
20100317,13:30:00.000,BBG000BLHRS2,-0.012480359,-0.00839094,884609
20100317,13:30:00.000,BBG000BX3BL3,-0.0118130315,0.013097483,606460
20100317,13:30:00.000,BBG000BL5W86,0.004509894,0.029590795,6398309
20100317,13:30:00.000,BBG000BJKPG0,0.003901168,0.01540399,690491
20100317,13:30:00.000,BBG000BCYP43,0.008666837,0.011295578,441446
20100317,13:30:00.000,BBG000MBDGM6,0.010695425,0.02678494,311831
20100317,13:30:00.000,BBG000CGT2S4,-0.013268831,-0.0018622577,558224
20100317,13:30:00.000,BBG000BMFFQ0,0.0017177585,0.021825582,1032894
20100317,13:30:00.000,BBG000BWVSR1,0.00022852568,0.003687312,694531
20100317,13:30:00.000,BBG000FL0BC8,-0.024599437,-0.014437727,2217717
20100317,13:30:00.000,BBG000F86GP6,-0.0128320865,-0.00069698895,448190
20100317,13:30:00.000,BBG000BHB3M6,0.004696833,0.014878095,369420
20100317,13:30:00.000,BBG000BDWKC5,0.0030008936,0.013130372,1768949
20100317,13:30:00.000,BBG000BJDPC2,0.019778425,0.022306928,1598491
20100317,13:30:00.000,BBG000BP4MH0,-0.0027012902,0.005715777,2442564
20100317,13:30:00.000,BBG000C9W1Y1,,,2064063
20100317,13:30:00.000,BBG000BKSL41,0.004067023,0.014498495,2206527
20100317,13:30:00.000,BBG000CVWGS6,0.008872442,0.014610823,9263272
20100317,13:30:00.000,BBG000F80SZ5,0.013373491,0.02766848,4515600
20100317,13:30:00.000,BBG000DKCC19,0.0028776736,0.005658725,1952549
20100317,13:30:00.000,GEN_EQ0010091900001000,0.020700656,0.023037761,342421
20100317,13:30:00.000,BBG000BG7986,0.00953102,0.006850303,1113086
20100317,13:30:00.000,BBG000D7RKJ5,0.0020965945,0.006689524,829997
20100317,13:30:00.000,BBG000KLB4Q1,0.014770946,0.033812284,2648956
20100317,13:30:00.000,BBG000DQTXY6,-0.010792857,-0.008433016,2104197
20100317,13:30:00.000,BBG000BFS7D3,0.010251036,0.011802839,1584475
20100317,13:30:00.000,BBG000BV75B7,-0.012914944,-0.014799455,1345278
20100317,13:30:00.000,BBG000C2PW58,0.038971726,0.053339824,549359
20100317,13:30:00.000,BBG000BKZTP3,-0.023245532,-0.0077671846,2390335
20100317,13:30:00.000,BBG000CFJL87,0.0052531743,0.0017827443,1086413
20100317,13:30:00.000,BBG000QY3XZ2,-0.0032725611,0.011860395,2274424
20100317,13:30:00.000,BBG000BJ5GK2,-0.00306424,0.0054665497,539121
20100317,13:30:00.000,BBG000Q0BPZ4,0.028130116,0.042994075,3819530
20100317,13:30:00.000,BBG000NSCNT7,0.009619784,0.039500993,3130715
20100317,13:30:00.000,GEN_EQ0010104800001000,0.0035530834,0.018976795,4362251
20100317,13:30:00.000,BBG000G8N9C6,-0.0030314683,-0.0006300013,894015
20100317,13:30:00.000,BBG000BHKYH4,-0.0071058683,0.00045821012,711695
20100317,13:30:00.000,BBG000BK1FD3,-0.022344096,-0.002514772,1798824
20100317,13:30:00.000,BBG000BT4T69,-0.00043049362,0.0035654001,3970711
20100317,13:30:00.000,GEN_EQ0011591100001000,0.00045714105,0.009086889,1228920
20100317,13:30:00.000,BBG000FFH4P5,-0.0010834106,0.009271129,394481
20100317,13:30:00.000,BBG000BGRKT6,0.010799848,0.012691886,464144
20100317,13:30:00.000,BBG000DN7P92,0.008019502,0.011548121,807112
20100317,13:30:00.000,BBG000M4SW14,0.0057407203,0.017439812,550137
20100317,13:30:00.000,BBG000BNGTQ7,0.0013326255,0.0028314888,2120501
20100317,13:30:00.000,BBG000BL79J3,-0.009247199,-0.007278463,1544864
20100317,13:30:00.000,BBG000BDG1Y1,-0.004698569,0.0039381306,1315554
20100317,13:30:00.000,BBG000D9DMK0,0.0067535713,0.011065096,464425
20100317,13:30:00.000,BBG000BVPPM1,0.012056813,0.026552139,3655366
20100317,13:30:00.000,BBG000D3MB18,-0.010637098,-0.0028783234,2148662
20100317,13:30:00.000,BBG000DGPR66,0.0077853655,0.015822252,499908
20100317,13:30:00.000,BBG000BLDV98,-0.0036673117,-0.0047243596,1890605
20100317,13:30:00.000,BBG000C6F3T8,0.0014607782,0.008868326,2034444
20100317,13:30:00.000,BBG000BS0ZF1,0.004186351,0.009767365,256139
20100317,13:30:00.000,BBG000DNTSP4,-0.008968985,0.0017822701,767278
20100317,13:30:00.000,BBG000LL9LQ5,-0.0068386034,0.0074463338,1636740
20100317,13:30:00.000,GEN_EQ0140919900001000,0.0039591854,0.005323144,851263
20100317,13:30:00.000,BBG000QRSL13,-0.012336537,0.0033586684,5961018
20100317,13:30:00.000,BBG000BRJ809,0.012153493,0.016637873,477295
20100317,13:30:00.000,BBG000D1QCF1,-0.0124943275,0.003709547,788317
20100317,13:30:00.000,BBG000BLCPY4,0.0072500613,0.010874888,930655
20100317,13:30:00.000,BBG000CNWNL6,0.012271247,0.035039224,1508128
20100317,13:30:00.000,BBG000DV7MX4,-0.016039947,0.0061842594,6873506
20100317,13:30:00.000,BBG000BP1152,-0.027137721,-0.01566895,3052788
20100317,13:30:00.000,BBG000BHCP19,-0.008011898,0.0116414325,1953817
20100317,13:30:00.000,BBG000BGKHZ3,-0.013770095,0.00074744056,743811
20100317,13:30:00.000,BBG000BMB7R1,0.0023893835,0.008645282,570886
20100317,13:30:00.000,BBG000BHLYS1,-0.0013823719,-0.0013497334,767470
20100317,13:30:00.000,BBG000BKWSR6,0.01982177,0.03626396,14904519
20100317,13:30:00.000,BBG000JN9BQ6,0.013827142,0.019649073,793845
20100317,13:30:00.000,BBG000BRZBT3,0.0019035279,0.010470431,1542784
20100317,13:30:00.000,BBG000FBK808,0.011986199,0.024832848,7798745
20100317,13:30:00.000,BBG000BXRPH1,-0.012714573,0.0012085426,855931
20100317,13:30:00.000,BBG000BQSQ38,-0.0059590675,0.006502284,1054327
20100317,13:30:00.000,BBG000BVMPN3,0.010301274,0.026557885,719154
20100317,13:30:00.000,BBG000BGFLL5,0.005570331,0.02185621,1578477
20100317,13:30:00.000,BBG000BJ98Z0,0.036746494,0.035796348,1141192
20100317,13:30:00.000,BBG000NDZ417,-0.010702351,-1.676656e-05,933147
20100317,13:30:00.000,BBG000BKPL53,-0.00707157,-0.0034618275,853743
20100317,13:30:00.000,BBG000BD0TF8,0.012711382,0.028376607,570279
20100317,13:30:00.000,BBG000BY2Y78,0.016896946,0.036042314,2467195
20100317,13:30:00.000,BBG000BPMH90,0.0053753625,0.020203624,1011934
20100317,13:30:00.000,BBG000BBNYF6,0.013574822,0.02078244,985910
20100317,13:30:00.000,BBG000FJRZ68,-0.0051429784,-0.0015845104,1261508
20100317,13:30:00.000,BBG000FKJRC5,0.0035874285,0.00771998,382404
20100317,13:30:00.000,BBG000CL9VN6,0.00015818447,0.009270918,374689
20100317,13:30:00.000,BBG000BK6G19,-0.0027569802,0.0062704785,682640
20100317,13:30:00.000,BBG000C23KJ3,-0.013205597,-0.005895443,5081413
20100317,13:30:00.000,BBG000BB5BF6,-0.00764699,0.0020614176,2562891
20100317,13:30:00.000,BBG000BK5DP1,0.0058494657,0.01645879,2202336
20100317,13:30:00.000,BBG000BJVZF7,0.005762348,0.006849542,757373
20100317,13:30:00.000,BBG000BN5HF7,-0.004588053,0.00477258,2291961
20100317,13:30:00.000,BBG000BL9439,-0.0032169987,0.0012682645,770153
20100317,13:30:00.000,BBG000BJQWD2,0.0052271667,0.020527372,2004585
20100317,13:30:00.000,BBG000D8RG11,-0.005455979,-0.0008875806,1280678
20100317,13:30:00.000,BBG000BS9489,0.008425893,0.013257167,770432
20100317,13:30:00.000,BBG000BH5DV1,-0.0057931156,0.0001443846,1650722
20100317,13:30:00.000,BBG000BMKDM3,-0.0035568005,-0.0008517192,973874
20100317,13:30:00.000,BBG000C75N77,-0.0051212385,0.00795688,1842666
20100317,13:30:00.000,BBG000BKXFN7,-0.010543281,-0.0040366477,3151135
20100317,13:30:00.000,BBG000BTCH57,0.0037421724,0.01139136,869591
20100317,13:30:00.000,BBG000BM7HL0,-0.001719753,0.01177865,1673415
20100317,13:30:00.000,BBG000BNFLM9,-0.0066496944,0.0077016223,1647412
20100317,13:30:00.000,BBG000BBVCN6,0.0002954162,0.0004801744,388972
20100317,13:30:00.000,BBG000LD9JQ8,-0.010943947,-0.0015625813,2306699
20100317,13:30:00.000,BBG000MDCQC2,-0.0063354843,-0.002820724,1541054
20100317,13:30:00.000,BBG000BLBXT4,-0.010884353,-0.005649463,1476729
20100317,13:30:00.000,BBG000BDXGP9,0.005029038,0.006248898,1443763
20100317,13:30:00.000,BBG000BR3KL6,0.008375725,0.016835395,767535
20100317,13:30:00.000,BBG000BX9WL1,0.037941653,0.060374487,7575418
20100317,13:30:00.000,BBG000BQ74K1,0.0030702755,0.0149740055,640374
20100317,13:30:00.000,BBG000BWSV34,0.0027466759,0.008116432,530280
20100317,13:30:00.000,BBG000BQZMH4,-0.011308302,-0.008676867,1909818
20100317,13:30:00.000,GEN_EQ0010066700001000,-0.0064238016,-0.0039576427,967324
20100317,13:30:00.000,BBG000BQVTF5,0.000117373056,0.010063327,1367026
20100317,13:30:00.000,BBG000LC1FS4,0.012899686,0.026966887,1026887
20100317,13:30:00.000,GEN_EQ0010050500001000,-0.010787549,0.0008930986,4586459
20100317,13:30:00.000,BBG000G3QLY3,0.015143332,0.02275797,683742
20100317,13:30:00.000,BBG000QBR5J5,-0.01327476,0.0006529383,6249875
20100317,13:30:00.000,BBG000BTQR96,0.0039227395,0.010736467,1257161
20100317,13:30:00.000,GEN_EQ0012661800001000,-0.014104383,-0.011031679,1263922
20100317,13:30:00.000,BBG000CKJ0P3,0.00144218,0.0005615415,507556
20100317,13:30:00.000,BBG000HGYNZ9,-0.0027698546,0.007145491,2650164
20100317,13:30:00.000,BBG000BV7LP7,0.004091095,0.012387826,1820287
20100317,13:30:00.000,BBG000BBVK30,-0.004741579,-0.0072431676,6986258
20100317,13:30:00.000,BBG000BFXHL6,-0.013552179,-0.011668116,2078025
20100317,13:30:00.000,BBG000BGLRN3,0.0043503717,0.006604428,1224225
20100317,13:30:00.000,BBG000C2V3D6,-0.008702373,0.004488353,1228204
20100317,13:30:00.000,BBG000BGVW60,0.011024639,0.010274524,2896312
20100317,13:30:00.000,BBG000BTVJ25,0.004545926,0.013270563,2311790
20100317,13:30:00.000,GEN_EQ0010020500001000,0.0032995178,0.016954223,1928810
20100317,13:30:00.000,BBG000BHQ1H0,0.0113554355,0.010565177,517223
20100317,13:30:00.000,BBG000BNC3Y9,0.051969964,0.07801765,5857704
20100317,13:30:00.000,BBG000BVVQQ8,-0.009129938,0.006555755,1653921
20100317,13:30:00.000,GEN_EQ0010281900001000,-0.002621494,-0.0016239055,626390
20100317,13:30:00.000,BBG000C1FB75,-0.004724271,0.011134403,254680
20100317,13:30:00.000,BBG000BFTJ91,0.009609829,0.010189231,3344655
20100317,13:30:00.000,BBG000C1FQS9,-0.009983303,-0.005854187,639635
20100317,13:30:00.000,BBG000BSBZH7,0.0021260353,-0.00064615195,1118617
20100317,13:30:00.000,BBG000F15NW9,-0.015687127,-0.015230111,2790022
20100317,13:30:00.000,BBG000BPT0C6,0.018155579,0.02735594,1181153
20100317,13:30:00.000,GEN_EQ0010145600001000,0.00025091867,-0.0024927226,2464191
20100317,13:30:00.000,BBG000H89QJ6,0.0058685443,0.0063870973,1098462
20100317,13:30:00.000,BBG000BR14K5,0.0011982361,0.0125930365,1211205
20100317,13:30:00.000,BBG000BP6L99,0.012797438,0.019766286,16297850
20100317,13:30:00.000,BBG000BQWPC5,0.0022439174,0.0010402787,682660
20100317,13:30:00.000,BBG000BNNYW1,-0.00020774905,0.0047554104,1075252
20100317,13:30:00.000,BBG000BJ3PD2,0.0056837182,0.013273664,604754
20100317,13:30:00.000,BBG000PVRDL2,0.026339807,0.040365722,5301460
20100317,13:30:00.000,BBG000C2ZCH8,0.0005592684,-0.0005964443,617547
20100317,13:30:00.000,BBG000TK7PB8,0.024029791,0.046025533,4599414
20100317,13:30:00.000,BBG000BB6M98,-0.005518924,-0.001636741,1113296
20100317,13:30:00.000,BBG000HW5GX3,0.007130713,0.016119262,873287
20100317,13:30:00.000,BBG000BLKK03,0.0068697417,0.0076563274,1093549
20100317,13:30:00.000,BBG000BCZYD3,0.0035022118,0.0039250283,386190
20100317,13:30:00.000,BBG000CSY9H9,-0.013057684,-0.0034761908,909979
20100317,13:30:00.000,BBG000BB9KF2,-0.0020576601,0.00043168827,784812
20100317,13:30:00.000,BBG000BMQPL1,0.009716325,0.027290376,10419402
20100317,13:30:00.000,BBG000BMTFR4,-0.005920423,0.010854786,1903322
20100317,13:30:00.000,BBG000H9G7X2,0.009758207,0.012064754,1000151
20100317,13:30:00.000,BBG000BCNYT9,0.0032669185,0.008621987,1286683
20100317,13:30:00.000,BBG000C0MF34,-0.0058646635,0.00037463976,540063
20100317,13:30:00.000,BBG000BN2DC2,-0.0066078887,0.005148919,605449
20100317,13:30:00.000,BBG000BN9WT5,-0.0028067462,0.016327778,3894002
20100317,13:30:00.000,BBG000BQ5DS5,0.0027885044,0.0025384817,920921
20100317,13:30:00.000,BBG000BCGY17,-0.007625313,-0.0057164254,934448
20100317,13:30:00.000,BBG000BB6G37,-0.0020485448,0.016658127,2013503
20100317,13:30:00.000,BBG000CHPY97,-0.029244794,-0.021138212,3803261
20100317,13:30:00.000,BBG000TWC2V5,0.0061028553,0.005187515,1158277
20100317,13:30:00.000,GEN_EQ0117562400001000,-0.0064067706,-0.0037136984,8392837
20100317,13:30:00.000,BBG000BP0KQ8,0.007273584,0.018988637,3463977
20100317,13:30:00.000,BBG000BB5373,0.021991061,0.03581774,5620237
20100317,13:30:00.000,BBG000BM6788,-0.012548921,-0.003918285,1860945
20100317,13:30:00.000,BBG000BH3JF8,-0.010274446,-0.0064745117,1227580
20100317,13:30:00.000,GEN_EQ0085215200001000,0.006958778,0.018652622,3783864
20100317,13:30:00.000,BBG000BQ2C28,0.002121619,0.0073478594,697273
20100317,13:30:00.000,BBG000BX5ZF5,-0.021420255,-0.009905887,10701889
20100317,13:30:00.000,BBG000BMDV41,0.01012678,0.014833343,1311465
20100317,13:30:00.000,GEN_EQ0010319800003000,-0.015197828,-0.019822635,2776611
20100317,13:30:00.000,BBG000BG14P4,-0.001478456,0.010294031,785968
20100317,13:30:00.000,BBG000GC80B4,,,1891743
20100317,13:30:00.000,BBG000BB2DM7,-0.00660009,0.007156497,4890698
20100317,13:30:00.000,BBG000BWJFZ4,-0.009396559,-0.008527939,1205276
20100317,13:30:00.000,BBG000BHGDH5,-0.00065587624,-0.0006020544,3589681
20100317,13:30:00.000,BBG000BZ2GG4,-0.0050665406,0.007156802,2036504
20100317,13:30:00.000,BBG000D898T9,0.0018301345,0.0048168357,1237053
20100317,13:30:00.000,BBG000BMF5J0,-0.0067248987,0.0011395462,1467738
20100317,13:30:00.000,BBG000BKLH74,-0.0061226035,-0.0077301757,3802741
20100317,13:30:00.000,BBG000BGPTV6,-0.008838478,0.0013183149,1641266
20100317,13:30:00.000,BBG000BH3GZ2,0.0086050425,0.01913085,2843340
20100317,13:30:00.000,BBG000BVWLJ6,-0.008594006,0.0005370832,1501344
20100317,13:30:00.000,BBG000C496P7,-0.019945662,-0.010159507,4494434
20100317,13:30:00.000,BBG000JG0547,0.00612218,0.012545494,1394607
20100317,13:30:00.000,BBG000DYGNW7,0.008332644,0.010683049,835546
20100317,13:30:00.000,BBG000BNJHS8,-0.0024568394,-0.0060719135,4366703
20100317,13:30:00.000,BBG000BPQD31,0.0017431317,0.003169504,1518788
20100317,13:30:00.000,BBG000BT9DW0,0.0017501552,0.0015052165,1524043
20100317,13:30:00.000,BBG000BB2KW0,-0.012618602,-0.011518488,686048
20100317,13:30:00.000,BBG000BK67C7,0.009924277,0.011053743,929068
20100317,13:30:00.000,BBG000DHSPT0,-0.008639504,-0.0049492083,1040359
20100317,13:30:00.000,BBG000BFMBQ6,-0.0023144477,-0.0041466444,1095695
20100317,13:30:00.000,BBG000B9WJ73,0.0067915097,0.026524164,5273610
20100317,13:30:00.000,BBG000FVXD63,-0.0109515535,0.0006916921,1730012
20100317,13:30:00.000,BBG000B9XYV2,-0.008056928,-0.0050802454,1991422
20100317,13:30:00.000,BBG000BMBL90,0.009787358,0.016366169,2325525
20100317,13:30:00.000,BBG000BB1TH9,-0.0031456435,0.012753281,833768
20100317,13:30:00.000,BBG000BVMGF2,-0.0011668351,0.0157989,3141447
20100317,13:30:00.000,BBG000BSD7C2,-0.0025116478,-0.00044002334,702015
20100317,13:30:00.000,BBG000J5Q6L2,-0.023151465,0.0018112583,4971906
20100317,13:30:00.000,BBG000BC4JJ4,-0.009831202,-0.0061454372,875695
20100317,13:30:00.000,BBG000BM5SR2,0.026583128,0.061724417,8643924
20100317,13:30:00.000,BBG000BJPDZ1,0.0064359847,0.0070152427,241956
20100317,13:30:00.000,BBG000BZTW70,-0.014640715,-0.008847388,3257044
20100317,13:30:00.000,BBG000C5HS04,0.000821562,0.0042614983,1226744
20100317,13:30:00.000,BBG000M65M61,-0.028833093,-0.026752798,7739486
20100317,13:30:00.000,BBG000BY29C7,0.0012766159,0.0092536025,1063801
20100317,13:30:00.000,BBG000BB6WG8,0.006389781,0.013997054,2602239
20100317,13:30:00.000,GEN_EQ0010172300001000,-0.006293997,-0.0061064446,736021
20100317,13:30:00.000,BBG000C2BXK4,0.0022713554,0.017093727,22175316
20100317,13:30:00.000,BBG000BBBNC6,-0.0050450065,0.021779055,1249587
20100317,13:30:00.000,BBG000PM7GJ0,0.029313065,0.047659986,2579810
20100317,13:30:00.000,BBG000Q3JN03,0.0021841323,0.02265165,16788744
20100317,13:30:00.000,BBG000C0LW92,-0.024682218,-0.016937105,39399800
20100317,13:30:00.000,BBG000BF1R66,0.009646115,0.020473804,1249203
20100317,13:30:00.000,BBG000NSQ9M0,-0.012004362,0.0019593074,6233856
20100317,13:30:00.000,BBG000FQ6PY6,-0.042900752,-0.03749495,10937904
20100317,13:30:00.000,BBG000BWVCP8,-0.014019479,0.0017313965,3575454
20100317,13:30:00.000,BBG000BJSBJ0,-0.002078538,0.000731137,721126
20100317,13:30:00.000,BBG000BLM0V1,,,948756
20100317,13:30:00.000,BBG000BMY992,0.0002755424,0.007176643,3770524
20100317,13:30:00.000,BBG000BVDLH9,0.0053233565,0.0072718305,1663428
20100317,13:30:00.000,BBG000C0F570,0.0024568161,0.020048203,3034918
20100317,13:30:00.000,BBG000BBQCY0,0.013344212,0.030900069,14169525
20100317,13:30:00.000,GEN_EQ0000000001064567,0.0011910999,0.014775845,1034626
20100317,13:30:00.000,BBG000BKCFC2,-0.0036506013,-0.0026609837,798820
20100317,13:30:00.000,BBG000CGQ6M4,0.010335952,0.010985447,790822
20100317,13:30:00.000,BBG000C17X76,-0.0027666122,-0.0023436856,867915
20100317,13:30:00.000,BBG000DTMH63,,,2208853
20100317,13:30:00.000,BBG000R7Z112,-0.00084275106,0.0015409742,4716291
20100317,13:30:00.000,BBG000BBMSJ6,-0.0053677936,0.012197761,4076230
20100317,13:30:00.000,BBG000BY33P5,-0.00070873013,0.007570971,2055051
20100317,13:30:00.000,BBG000BV8DN6,0.0014599843,-0.00034724415,1308845
20100317,13:30:00.000,GEN_EQ0010135600001000,0.00638521,0.019835707,3448585
20100317,13:30:00.000,BBG000JN8R00,0.0038645389,0.020063834,1010558
20100317,13:30:00.000,BBG000K14Q84,-0.018786404,-0.0038057605,1400852
20100317,13:30:00.000,BBG000BBDV81,-0.0014525104,0.012879185,991228
20100317,13:30:00.000,BBG000BMW2Z0,0.006165085,0.0069418545,1598706
20100317,13:30:00.000,BBG000DLVDK3,0.00012564794,0.012289872,1596569
20100317,13:30:00.000,BBG000CKVSG8,-0.00060996535,0.015905505,2595855
20100317,13:30:00.000,BBG000G0Z878,0.039829273,0.06423165,13268416
20100317,13:30:00.000,BBG000BGJRC8,-0.0007430898,-0.0007750197,965614
20100317,13:30:00.000,BBG000BL8GJ6,-0.011089938,0.004058365,4977485
20100317,13:30:00.000,BBG000HCJMF9,-0.005107677,0.016387306,1657832
20100317,13:30:00.000,BBG000BB6KF5,-0.00028969822,0.018509042,3097616
20100317,13:30:00.000,BBG000BYYLS8,0.00023793419,0.011714347,3029816
20100317,13:30:00.000,BBG000FJLFX8,-0.005473734,-0.0056294114,2340421
20100317,13:30:00.000,BBG000D9D830,0.012400453,0.02333026,2327970
20100317,13:30:00.000,BBG000BHX7N2,-0.00016670045,0.0067755715,1200570
20100317,13:30:00.000,BBG000CTQBF3,-0.0076753404,0.0071237534,3951863
20100317,13:30:00.000,BBG000BBD070,0.0036204797,0.019781193,1450316
20100317,13:30:00.000,BBG000BH2JM1,-0.016299779,-0.008683549,8599470
20100317,13:30:00.000,BBG000CS7CT9,0.0034167683,0.0066349576,1739787
20100317,13:30:00.000,BBG000BFL116,-0.01570901,-0.005333589,574631
20100317,13:30:00.000,BBG000BFC8J2,0.013805171,0.014087294,1670401
20100317,13:30:00.000,BBG000C15T95,-0.0040109204,-0.0052683395,701147
20100317,13:30:00.000,BBG000FP1N32,-0.007860795,0.003768912,2280027
20100317,13:30:00.000,BBG000JWD753,-0.012645676,0.00049821846,25734716
20100317,13:30:00.000,BBG000BWNFZ9,0.011718294,0.024361601,4287417
20100317,13:30:00.000,BBG000BSLZY7,-0.011313685,0.0016248558,6501455
20100317,13:30:00.000,BBG000BCBCM7,0.0016402929,0.0033858875,3715382
20100317,13:30:00.000,BBG000BBGGQ1,-0.003819509,0.008266771,6252547
20100317,13:30:00.000,BBG000BCWCG1,-0.0032398438,0.0078373095,2437493
20100317,13:30:00.000,BBG000BLBVN4,0.00088003476,0.011108307,552783
20100317,13:30:00.000,BBG000C46HM9,-0.012464199,-0.008308257,4334684
20100317,13:30:00.000,BBG000BTKGG8,0.01099986,0.028879285,3800453
20100317,13:30:00.000,GEN_EQ0010059600001000,0.053528175,0.074229084,7293731
20100317,13:30:00.000,BBG000C8H633,0.006126124,0.020204954,3562661
20100317,13:30:00.000,BBG000BTR593,0.0059220064,0.014911395,3199205
20100317,13:30:00.000,GEN_EQ0000000000158587,0.0036395523,0.006556983,1196941
20100317,13:30:00.000,BBG000F6H8W8,-0.0010839207,0.0068144295,1467634
20100317,13:30:00.000,BBG000BFQYY3,-0.0048274067,-0.004315169,1478714
20100317,13:30:00.000,BBG000BNBDC2,0.001462201,3.6832932e-07,3116753
20100317,13:30:00.000,BBG000BSJTT0,-0.0011378969,0.015157203,2755804
20100317,13:30:00.000,BBG000BJL3N0,0.0015069419,0.01638776,7833466
20100317,13:30:00.000,BBG000BYWTX7,-0.0070281057,0.010780308,9409573
20100317,13:30:00.000,BBG000BD8PN9,0.003411018,0.014221486,2804378
20100317,13:30:00.000,BBG000BHLYP4,-0.0043905424,0.007778567,148925
20100317,13:30:00.000,BBG000C1BW00,-0.00029870318,0.0017137277,1169807
20100317,13:30:00.000,BBG000J6XT05,-0.0065187216,-0.0008811675,1826890
20100317,13:30:00.000,BBG000BJX8C8,0.004757555,0.021766083,2247359
20100317,13:30:00.000,BBG000BCVJ77,0.0065582083,0.0049934364,1358569
20100317,13:30:00.000,BBG000BZ9223,-0.008023931,-0.0012431799,1487616
20100317,13:30:00.000,BBG000H556T9,-0.0069830185,-0.00046544682,2481341
20100317,13:30:00.000,BBG000BJF1Z8,0.007403554,0.014158377,2198000
20100317,13:30:00.000,BBG000BB5006,0.011881665,0.019706497,5468807
20100317,13:30:00.000,BBG000F0KF42,,,7500396
20100317,13:30:00.000,BBG000BKFBD7,0.00289757,0.020967163,2421879
20100317,13:30:00.000,BBG000BFDXW1,-0.008374407,0.007313747,1973357
20100317,13:30:00.000,BBG000BW3299,0.00043729358,-0.0022476001,2202202
20100317,13:30:00.000,BBG000F0PF65,-0.0004647698,0.006116791,2707086
20100317,13:30:00.000,BBG000BNWG87,-0.00794477,-0.007316185,3148303
20100317,13:30:00.000,BBG000BH13K9,0.0066241035,0.011691044,2896556
20100317,13:30:00.000,BBG000BH1NH9,0.0069292993,0.015266613,2010204
20100317,13:30:00.000,BBG000DY8ZS4,-0.013127138,0.0022914119,8435072
20100317,13:30:00.000,BBG000BP8Z50,-0.025003424,-0.012203952,13635007
20100317,13:30:00.000,BBG000BJ81C1,0.00206678,0.010782096,2185113
20100317,13:30:00.000,BBG000BBVJZ8,-0.0103406785,-0.0031734854,4563801
20100317,13:30:00.000,BBG000BQ8KV2,-0.020702388,-0.011607685,4196846
20100317,13:30:00.000,BBG000BGKTF9,-0.018621217,0.0009908974,2964718
20100317,13:30:00.000,BBG000BFRF55,-0.005087032,0.009812113,3121760
20100317,13:30:00.000,BBG000BRK7L6,0.015942605,0.030416002,7933448
20100317,13:30:00.000,BBG000BWLMJ4,-0.005849004,0.0037668475,2740965
20100317,13:30:00.000,BBG000BD4VG8,0.004695448,0.019794248,2185042
20100317,13:30:00.000,BBG000FW00S1,0.011782247,0.029914903,4632149
20100317,13:30:00.000,BBG000BBJQV0,0.011476478,0.030976834,10422541
20100317,13:30:00.000,BBG000C5Z1S3,-0.004481368,0.019578837,14176907
20100317,13:30:00.000,BBG000BC40Y8,0.015805706,0.026165642,2645626
20100317,13:30:00.000,BBG000DWYF03,-0.0069260583,-0.0021395306,8299292
20100317,13:30:00.000,BBG000BRD0D8,0.008514423,0.022193432,2962268
20100317,13:30:00.000,BBG000H8TVT2,-0.0047105346,-0.0039301827,1524113
20100317,13:30:00.000,BBG000BP6LJ8,-0.0024021002,-0.0034410083,5808913
20100317,13:30:00.000,BBG000BKFZM4,0.022046586,0.030294802,12761379
20100317,13:30:00.000,BBG000BHBK84,-0.0068232436,0.0009836819,4552701
20100317,13:30:00.000,BBG000FG3C43,-0.020190319,-0.0060543222,3910766
20100317,13:30:00.000,BBG000BH23R1,0.020608336,0.032833103,20931724
20100317,13:30:00.000,BBG000F1ZSQ2,-0.019154519,-0.006933642,588091
20100317,13:30:00.000,BBG000GFFQN9,-0.00057358545,0.014053777,7775737
20100317,13:30:00.000,BBG000BNDN65,7.576615e-05,0.008387742,6437352
20100317,13:30:00.000,BBG000C43RR5,0.001982508,0.014928453,8771294
20100317,13:30:00.000,BBG000BP52R2,-0.00022794274,0.0060620694,2153350
20100317,13:30:00.000,BBG000BBPFB9,0.0026745028,0.016860617,18197230
20100317,13:30:00.000,BBG000BC2C10,0.009469536,0.017448183,1271596
20100317,13:30:00.000,BBG000BFT2L4,0.008362125,0.008569247,7117766
20100317,13:30:00.000,BBG000L9CV04,0.0040694186,0.008727708,2597039
20100317,13:30:00.000,BBG000FL1TC8,-0.0045701223,-0.0064859297,3471775
20100317,13:30:00.000,BBG000FFDM15,-0.011315967,0.0007660415,5645429
20100317,13:30:00.000,BBG000BH4R78,-0.0037064678,-0.0038539097,3743348
20100317,13:30:00.000,BBG000B9ZXB4,0.00020898489,-0.004570578,3755343
20100317,13:30:00.000,BBG000BGRY34,0.005891367,0.010874649,3674694
20100317,13:30:00.000,BBG000G2R6M0,-0.007999411,0.004244572,4855703
20100317,13:30:00.000,BBG000BCSST7,0.0074531958,0.0077824555,3370039
20100317,13:30:00.000,BBG000BVV7G1,-0.0047848034,0.012568889,6985430
20100317,13:30:00.000,BBG000BW8S60,-0.004193005,-0.0023473082,2132048
20100317,13:30:00.000,BBG000BL4504,-0.017454252,-0.005509024,8268513
20100317,13:30:00.000,BBG000DQLV23,-0.0017864972,-0.006155272,7402530
20100317,13:30:00.000,BBG000BBS2Y0,-0.0031716612,-0.006354896,2481840
20100317,13:30:00.000,BBG000BHVJJ3,-0.010744155,-0.0026626834,12355119
20100317,13:30:00.000,BBG000J2XL74,0.0061164447,0.008976573,2694957
20100317,13:30:00.000,BBG000CH5208,-0.009595414,-0.009678,6570508
20100317,13:30:00.000,BBG000BCQZS4,-0.0039368016,0.0070897923,4217626
20100317,13:30:00.000,BBG000BFWKC0,0.011573634,0.00964567,4379658
20100317,13:30:00.000,BBG000BCG930,0.0029885434,-0.00080681255,3973878
20100317,13:30:00.000,BBG000PSKYX7,-0.003939257,0.0051323115,1884919
20100317,13:30:00.000,BBG000BPWXK1,-0.0039804764,0.008475056,3594934
20100317,13:30:00.000,BBG000BWXBC2,-0.003967253,-0.00089209084,6836480
20100317,13:30:00.000,BBG000BQQ2S6,0.006689172,0.013903383,2347729
20100317,13:30:00.000,BBG000BH5LT6,-0.003069374,-0.002952046,3311162
20100317,13:30:00.000,BBG000DWG505,-0.0010898741,-0.0015202562,2054206
20100317,13:30:00.000,BBG000BF0K17,0.0012724991,0.0102597065,3096435
20100317,13:30:00.000,BBG000BKTFN2,0.02010509,0.03216124,8444149
20100317,13:30:00.000,BBG000BB07P9,0.0014920995,0.012480039,5412352
20100317,13:30:00.000,BBG000BNSZP1,-0.003878562,0.0019697244,2422114
20100317,13:30:00.000,BBG000BKZB36,-0.00523532,0.0015367843,6405426
20100317,13:30:00.000,BBG000CKGBP2,-0.0027904897,-0.0063187135,4039792
20100317,13:30:00.000,BBG000DH7JK6,0.0013985741,0.0022703614,3106086
20100317,13:30:00.000,BBG000D4LWF6,-0.00020304687,-2.6347504e-07,6164482
20100317,13:30:00.000,BBG000BQQH30,0.010297131,0.017630003,6108499
20100317,13:30:00.000,BBG000B9WH86,0.04002643,0.056540392,44578176
20100317,13:30:00.000,BBG000BQLTW7,0.008902029,0.012294895,16923112
20100317,13:30:00.000,BBG000HS77T5,0.0071905963,0.008017468,8480166
20100317,13:30:00.000,GEN_EQ0011904200001000,0.01032602,0.016465379,11066320
20100317,13:30:00.000,BBG000BLZRJ2,-0.006518241,0.006601088,7305834
20100317,13:30:00.000,BBG000BMX289,0.0020333284,0.0022348915,4895248
20100317,13:30:00.000,BBG000BPD168,-0.0013262543,-0.0065901726,5339508
20100317,13:30:00.000,BBG000BT41Q8,0.008966988,0.020521164,7244817
20100317,13:30:00.000,BBG000BMHYD1,0.0058887852,0.0023256978,4327368
20100317,13:30:00.000,BBG000BR2TH3,0.0055191335,0.0051939837,4230900
20100317,13:30:00.000,BBG000KHWT55,-0.002778424,0.004679215,7583534
20100317,13:30:00.000,BBG000BTZQC4,-0.010304051,-0.01009365,3490589
20100317,13:30:00.000,BBG000BSJK37,0.002592553,0.0023212445,10326086
20100317,13:30:00.000,BBG000BLNNH6,-0.005838569,0.00015539721,2838576
20100317,13:30:00.000,BBG000K4ND22,0.004731149,0.0132447155,5841812
20100317,13:30:00.000,BBG000BX3TD3,-0.014892098,-0.001279384,7945521
20100317,13:30:00.000,BBG000CR90K4,-0.0024153967,-0.00093169126,4484994
20100317,13:30:00.000,BBG000BVPV84,-0.000498206,0.0054260488,2194222
20100317,13:30:00.000,BBG000CGC1X8,-0.011698551,-0.0066693597,13027230
20100317,13:30:00.000,BBG000BR2B91,-0.0027703573,-0.0046334146,31023764
20100317,13:30:00.000,BBG000BQPC32,0.020689515,0.020022059,49153220
20100317,13:30:00.000,BBG000BK6MB5,-0.0028352607,0.006639094,101077368
20100317,13:30:00.000,BBG000C3J3C9,0.0056612208,0.008411139,19102304
20100317,13:30:00.000,BBG000C0G1D1,-0.002863066,0.010451412,46728420
20100317,13:30:00.000,BBG000BWQFY7,-0.003651986,0.0069342745,15369280
20100317,13:30:00.000,BBG000BJDB15,-0.00988182,0.003773183,6139571
20100317,13:30:00.000,BBG000BPH459,0.0075300364,0.013276147,27691872
20100317,13:30:00.000,BBG000C6CFJ5,-0.0009810245,0.0063879145,4361350
20100317,13:30:00.000,BBG000DMBXR2,0.0065985243,0.01735476,19618348
20100317,13:30:00.000,BBG000BHSKN9,-0.004411692,0.0057230974,1464156
20100317,13:30:00.000,BBG000GZQ728,0.00403325,0.016060436,19035848
20100317,13:30:00.000,BBG000BCTLF6,-0.0037476632,0.011147738,64665120
20100317,13:30:00.000,BBG000B9XRY4,-0.0004992955,0.005544519,6874940
20100317,13:45:00.000,GEN_EQ0021071400001000,-0.024618283,-0.010978717,1697031
20100317,13:45:00.000,GEN_EQ0096849600001000,-0.014363279,0.008350896,675146
20100317,13:45:00.000,BBG000BJ49H3,-0.006761726,-0.0012099947,587657
20100317,13:45:00.000,BBG000BMFD58,-0.0024822103,0.009576878,5725294
20100317,13:45:00.000,BBG000BFVXX0,-0.006042123,-0.0012697497,1187009
20100317,13:45:00.000,BBG000CHWP52,-0.0015439035,0.0064762314,657383
20100317,13:45:00.000,BBG000BT9T73,0.076382644,0.09974199,30562552
20100317,13:45:00.000,BBG000BCQ4P6,0.0064352034,0.017618343,759384
20100317,13:45:00.000,BBG000BMLWX8,0.014208837,0.018787585,2040819
20100317,13:45:00.000,BBG000BP7JB0,-0.014079201,0.000878863,2254114
20100317,13:45:00.000,BBG000BNW1S8,-0.012631473,0.0056432635,810238
20100317,13:45:00.000,BBG000MQ1SN9,0.004426816,0.006861095,613553
20100317,13:45:00.000,BBG000BVB8Q0,-0.014115593,-0.0043679937,1311460
20100317,13:45:00.000,BBG000BSC0K9,-0.007973777,-0.0036131144,431077
20100317,13:45:00.000,BBG000C7LMS8,0.010653032,0.018377934,349979
20100317,13:45:00.000,BBG000BB5792,0.0030683891,0.015600383,1327000
20100317,13:45:00.000,BBG000BFDLV8,0.020279747,0.029619839,365076
20100317,13:45:00.000,BBG000BTLMX5,0.0013629289,0.012078101,601001
20100317,13:45:00.000,BBG000CQB185,0.024596037,0.03918786,1008143
20100317,13:45:00.000,BBG000BKVJK4,0.006237582,0.010175782,666428
20100317,13:45:00.000,BBG000BQC9V2,0.014004386,0.022573963,3470493
20100317,13:45:00.000,BBG000CC53X1,0.010397358,0.022199618,735976
20100317,13:45:00.000,BBG000C45984,-0.0032825314,0.006117352,803221
20100317,13:45:00.000,BBG000BJNGN9,-0.0002260382,0.015258732,1763169
20100317,13:45:00.000,BBG000FQRVM3,0.0031261337,0.0075278827,456203
20100317,13:45:00.000,BBG000D2M0Z7,-0.009137476,0.0009624829,372200
20100317,13:45:00.000,BBG000K82ZT8,-0.009766015,-0.0021719038,774156
20100317,13:45:00.000,BBG000BF5RY1,-0.0011550935,0.0010980727,4661973
20100317,13:45:00.000,BBG000BNMHS4,-0.00047861313,0.014195866,582400
20100317,13:45:00.000,BBG000CPHYL4,-0.0077209515,-0.0017469807,5857646
20100317,13:45:00.000,GEN_EQ0000000000852052,0.010193928,0.03016682,777998
20100317,13:45:00.000,BBG000BCHG15,0.022128189,0.033502847,440031
20100317,13:45:00.000,BBG000BNNKG9,0.012464623,0.026771277,1747929
20100317,13:45:00.000,BBG000DR22B6,-0.018178592,-0.004504565,1670598
20100317,13:45:00.000,BBG000BHK836,-0.0094473595,0.003360276,969071
20100317,13:45:00.000,BBG000BV4DR6,0.00834548,0.031059118,3132862
20100317,13:45:00.000,BBG000BC9938,-0.019127795,-0.0066616815,783661
20100317,13:45:00.000,BBG000DSMS70,-0.0074457666,-0.003738337,376520
20100317,13:45:00.000,BBG000BWCKB6,0.0021334602,0.009141814,381736
20100317,13:45:00.000,BBG000BP5YT0,-0.009571863,0.01174145,3732840
20100317,13:45:00.000,BBG000BGYWY6,0.0021683485,0.013747081,888195
20100317,13:45:00.000,GEN_EQ0010580600001000,0.0070893303,0.021637538,1088606
20100317,13:45:00.000,BBG000BFJ645,0.014719595,0.016282063,2136605
20100317,13:45:00.000,BBG000PV2L86,0.0073190792,0.010596834,1382924
20100317,13:45:00.000,BBG000BXBHJ4,-0.011691212,-0.00040508408,553833
20100317,13:45:00.000,BBG000BB29X4,-0.00088154164,0.0030685416,697483
20100317,13:45:00.000,BBG000BBBP59,0.0004413493,0.00943653,331612
20100317,13:45:00.000,BBG000BVHBM1,0.0018020677,0.004398252,1570898
20100317,13:45:00.000,BBG000BWGYF8,0.037717596,0.07815544,2672061
20100317,13:45:00.000,BBG000BBL8V7,0.014023766,0.029796457,1852656
20100317,13:45:00.000,BBG000BPNP00,-0.004823326,0.016962225,843205
20100317,13:45:00.000,BBG000RGM5P1,,,970195
20100317,13:45:00.000,BBG000FKYVH4,0.003376722,0.014324203,498370
20100317,13:45:00.000,BBG000BGXZB5,0.0060056117,0.0063180337,2747829
20100317,13:45:00.000,BBG000BTQ9G8,0.00048124502,0.008652751,1502715
20100317,13:45:00.000,BBG000BCTQ65,0.0075492277,0.008452577,918201
20100317,13:45:00.000,BBG000BK2F42,0.006418956,0.017861154,1383034
20100317,13:45:00.000,BBG000F7RCJ1,-0.0073757917,0.0049638846,583411
20100317,13:45:00.000,BBG000C2YHG9,-0.0064594895,-0.003249688,1003985
20100317,13:45:00.000,BBG000BRJL00,-0.00035468634,0.0065718363,1220517
20100317,13:45:00.000,BBG000BQT4L6,-0.006706039,0.004500219,1771559
20100317,13:45:00.000,BBG000FDBX90,-0.00013729805,0.002768387,1150125
20100317,13:45:00.000,BBG000BKR1D6,-0.0048852586,0.007887086,292814
20100317,13:45:00.000,GEN_EQ0010003600001000,-0.0053586583,0.0012738352,970341
20100317,13:45:00.000,BBG000BPXVJ6,-0.0020797,0.001733831,1652854
20100317,13:45:00.000,BBG000BN84F3,0.00865627,0.012549971,629124
20100317,13:45:00.000,BBG000DSZTN6,0.009581505,0.02440377,1184542
20100317,13:45:00.000,BBG000BBCDZ2,-0.0049893623,0.0058718994,471696
20100317,13:45:00.000,BBG000PQ6YJ3,-0.01280726,0.0013784635,211266
20100317,13:45:00.000,BBG000HQ7GC7,-0.011352349,0.0049937675,1178986
20100317,13:45:00.000,BBG000BC15S7,-0.0034395105,0.006806858,564427
20100317,13:45:00.000,BBG000PX3XC0,-0.0018717541,0.013593176,416544
20100317,13:45:00.000,BBG000BSXQV7,0.0050090216,0.01406577,402565
20100317,13:45:00.000,BBG000BP1Q11,0.0043214583,0.010325333,479108
20100317,13:45:00.000,GEN_EQ0010206100001000,-0.021909567,-0.021411562,4494693
20100317,13:45:00.000,BBG000C3GN47,0.00538762,0.017130211,706304
20100317,13:45:00.000,BBG000BN7277,-0.0015254908,0.011784944,1572080
20100317,13:45:00.000,BBG000C3NTN5,-0.0013091451,0.00052180886,1533277
20100317,13:45:00.000,BBG000DWB323,-0.00067359576,0.016512552,2271375
20100317,13:45:00.000,BBG000BR1W32,-0.0061493246,0.011716514,878133
20100317,13:45:00.000,BBG000BF2KK4,-0.003561953,0.0063359276,1029825
20100317,13:45:00.000,BBG000BNBPQ0,0.012422656,0.035787176,1322423
20100317,13:45:00.000,BBG000BWXL85,2.222556e-05,0.008335989,1021657
20100317,13:45:00.000,GEN_EQ0010624300001000,0.00498014,0.0052704494,1278498
20100317,13:45:00.000,BBG000JBN3X6,-0.0020039212,-0.00773745,3619311
20100317,13:45:00.000,BBG000BFNR17,-0.005161542,0.00981029,1045856
20100317,13:45:00.000,BBG000CXYSZ6,0.029078694,0.03573971,686635
20100317,13:45:00.000,BBG000FV1Z23,-0.016584553,-0.012809614,1525458
20100317,13:45:00.000,GEN_EQ0010548100001000,0.039057095,0.061991088,5807818
20100317,13:45:00.000,GEN_EQ0010141600001000,0.00089260814,0.016027613,1457059
20100317,13:45:00.000,BBG000BW2QX0,-0.001127491,0.01859817,2757995
20100317,13:45:00.000,BBG000C1S2X2,-0.012609582,-0.014182933,746094
20100317,13:45:00.000,BBG000BVXPZ8,0.011363956,0.02257178,2414789
20100317,13:45:00.000,BBG000B9ZV28,0.00854542,0.018812712,312021
20100317,13:45:00.000,BBG000CPQZ77,-0.006374638,0.0073438436,990123
20100317,13:45:00.000,BBG000BGD7W6,-0.004165122,0.0010424653,1638736
20100317,13:45:00.000,GEN_EQ0010168800001000,-0.014527798,-0.007797116,17630772
20100317,13:45:00.000,BBG000D9KWL9,3.5018624e-05,0.01578214,267587
20100317,13:45:00.000,BBG000BR37X2,0.02004884,0.035121698,4405639
20100317,13:45:00.000,BBG000BR54L0,-0.00038583772,0.009652817,2808429
20100317,13:45:00.000,BBG000BLHRS2,-0.009193053,-0.0033335646,968446
20100317,13:45:00.000,BBG000BX3BL3,-0.011350846,0.015448296,645567
20100317,13:45:00.000,BBG000BL5W86,0.00570447,0.031331494,6852528
20100317,13:45:00.000,BBG000BJKPG0,0.003117729,0.01540412,746975
20100317,13:45:00.000,BBG000BCYP43,0.008227025,0.011175204,460196
20100317,13:45:00.000,BBG000MBDGM6,0.009662141,0.026980683,331889
20100317,13:45:00.000,BBG000CGT2S4,-0.013473307,-0.0016553223,585930
20100317,13:45:00.000,BBG000BMFFQ0,0.0018377436,0.0225074,1090179
20100317,13:45:00.000,BBG000BWVSR1,0.0021120296,0.0072269742,748036
20100317,13:45:00.000,BBG000FL0BC8,-0.024969341,-0.013420536,2291510
20100317,13:45:00.000,BBG000F86GP6,-0.014179243,-4.3431567e-07,522627
20100317,13:45:00.000,BBG000BHB3M6,0.0073852926,0.018867075,427253
20100317,13:45:00.000,BBG000BDWKC5,0.0053065405,0.016574344,1943141
20100317,13:45:00.000,BBG000BJDPC2,0.020404441,0.023436371,1659082
20100317,13:45:00.000,BBG000BP4MH0,-0.0047586276,0.005307469,2583791
20100317,13:45:00.000,BBG000C9W1Y1,,,2288550
20100317,13:45:00.000,BBG000BKSL41,0.0013585672,0.013773595,2413667
20100317,13:45:00.000,BBG000CVWGS6,0.010085737,0.017189143,9906022
20100317,13:45:00.000,BBG000F80SZ5,0.013340376,0.028377863,4688693
20100317,13:45:00.000,BBG000DKCC19,0.0002714495,0.005092877,2187356
20100317,13:45:00.000,GEN_EQ0010091900001000,0.020803783,0.024459869,390087
20100317,13:45:00.000,BBG000BG7986,0.008847058,0.0075528095,1151560
20100317,13:45:00.000,BBG000D7RKJ5,0.0017107314,0.0072713085,879997
20100317,13:45:00.000,BBG000KLB4Q1,0.014672375,0.034450155,2832188
20100317,13:45:00.000,BBG000DQTXY6,-0.008922295,-0.0030670369,2263099
20100317,13:45:00.000,BBG000BFS7D3,0.009829247,0.012271886,1632416
20100317,13:45:00.000,BBG000BV75B7,-0.012238175,-0.0141741475,1444853
20100317,13:45:00.000,BBG000C2PW58,0.0398195,0.05666454,564238
20100317,13:45:00.000,BBG000BKZTP3,-0.022837423,-0.0060020075,2467387
20100317,13:45:00.000,BBG000CFJL87,0.0062508225,0.0039764545,1152763
20100317,13:45:00.000,BBG000QY3XZ2,-0.0019148752,0.014496097,2386840
20100317,13:45:00.000,BBG000BJ5GK2,-0.004093951,0.007332915,609093
20100317,13:45:00.000,BBG000Q0BPZ4,0.026914995,0.042442914,3856340
20100317,13:45:00.000,BBG000NSCNT7,0.014112451,0.04471813,3324709
20100317,13:45:00.000,GEN_EQ0010104800001000,0.0040291343,0.020332392,4518217
20100317,13:45:00.000,BBG000G8N9C6,-0.0005431853,0.0032747996,968440
20100317,13:45:00.000,BBG000BHKYH4,-0.0073055094,0.0011447225,806222
20100317,13:45:00.000,BBG000BK1FD3,-0.023127198,-0.0025147118,2284838
20100317,13:45:00.000,BBG000BT4T69,-0.0012804088,0.0042784535,4217279
20100317,13:45:00.000,GEN_EQ0011591100001000,-0.0006108766,0.00932924,1314709
20100317,13:45:00.000,BBG000FFH4P5,-0.00030573897,0.011859574,407361
20100317,13:45:00.000,BBG000BGRKT6,0.010464249,0.01312215,509370
20100317,13:45:00.000,BBG000DN7P92,0.008569392,0.01281116,885446
20100317,13:45:00.000,BBG000M4SW14,0.006766916,0.019648312,589742
20100317,13:45:00.000,BBG000BNGTQ7,0.0021926532,0.0048537487,2251587
20100317,13:45:00.000,BBG000BL79J3,-0.00890179,-0.0056305295,1676960
20100317,13:45:00.000,BBG000BDG1Y1,-0.004080512,0.0057166447,1379969
20100317,13:45:00.000,BBG000D9DMK0,0.0074406317,0.0127981305,498615
20100317,13:45:00.000,BBG000BVPPM1,0.01331809,0.02942263,3756876
20100317,13:45:00.000,BBG000D3MB18,-0.011756095,-0.0011518117,2284925
20100317,13:45:00.000,BBG000DGPR66,0.006402462,0.015655851,600390
20100317,13:45:00.000,BBG000BLDV98,-0.0015113581,-0.002952978,1996716
20100317,13:45:00.000,BBG000C6F3T8,0.004113076,0.011233149,2138770
20100317,13:45:00.000,BBG000BS0ZF1,0.0056255306,0.012716263,301749
20100317,13:45:00.000,BBG000DNTSP4,-0.010104603,0.0017822814,883288
20100317,13:45:00.000,BBG000LL9LQ5,-0.008744492,0.0054157428,1849490
20100317,13:45:00.000,GEN_EQ0140919900001000,0.0040544425,0.0063374033,908953
20100317,13:45:00.000,BBG000QRSL13,-0.011146299,0.0067171236,6218458
20100317,13:45:00.000,BBG000BRJ809,0.012738809,0.01888215,511997
20100317,13:45:00.000,BBG000D1QCF1,-0.014247628,0.002762414,835334
20100317,13:45:00.000,BBG000BLCPY4,0.008897267,0.011974814,961802
20100317,13:45:00.000,BBG000CNWNL6,0.012042147,0.03606551,1572238
20100317,13:45:00.000,BBG000DV7MX4,-0.016949052,0.006184227,7241484
20100317,13:45:00.000,BBG000BP1152,-0.029483406,-0.015668912,3368194
20100317,13:45:00.000,BBG000BHCP19,-0.007988767,0.0126997745,2045858
20100317,13:45:00.000,BBG000BGKHZ3,-0.012661598,0.0026161915,797609
20100317,13:45:00.000,BBG000BMB7R1,0.0019252223,0.009209131,593476
20100317,13:45:00.000,BBG000BHLYS1,-0.001393769,-5.699985e-08,828343
20100317,13:45:00.000,BBG000BKWSR6,0.02246182,0.041703608,15791984
20100317,13:45:00.000,BBG000JN9BQ6,0.017465586,0.024221769,857683
20100317,13:45:00.000,BBG000BRZBT3,0.0014495236,0.009748186,1627948
20100317,13:45:00.000,BBG000FBK808,0.012458935,0.02610643,8326571
20100317,13:45:00.000,BBG000BXRPH1,-0.015219724,0.0004650054,934972
20100317,13:45:00.000,BBG000BQSQ38,-0.007377467,0.005883018,1197314
20100317,13:45:00.000,BBG000BVMPN3,0.011461856,0.030086324,758554
20100317,13:45:00.000,BBG000BGFLL5,0.0038179609,0.022549978,1684138
20100317,13:45:00.000,BBG000BJ98Z0,0.03782457,0.03920046,1203261
20100317,13:45:00.000,BBG000NDZ417,-0.008498751,0.0028213395,1037943
20100317,13:45:00.000,BBG000BKPL53,-0.00597925,-0.0020768524,915998
20100317,13:45:00.000,BBG000BD0TF8,0.012732168,0.031085609,608953
20100317,13:45:00.000,BBG000BY2Y78,0.01616441,0.037493635,2620378
20100317,13:45:00.000,BBG000BPMH90,0.004326499,0.020020753,1044863
20100317,13:45:00.000,BBG000BBNYF6,0.012555239,0.022073912,1048415
20100317,13:45:00.000,BBG000FJRZ68,-0.005394368,-0.002772643,1325387
20100317,13:45:00.000,BBG000FKJRC5,0.004404465,0.010240551,410183
20100317,13:45:00.000,BBG000CL9VN6,-0.0017295305,0.008563267,392147
20100317,13:45:00.000,BBG000BK6G19,-0.0041272393,0.0057171546,706392
20100317,13:45:00.000,BBG000C23KJ3,-0.017624985,-0.010105999,5527206
20100317,13:45:00.000,BBG000BB5BF6,-0.0058125514,0.004122667,2741343
20100317,13:45:00.000,BBG000BK5DP1,0.0052825604,0.01767807,2299122
20100317,13:45:00.000,BBG000BJVZF7,0.0062313136,0.008442267,849666
20100317,13:45:00.000,BBG000BN5HF7,-0.0042907,0.0083512105,2481545
20100317,13:45:00.000,BBG000BL9439,-0.0036024398,0.0029585187,830175
20100317,13:45:00.000,BBG000BJQWD2,0.006169777,0.02273783,2073901
20100317,13:45:00.000,BBG000D8RG11,-0.0056301528,-0.00044325745,1415385
20100317,13:45:00.000,BBG000BS9489,0.008763777,0.016316487,862298
20100317,13:45:00.000,BBG000BH5DV1,-0.0047267913,0.0024538552,1744449
20100317,13:45:00.000,BBG000BMKDM3,-0.0018816849,0.00245959,1033784
20100317,13:45:00.000,BBG000C75N77,-0.00077403255,0.014985311,1959067
20100317,13:45:00.000,BBG000BKXFN7,-0.012463989,-0.0060548475,3301015
20100317,13:45:00.000,BBG000BTCH57,0.0043181772,0.014646044,1070101
20100317,13:45:00.000,BBG000BM7HL0,-0.0019362789,0.013144227,1747097
20100317,13:45:00.000,BBG000BNFLM9,-0.0060283868,0.008886879,1721853
20100317,13:45:00.000,BBG000BBVCN6,0.0019013929,0.0017901527,428552
20100317,13:45:00.000,BBG000LD9JQ8,-0.010974908,-0.00054390536,2356556
20100317,13:45:00.000,BBG000MDCQC2,-0.006475881,-0.0021155798,1699060
20100317,13:45:00.000,BBG000BLBXT4,-0.009636806,-0.0031779192,1554076
20100317,13:45:00.000,BBG000BDXGP9,0.0046123723,0.007811122,1534336
20100317,13:45:00.000,BBG000BR3KL6,0.009497484,0.019938413,807584
20100317,13:45:00.000,BBG000BX9WL1,0.04131503,0.06758344,8075868
20100317,13:45:00.000,BBG000BQ74K1,0.0053231562,0.018900035,720262
20100317,13:45:00.000,BBG000BWSV34,0.0036817468,0.011294909,563007
20100317,13:45:00.000,BBG000BQZMH4,-0.009610231,-0.00578438,2022339
20100317,13:45:00.000,GEN_EQ0010066700001000,-0.007746673,-0.0040271394,1014052
20100317,13:45:00.000,BBG000BQVTF5,0.00030940236,0.0126991365,1460052
20100317,13:45:00.000,BBG000LC1FS4,0.010550233,0.026578946,1064193
20100317,13:45:00.000,GEN_EQ0010050500001000,-0.0081690345,0.004466169,4692576
20100317,13:45:00.000,BBG000G3QLY3,0.013900601,0.023326922,810570
20100317,13:45:00.000,BBG000QBR5J5,-0.012583478,0.0039217034,6569011
20100317,13:45:00.000,BBG000BTQR96,0.005725872,0.014199999,1328418
20100317,13:45:00.000,GEN_EQ0012661800001000,-0.012187472,-0.008825241,1317354
20100317,13:45:00.000,BBG000CKJ0P3,0.0010979247,0.0017780953,533932
20100317,13:45:00.000,BBG000HGYNZ9,-0.0018194146,0.010442899,2788799
20100317,13:45:00.000,BBG000BV7LP7,0.0043280977,0.014385799,1941725
20100317,13:45:00.000,BBG000BBVK30,-0.007269977,-0.009312556,7190631
20100317,13:45:00.000,BBG000BFXHL6,-0.014313216,-0.0115093,2177879
20100317,13:45:00.000,BBG000BGLRN3,0.00511289,0.009188707,1304538
20100317,13:45:00.000,BBG000C2V3D6,-0.008510453,0.005386109,1320258
20100317,13:45:00.000,BBG000BGVW60,0.01112986,0.011527488,3188116
20100317,13:45:00.000,BBG000BTVJ25,0.007094402,0.017461373,2400214
20100317,13:45:00.000,GEN_EQ0010020500001000,0.004560933,0.019127771,2067118
20100317,13:45:00.000,BBG000BHQ1H0,0.01187812,0.012392061,580554
20100317,13:45:00.000,BBG000BNC3Y9,0.044704825,0.07204334,6261966
20100317,13:45:00.000,BBG000BVVQQ8,-0.008264002,0.010125834,1740842
20100317,13:45:00.000,GEN_EQ0010281900001000,-0.003366274,-0.0014120438,678102
20100317,13:45:00.000,BBG000C1FB75,-0.0041462793,0.013710853,285221
20100317,13:45:00.000,BBG000BFTJ91,0.010582431,0.013185826,3818525
20100317,13:45:00.000,BBG000C1FQS9,-0.007779937,-0.002989045,680789
20100317,13:45:00.000,BBG000BSBZH7,0.0034328543,0.0019361855,1190964
20100317,13:45:00.000,BBG000F15NW9,-0.016793871,-0.015973046,2978746
20100317,13:45:00.000,BBG000BPT0C6,0.017764939,0.027963685,1222975
20100317,13:45:00.000,GEN_EQ0010145600001000,-0.0009536317,-0.0022761116,3141881
20100317,13:45:00.000,BBG000H89QJ6,0.0055942326,0.008447342,1143311
20100317,13:45:00.000,BBG000BR14K5,0.00092868827,0.013276322,1314816
20100317,13:45:00.000,BBG000BP6L99,0.013780025,0.021563092,17679864
20100317,13:45:00.000,BBG000BQWPC5,0.0015303716,0.0012717276,757770
20100317,13:45:00.000,BBG000BNNYW1,0.0014699254,0.007781504,1146180
20100317,13:45:00.000,BBG000BJ3PD2,0.0051307585,0.014748488,634617
20100317,13:45:00.000,BBG000PVRDL2,0.026058396,0.04036591,5625575
20100317,13:45:00.000,BBG000C2ZCH8,0.0015567444,0.0013911664,666971
20100317,13:45:00.000,BBG000TK7PB8,0.02227753,0.045779493,4764501
20100317,13:45:00.000,BBG000BB6M98,-0.005049419,-0.00038262623,1161355
20100317,13:45:00.000,BBG000HW5GX3,0.0077999486,0.01742235,950549
20100317,13:45:00.000,BBG000BLKK03,0.00821288,0.009229771,1139081
20100317,13:45:00.000,BBG000BCZYD3,0.0045639914,0.005697623,419284
20100317,13:45:00.000,BBG000CSY9H9,-0.01148519,-0.0006955365,985653
20100317,13:45:00.000,BBG000BB9KF2,-0.0013805409,0.0021572593,840921
20100317,13:45:00.000,BBG000BMQPL1,0.016084548,0.036387254,11082245
20100317,13:45:00.000,BBG000BMTFR4,-0.006105315,0.011199405,2011413
20100317,13:45:00.000,BBG000H9G7X2,0.0075082025,0.010812765,1057464
20100317,13:45:00.000,BBG000BCNYT9,0.004238321,0.01077939,1380342
20100317,13:45:00.000,BBG000C0MF34,-0.0066989735,0.00020810822,565924
20100317,13:45:00.000,BBG000BN2DC2,-0.0069611217,0.006517795,628390
20100317,13:45:00.000,BBG000BN9WT5,-0.003801029,0.015625741,4013327
20100317,13:45:00.000,BBG000BQ5DS5,0.0023145834,0.0025382938,997496
20100317,13:45:00.000,BBG000BCGY17,-0.006082121,-0.0028577715,995148
20100317,13:45:00.000,BBG000BB6G37,-0.0018827233,0.017324448,2169824
20100317,13:45:00.000,BBG000CHPY97,-0.030999448,-0.022346266,4032410
20100317,13:45:00.000,BBG000TWC2V5,0.006741215,0.007635031,1199738
20100317,13:45:00.000,GEN_EQ0117562400001000,-0.005225308,-0.001856664,8757120
20100317,13:45:00.000,BBG000BP0KQ8,0.0072358144,0.02010556,3651019
20100317,13:45:00.000,BBG000BB5373,0.024195021,0.038905114,5966440
20100317,13:45:00.000,BBG000BM6788,-0.012296953,-0.001959056,1963628
20100317,13:45:00.000,BBG000BH3JF8,-0.012167252,-0.006474536,1346694
20100317,13:45:00.000,GEN_EQ0085215200001000,0.006561085,0.019118706,3903216
20100317,13:45:00.000,BBG000BQ2C28,0.0023966737,0.00843048,733871
20100317,13:45:00.000,BBG000BX5ZF5,-0.022573696,-0.010896479,11056200
20100317,13:45:00.000,BBG000BMDV41,0.010116744,0.016411422,1410634
20100317,13:45:00.000,GEN_EQ0010319800003000,-0.016837198,-0.020253526,2877861
20100317,13:45:00.000,BBG000BG14P4,-0.0022174092,0.010293989,834985
20100317,13:45:00.000,BBG000GC80B4,,,1971341
20100317,13:45:00.000,BBG000BB2DM7,-0.008694903,0.004403955,5076104
20100317,13:45:00.000,BBG000BWJFZ4,-0.00932629,-0.007952408,1299572
20100317,13:45:00.000,BBG000BHGDH5,-0.0004890688,0.00060171593,3712430
20100317,13:45:00.000,BBG000BZ2GG4,-0.0034182202,0.009883319,2129455
20100317,13:45:00.000,BBG000D898T9,0.0019631726,0.00566678,1324694
20100317,13:45:00.000,BBG000BMF5J0,-0.0062854085,0.003092535,1607401
20100317,13:45:00.000,BBG000BKLH74,-0.005401821,-0.006012351,3922739
20100317,13:45:00.000,BBG000BGPTV6,-0.010098703,0.0021419958,1713456
20100317,13:45:00.000,BBG000BH3GZ2,0.009862237,0.022850743,3137970
20100317,13:45:00.000,BBG000BVWLJ6,-0.010919927,0.0010738908,1603679
20100317,13:45:00.000,BBG000C496P7,-0.01865092,-0.006773264,4668314
20100317,13:45:00.000,BBG000JG0547,0.0055462955,0.013223623,1520074
20100317,13:45:00.000,BBG000DYGNW7,0.013024642,0.015902417,979979
20100317,13:45:00.000,BBG000BNJHS8,-0.0022019432,-0.0053131506,4582018
20100317,13:45:00.000,BBG000BPQD31,0.0014156278,0.004528,1632739
20100317,13:45:00.000,BBG000BT9DW0,0.0024031033,0.003010256,1658190
20100317,13:45:00.000,BBG000BB2KW0,-0.010104161,-0.009585982,711609
20100317,13:45:00.000,BBG000BK67C7,0.010231318,0.012138918,969344
20100317,13:45:00.000,BBG000DHSPT0,-0.0073618735,-0.0014372136,1136694
20100317,13:45:00.000,BBG000BFMBQ6,-0.001158509,-0.002716884,1154745
20100317,13:45:00.000,BBG000B9WJ73,0.0048813657,0.025755359,5420080
20100317,13:45:00.000,BBG000FVXD63,-0.009797316,0.0026682853,1814014
20100317,13:45:00.000,BBG000B9XYV2,-0.0071030944,-0.0030477932,2052332
20100317,13:45:00.000,BBG000BMBL90,0.009782057,0.017675579,2444681
20100317,13:45:00.000,BBG000BB1TH9,-0.0030818437,0.0138430875,902998
20100317,13:45:00.000,BBG000BVMGF2,-0.0020094588,0.015798895,3417995
20100317,13:45:00.000,BBG000BSD7C2,-0.0031707047,-0.0004400748,811474
20100317,13:45:00.000,BBG000J5Q6L2,-0.022032894,0.004225797,5299196
20100317,13:45:00.000,BBG000BC4JJ4,-0.008885404,-0.0040075756,925774
20100317,13:45:00.000,BBG000BM5SR2,0.023131158,0.059160862,8904881
20100317,13:45:00.000,BBG000BJPDZ1,0.0056186127,0.0068044374,258517
20100317,13:45:00.000,BBG000BZTW70,-0.014254396,-0.0088473605,3409740
20100317,13:45:00.000,BBG000C5HS04,0.002915588,0.007954914,1322131
20100317,13:45:00.000,BBG000M65M61,-0.028799271,-0.026257468,7976163
20100317,13:45:00.000,BBG000BY29C7,0.0020720102,0.011633013,1156151
20100317,13:45:00.000,BBG000BB6WG8,0.005505058,0.0143472385,2711035
20100317,13:45:00.000,GEN_EQ0010172300001000,-0.006227566,-0.0050597508,795622
20100317,13:45:00.000,BBG000C2BXK4,-0.0016941156,0.013023674,23002308
20100317,13:45:00.000,BBG000BBBNC6,-0.0039865645,0.02373374,1358488
20100317,13:45:00.000,BBG000PM7GJ0,0.02364726,0.042991076,2694693
20100317,13:45:00.000,BBG000Q3JN03,0.0048213364,0.02798143,17817112
20100317,13:45:00.000,BBG000C0LW92,-0.028276293,-0.021171413,42102664
20100317,13:45:00.000,BBG000BF1R66,0.009524312,0.021472339,1315810
20100317,13:45:00.000,BBG000NSQ9M0,-0.011421421,0.0019593074,6423108
20100317,13:45:00.000,BBG000FQ6PY6,-0.041279804,-0.03402125,11113564
20100317,13:45:00.000,BBG000BWVCP8,-0.013643852,0.0034618364,3743636
20100317,13:45:00.000,BBG000BJSBJ0,-0.0025043758,0.00093995733,793525
20100317,13:45:00.000,BBG000BLM0V1,,,972456
20100317,13:45:00.000,BBG000BMY992,0.0007925832,0.008970812,4095302
20100317,13:45:00.000,BBG000BVDLH9,0.00591753,0.009089791,1747580
20100317,13:45:00.000,BBG000C0F570,0.0008457471,0.018934516,3182240
20100317,13:45:00.000,BBG000BBQCY0,0.011617359,0.0298346,15644140
20100317,13:45:00.000,GEN_EQ0000000001064567,0.0022031122,0.01773075,1086843
20100317,13:45:00.000,BBG000BKCFC2,-0.0038908864,-0.001228156,884279
20100317,13:45:00.000,BBG000CGQ6M4,0.010130594,0.011854284,866043
20100317,13:45:00.000,BBG000C17X76,-0.002430288,-0.0009209654,919496
20100317,13:45:00.000,BBG000DTMH63,,,2315837
20100317,13:45:00.000,BBG000R7Z112,0.0009451826,0.0030823597,4949678
20100317,13:45:00.000,BBG000BBMSJ6,-0.0072960737,0.011017399,4298207
20100317,13:45:00.000,BBG000BY33P5,0.0032345727,0.0128385145,2476859
20100317,13:45:00.000,BBG000BV8DN6,0.0015435729,0.00081001135,1413246
20100317,13:45:00.000,GEN_EQ0010135600001000,0.0056186216,0.019610243,3668051
20100317,13:45:00.000,BBG000JN8R00,0.0008492147,0.018377857,1058650
20100317,13:45:00.000,BBG000K14Q84,-0.017980833,-0.0007784057,1462862
20100317,13:45:00.000,BBG000BBDV81,-0.0024851758,0.012781707,1080333
20100317,13:45:00.000,BBG000BMW2Z0,0.0054892367,0.0071898,1681758
20100317,13:45:00.000,BBG000DLVDK3,0.0014872259,0.013460359,1693644
20100317,13:45:00.000,BBG000CKVSG8,-0.0012001919,0.015905455,2732560
20100317,13:45:00.000,BBG000G0Z878,0.037730116,0.06313045,14376678
20100317,13:45:00.000,BBG000BGJRC8,-0.0014774214,-0.00077506644,1063628
20100317,13:45:00.000,BBG000BL8GJ6,-0.011446052,0.0061942777,5214225
20100317,13:45:00.000,BBG000HCJMF9,-0.0050272597,0.017877111,1810086
20100317,13:45:00.000,BBG000BB6KF5,-0.0017046207,0.018509312,3382743
20100317,13:45:00.000,BBG000BYYLS8,0.0007712712,0.014563594,3520064
20100317,13:45:00.000,BBG000FJLFX8,-0.006074538,-0.00594225,2435821
20100317,13:45:00.000,BBG000D9D830,0.008089023,0.01975916,2453267
20100317,13:45:00.000,BBG000BHX7N2,-0.00035923175,0.008212892,1320705
20100317,13:45:00.000,BBG000CTQBF3,-0.0053430707,0.011873327,4955135
20100317,13:45:00.000,BBG000BBD070,0.0025405248,0.019457117,1547848
20100317,13:45:00.000,BBG000BH2JM1,-0.015185748,-0.006367876,9065889
20100317,13:45:00.000,BBG000CS7CT9,0.003932308,0.008089167,1826791
20100317,13:45:00.000,BBG000BFL116,-0.012339392,-0.0016473144,641764
20100317,13:45:00.000,BBG000BFC8J2,0.015153656,0.016395181,1785887
20100317,13:45:00.000,BBG000C15T95,-0.0047835307,-0.0050172554,733995
20100317,13:45:00.000,BBG000FP1N32,-0.008715976,0.003467515,2361593
20100317,13:45:00.000,BBG000JWD753,-0.01568333,-0.0019949118,26514544
20100317,13:45:00.000,BBG000BWNFZ9,0.010575479,0.023454312,4393145
20100317,13:45:00.000,BBG000BSLZY7,-0.00837091,0.005957494,7163707
20100317,13:45:00.000,BBG000BCBCM7,0.00050919515,0.0025398175,4012755
20100317,13:45:00.000,BBG000BBGGQ1,-0.004662689,0.008752915,6427825
20100317,13:45:00.000,BBG000BCWCG1,-0.0017526753,0.010112603,2574565
20100317,13:45:00.000,BBG000BLBVN4,0.0022463691,0.013838894,579184
20100317,13:45:00.000,BBG000C46HM9,-0.011202308,-0.0055390103,4536784
20100317,13:45:00.000,BBG000BTKGG8,0.015244403,0.036190633,3962243
20100317,13:45:00.000,GEN_EQ0010059600001000,0.04841412,0.07074647,7497667
20100317,13:45:00.000,BBG000C8H633,0.0045868396,0.019889304,3701365
20100317,13:45:00.000,BBG000BTR593,0.0060223695,0.015498638,3414179
20100317,13:45:00.000,GEN_EQ0000000000158587,0.0033589867,0.0076498347,1259208
20100317,13:45:00.000,BBG000F6H8W8,-0.0018629413,0.007963811,1519183
20100317,13:45:00.000,BBG000BFQYY3,-0.004068582,-0.0024234129,1538384
20100317,13:45:00.000,BBG000BNBDC2,0.00034557423,4.393593e-07,3265415
20100317,13:45:00.000,BBG000BSJTT0,-0.002269554,0.014912717,3045312
20100317,13:45:00.000,BBG000BJL3N0,0.0032544273,0.020856986,8518020
20100317,13:45:00.000,BBG000BYWTX7,-0.007159604,0.011270595,9797697
20100317,13:45:00.000,BBG000BD8PN9,0.004304072,0.017197968,3117518
20100317,13:45:00.000,BBG000BHLYP4,-0.005555029,0.008669182,163751
20100317,13:45:00.000,BBG000C1BW00,-0.00079890044,0.0017730605,1231478
20100317,13:45:00.000,BBG000J6XT05,-0.0062028035,5.899349e-07,1992817
20100317,13:45:00.000,BBG000BJX8C8,0.0055699116,0.023353275,2402074
20100317,13:45:00.000,BBG000BCVJ77,0.0071133655,0.005768433,1456500
20100317,13:45:00.000,BBG000BZ9223,-0.008558366,-0.0009841629,1544975
20100317,13:45:00.000,BBG000H556T9,-0.007967675,-0.00046552776,2649716
20100317,13:45:00.000,BBG000BJF1Z8,0.011542048,0.02064528,2476726
20100317,13:45:00.000,BBG000BB5006,0.011095983,0.020563284,5647327
20100317,13:45:00.000,BBG000F0KF42,,,7818415
20100317,13:45:00.000,BBG000BKFBD7,0.003810224,0.023186078,2606047
20100317,13:45:00.000,BBG000BFDXW1,-0.008295253,0.008209234,2078346
20100317,13:45:00.000,BBG000BW3299,0.0005425504,-0.0014986609,2302315
20100317,13:45:00.000,BBG000F0PF65,-0.00060752674,0.007726925,2884272
20100317,13:45:00.000,BBG000BNWG87,-0.008862154,-0.007759655,3379920
20100317,13:45:00.000,BBG000BH13K9,0.007887632,0.01419629,3175966
20100317,13:45:00.000,BBG000BH1NH9,0.0062761987,0.016369136,2209749
20100317,13:45:00.000,BBG000DY8ZS4,-0.012870465,0.0028643874,8975948
20100317,13:45:00.000,BBG000BP8Z50,-0.025773304,-0.012203986,14211501
20100317,13:45:00.000,BBG000BJ81C1,0.002336329,0.012106118,2363184
20100317,13:45:00.000,BBG000BBVJZ8,-0.010610361,-0.0026570205,4929786
20100317,13:45:00.000,BBG000BQ8KV2,-0.018936682,-0.007919275,4426489
20100317,13:45:00.000,BBG000BGKTF9,-0.017150378,0.004953782,3152172
20100317,13:45:00.000,BBG000BFRF55,-0.005821067,0.011547979,3268480
20100317,13:45:00.000,BBG000BRK7L6,0.016748317,0.031710252,8146976
20100317,13:45:00.000,BBG000BWLMJ4,-0.0064267563,0.0046361582,2955145
20100317,13:45:00.000,BBG000BD4VG8,0.0055667805,0.021460064,2323523
20100317,13:45:00.000,BBG000FW00S1,0.011305983,0.030324772,4824577
20100317,13:45:00.000,BBG000BBJQV0,0.009940231,0.030413752,10896013
20100317,13:45:00.000,BBG000C5Z1S3,-0.002459215,0.022515707,14518975
20100317,13:45:00.000,BBG000BC40Y8,0.01621023,0.02804452,2798475
20100317,13:45:00.000,BBG000DWYF03,-0.007326208,-4.5922286e-07,9800992
20100317,13:45:00.000,BBG000BRD0D8,0.008739908,0.024925007,3281409
20100317,13:45:00.000,BBG000H8TVT2,-0.003500839,-0.0018718353,1602413
20100317,13:45:00.000,BBG000BP6LJ8,-0.002042186,-0.0019665915,6160888
20100317,13:45:00.000,BBG000BKFZM4,0.020355716,0.029213019,13066077
20100317,13:45:00.000,BBG000BHBK84,-0.007981682,0.0013119428,4978780
20100317,13:45:00.000,BBG000FG3C43,-0.018770376,-0.0039868834,4171429
20100317,13:45:00.000,BBG000BH23R1,0.015681986,0.027943136,21701952
20100317,13:45:00.000,BBG000F1ZSQ2,-0.018846745,-0.0056910138,627794
20100317,13:45:00.000,BBG000GFFQN9,-0.0004250051,0.014664713,8621039
20100317,13:45:00.000,BBG000BNDN65,-8.971805e-05,0.009186701,6861132
20100317,13:45:00.000,BBG000C43RR5,0.001113734,0.01492853,9392146
20100317,13:45:00.000,BBG000BP52R2,-0.00032226308,0.008572483,2285362
20100317,13:45:00.000,BBG000BBPFB9,0.0011367778,0.016057761,18797834
20100317,13:45:00.000,BBG000BC2C10,0.009193009,0.01811738,1348824
20100317,13:45:00.000,BBG000BFT2L4,0.008910143,0.011425534,7787607
20100317,13:45:00.000,BBG000L9CV04,0.00499679,0.012411177,2818886
20100317,13:45:00.000,BBG000FL1TC8,-0.006708532,-0.006485886,3823537
20100317,13:45:00.000,BBG000FFDM15,-0.009621837,0.004979694,6136354
20100317,13:45:00.000,BBG000BH4R78,-0.0039917463,-0.0014824945,4082911
20100317,13:45:00.000,BBG000B9ZXB4,0.0001780223,-0.0034739296,3973929
20100317,13:45:00.000,BBG000BGRY34,0.005290097,0.011447027,3997974
20100317,13:45:00.000,BBG000G2R6M0,-0.00715827,0.0049936753,5129569
20100317,13:45:00.000,BBG000BCSST7,0.008622747,0.0098917205,3581260
20100317,13:45:00.000,BBG000BVV7G1,-0.006433038,0.011352741,7256965
20100317,13:45:00.000,BBG000BW8S60,-0.003636963,-0.0004140574,2260840
20100317,13:45:00.000,BBG000BL4504,-0.02065841,-0.008263464,9053853
20100317,13:45:00.000,BBG000DQLV23,-0.00082014577,-0.00384704,7832229
20100317,13:45:00.000,BBG000BBS2Y0,-0.003961851,-0.006528893,2633193
20100317,13:45:00.000,BBG000BHVJJ3,-0.009707545,-0.0010647284,13039106
20100317,13:45:00.000,BBG000J2XL74,0.007269629,0.011513421,2862011
20100317,13:45:00.000,BBG000CH5208,-0.011032308,-0.01119028,6813957
20100317,13:45:00.000,BBG000BCQZS4,-0.0045033377,0.008556616,4691081
20100317,13:45:00.000,BBG000BFWKC0,0.010471055,0.009159892,4699044
20100317,13:45:00.000,BBG000BCG930,0.0028670405,-0.00064517674,4059230
20100317,13:45:00.000,BBG000PSKYX7,-0.0047692023,0.00524154,1988340
20100317,13:45:00.000,BBG000BPWXK1,-0.004300962,0.00789042,3789467
20100317,13:45:00.000,BBG000BWXBC2,-0.004912211,-0.00089202763,7212005
20100317,13:45:00.000,BBG000BQQ2S6,0.006514899,0.014328222,2502350
20100317,13:45:00.000,BBG000BH5LT6,-0.0019990995,-0.0027784873,3464973
20100317,13:45:00.000,BBG000DWG505,0.000751637,0.0012157958,2275301
20100317,13:45:00.000,BBG000BF0K17,0.002600589,0.013455312,3380861
20100317,13:45:00.000,BBG000BKTFN2,0.01870961,0.03153061,8807401
20100317,13:45:00.000,BBG000BB07P9,-0.00079512544,0.00973447,5681997
20100317,13:45:00.000,BBG000BNSZP1,-0.002823465,0.0053775017,2718459
20100317,13:45:00.000,BBG000BKZB36,-0.0088281315,-0.0012293298,7507464
20100317,13:45:00.000,BBG000CKGBP2,-0.0017247916,-0.004212324,4290481
20100317,13:45:00.000,BBG000DH7JK6,0.00025378223,0.0028756121,3331959
20100317,13:45:00.000,BBG000D4LWF6,-0.001388206,0.00067323307,6433969
20100317,13:45:00.000,BBG000BQQH30,0.010369626,0.018396467,6410473
20100317,13:45:00.000,BBG000B9WH86,0.04278691,0.061614905,48658936
20100317,13:45:00.000,BBG000BQLTW7,0.01007265,0.014674231,17804862
20100317,13:45:00.000,BBG000HS77T5,0.0071312175,0.009353796,8923984
20100317,13:45:00.000,GEN_EQ0011904200001000,0.009846321,0.01689014,12141459
20100317,13:45:00.000,BBG000BLZRJ2,-0.007391945,0.007261381,8101223
20100317,13:45:00.000,BBG000BMX289,0.0015664216,0.003352036,5244420
20100317,13:45:00.000,BBG000BPD168,-6.101855e-05,-0.003953984,5622443
20100317,13:45:00.000,BBG000BT41Q8,0.0075439326,0.019910812,7528033
20100317,13:45:00.000,BBG000BMHYD1,0.0044533056,0.0021708666,4596975
20100317,13:45:00.000,BBG000BR2TH3,0.0053132256,0.006138246,4422118
20100317,13:45:00.000,BBG000KHWT55,-0.0024833644,0.0057295933,7906340
20100317,13:45:00.000,BBG000BTZQC4,-0.009907069,-0.008989658,3603155
20100317,13:45:00.000,BBG000BSJK37,0.0033433607,0.0042548846,10883724
20100317,13:45:00.000,BBG000BLNNH6,-0.005745728,0.0009718917,2989184
20100317,13:45:00.000,BBG000K4ND22,0.004241633,0.013514718,6373984
20100317,13:45:00.000,BBG000BX3TD3,-0.015649628,0.0010390427,8315611
20100317,13:45:00.000,BBG000CR90K4,-0.0032557808,-0.001064823,4743486
20100317,13:45:00.000,BBG000BVPV84,-0.0012489744,0.0057675135,2309372
20100317,13:45:00.000,BBG000CGC1X8,-0.009658975,-0.0038477632,14102185
20100317,13:45:00.000,BBG000BR2B91,-0.0039671515,-0.0046332576,32758812
20100317,13:45:00.000,BBG000BQPC32,0.021193618,0.021505196,53367152
20100317,13:45:00.000,BBG000BK6MB5,-0.0010073929,0.011618553,105319872
20100317,13:45:00.000,BBG000C3J3C9,0.0036506178,0.0076463474,20146684
20100317,13:45:00.000,BBG000C0G1D1,-0.0012493421,0.012723593,48961904
20100317,13:45:00.000,BBG000BWQFY7,-0.0011393199,0.011887322,17692432
20100317,13:45:00.000,BBG000BJDB15,-0.011233038,0.0029211505,6465891
20100317,13:45:00.000,BBG000BPH459,0.008234205,0.014978147,29700608
20100317,13:45:00.000,BBG000C6CFJ5,-0.00317927,0.0058485204,4640654
20100317,13:45:00.000,BBG000DMBXR2,0.0059202826,0.018511778,20992792
20100317,13:45:00.000,BBG000BHSKN9,-0.003142032,0.007713425,1524308
20100317,13:45:00.000,BBG000GZQ728,0.0034664874,0.016210448,20719100
20100317,13:45:00.000,BBG000BCTLF6,-0.002805083,0.014080959,71341936
20100317,13:45:00.000,BBG000B9XRY4,-0.0012421428,0.0055222306,7190700
20100317,14:00:00.000,GEN_EQ0021071400001000,-0.027083721,-0.015023691,1820786
20100317,14:00:00.000,GEN_EQ0096849600001000,-0.015488699,0.0067600585,718216
20100317,14:00:00.000,BBG000BJ49H3,-0.005394029,-0.00026936282,600674
20100317,14:00:00.000,BBG000BMFD58,-0.0065250443,0.0053205066,6176794
20100317,14:00:00.000,BBG000BFVXX0,-0.006053678,-0.00063505187,1225817
20100317,14:00:00.000,BBG000CHWP52,0.0006801732,0.008017958,693218
20100317,14:00:00.000,BBG000BT9T73,0.083294295,0.10662083,32476616
20100317,14:00:00.000,BBG000BCQ4P6,0.0064277607,0.017031288,809330
20100317,14:00:00.000,BBG000BMLWX8,0.012572701,0.014233067,2128268
20100317,14:00:00.000,BBG000BP7JB0,-0.0075479727,0.0070325723,2527411
20100317,14:00:00.000,BBG000BNW1S8,-0.011720187,0.005059609,855827
20100317,14:00:00.000,BBG000MQ1SN9,0.0062517305,0.0098922355,644913
20100317,14:00:00.000,BBG000BVB8Q0,-0.013456634,-0.004913969,1373330
20100317,14:00:00.000,BBG000BSC0K9,-0.0077026617,-0.0026438865,442982
20100317,14:00:00.000,BBG000C7LMS8,0.011722116,0.019796206,377229
20100317,14:00:00.000,BBG000BB5792,0.0045309854,0.016243633,1425819
20100317,14:00:00.000,BBG000BFDLV8,0.01761235,0.026757492,387340
20100317,14:00:00.000,BBG000BTLMX5,0.0016986663,0.011394557,614698
20100317,14:00:00.000,BBG000CQB185,0.024245396,0.03732169,1051417
20100317,14:00:00.000,BBG000BKVJK4,0.006247612,0.0096471915,696897
20100317,14:00:00.000,BBG000BQC9V2,0.0163419,0.023863913,3567029
20100317,14:00:00.000,BBG000CC53X1,0.011630875,0.022956649,757549
20100317,14:00:00.000,BBG000C45984,-0.0028831891,0.005984289,837934
20100317,14:00:00.000,BBG000BJNGN9,-0.0009791174,0.013563406,1786422
20100317,14:00:00.000,BBG000FQRVM3,0.0025822027,0.0069900793,476531
20100317,14:00:00.000,BBG000D2M0Z7,-0.008543713,0.0013753513,382744
20100317,14:00:00.000,BBG000K82ZT8,-0.010807982,-0.0033305902,820683
20100317,14:00:00.000,BBG000BF5RY1,-0.0009983453,0.0010980583,4723517
20100317,14:00:00.000,BBG000BNMHS4,-0.00016654424,0.013507535,607600
20100317,14:00:00.000,BBG000CPHYL4,-0.006481682,-2.402708e-07,6086339
20100317,14:00:00.000,GEN_EQ0000000000852052,0.010346549,0.030439828,824456
20100317,14:00:00.000,BBG000BCHG15,0.022075074,0.032354094,458941
20100317,14:00:00.000,BBG000BNNKG9,0.011336904,0.024812303,1813287
20100317,14:00:00.000,BBG000DR22B6,-0.015561237,-0.0028664512,1695579
20100317,14:00:00.000,BBG000BHK836,-0.010448492,0.0018669252,1065361
20100317,14:00:00.000,BBG000BV4DR6,0.010448474,0.032941636,3471739
20100317,14:00:00.000,BBG000BC9938,-0.01972803,-0.007864378,873239
20100317,14:00:00.000,BBG000DSMS70,-0.00761958,-0.0042366656,393790
20100317,14:00:00.000,BBG000BWCKB6,0.0010860666,0.0073257945,397258
20100317,14:00:00.000,BBG000BP5YT0,-0.008649445,0.011741394,3779867
20100317,14:00:00.000,BBG000BGYWY6,0.0014997411,0.0132605005,948839
20100317,14:00:00.000,GEN_EQ0010580600001000,0.0074963355,0.022494406,1155655
20100317,14:00:00.000,BBG000BFJ645,0.015403378,0.017186692,2254879
20100317,14:00:00.000,BBG000PV2L86,0.005099998,0.0074802013,1452218
20100317,14:00:00.000,BBG000BXBHJ4,-0.010811449,-0.00020232607,596096
20100317,14:00:00.000,BBG000BB29X4,-0.0013752423,0.0029588656,717251
20100317,14:00:00.000,BBG000BBBP59,0.0008258955,0.00956398,339431
20100317,14:00:00.000,BBG000BVHBM1,0.00025617483,-1.6256508e-06,1648171
20100317,14:00:00.000,BBG000BWGYF8,0.036469754,0.07482275,2782634
20100317,14:00:00.000,BBG000BBL8V7,0.014769728,0.029539565,2011582
20100317,14:00:00.000,BBG000BPNP00,-0.0054983483,0.016448239,870492
20100317,14:00:00.000,BBG000RGM5P1,,,1056998
20100317,14:00:00.000,BBG000FKYVH4,0.0003189609,0.010813595,782815
20100317,14:00:00.000,BBG000BGXZB5,0.0034374932,0.003685705,2890983
20100317,14:00:00.000,BBG000BTQ9G8,0.0013008247,0.009229577,1561493
20100317,14:00:00.000,BBG000BCTQ65,0.008159829,0.009861475,1015468
20100317,14:00:00.000,BBG000BK2F42,0.0062393723,0.01743581,1501216
20100317,14:00:00.000,BBG000F7RCJ1,-0.0076310644,0.004963873,629432
20100317,14:00:00.000,BBG000C2YHG9,-0.0064630047,-0.0041779596,1042857
20100317,14:00:00.000,BBG000BRJL00,-0.0018273961,0.005188495,1247350
20100317,14:00:00.000,BBG000BQT4L6,-0.0057554655,0.005143134,1972005
20100317,14:00:00.000,BBG000FDBX90,-0.0012734309,0.002076135,1182442
20100317,14:00:00.000,BBG000BKR1D6,-0.004504972,0.008165535,298888
20100317,14:00:00.000,GEN_EQ0010003600001000,-0.004185036,0.0025464601,1051233
20100317,14:00:00.000,BBG000BPXVJ6,-0.002867984,0.00069425255,1707324
20100317,14:00:00.000,BBG000BN84F3,0.0070882156,0.012111191,664883
20100317,14:00:00.000,BBG000DSZTN6,0.00932407,0.023335066,1258109
20100317,14:00:00.000,BBG000BBCDZ2,-0.0051567536,0.0056911707,484502
20100317,14:00:00.000,BBG000PQ6YJ3,-0.0117154345,0.0019015153,215766
20100317,14:00:00.000,BBG000HQ7GC7,-0.011379999,0.0045398218,1228749
20100317,14:00:00.000,BBG000BC15S7,-0.001878685,0.007642939,613519
20100317,14:00:00.000,BBG000PX3XC0,-0.002015493,0.012277811,432004
20100317,14:00:00.000,BBG000BSXQV7,0.0049666073,0.0142196575,427110
20100317,14:00:00.000,BBG000BP1Q11,0.0059993924,0.011174138,511094
20100317,14:00:00.000,GEN_EQ0010206100001000,-0.021317128,-0.021411583,4563802
20100317,14:00:00.000,BBG000C3GN47,0.006015892,0.016401235,768065
20100317,14:00:00.000,BBG000BN7277,-0.0032027774,0.009575034,1634647
20100317,14:00:00.000,BBG000C3NTN5,-0.003510093,-0.0020859477,1703236
20100317,14:00:00.000,BBG000DWB323,-0.00076386053,0.015877305,2330726
20100317,14:00:00.000,BBG000BR1W32,-0.006240673,0.010979915,906449
20100317,14:00:00.000,BBG000BF2KK4,-0.003709268,0.0063360482,1051699
20100317,14:00:00.000,BBG000BNBPQ0,0.01181677,0.034769647,1452993
20100317,14:00:00.000,BBG000BWXL85,-0.00010732285,0.0076821013,1082029
20100317,14:00:00.000,GEN_EQ0010624300001000,0.0045810505,0.0044469414,1308215
20100317,14:00:00.000,BBG000JBN3X6,-0.004270122,-0.01031633,3820830
20100317,14:00:00.000,BBG000BFNR17,-0.004793411,0.009810158,1094418
20100317,14:00:00.000,BBG000CXYSZ6,0.030365346,0.036779184,731602
20100317,14:00:00.000,BBG000FV1Z23,-0.01643624,-0.012809628,1599975
20100317,14:00:00.000,GEN_EQ0010548100001000,0.033789806,0.05510316,6123368
20100317,14:00:00.000,GEN_EQ0010141600001000,9.2210605e-05,0.014375376,1538246
20100317,14:00:00.000,BBG000BW2QX0,-0.0009737619,0.017358286,2967775
20100317,14:00:00.000,BBG000C1S2X2,-0.014493585,-0.01669946,799964
20100317,14:00:00.000,BBG000BVXPZ8,0.010713932,0.021977818,2718409
20100317,14:00:00.000,BBG000B9ZV28,0.010243884,0.021427786,324636
20100317,14:00:00.000,BBG000CPQZ77,-0.0059807017,0.007343782,1039434
20100317,14:00:00.000,BBG000BGD7W6,-0.006348333,-0.0017378574,1726642
20100317,14:00:00.000,GEN_EQ0010168800001000,-0.014512583,-0.007797116,17645220
20100317,14:00:00.000,BBG000D9KWL9,0.000710499,0.016150657,290253
20100317,14:00:00.000,BBG000BR37X2,0.019359674,0.03339415,4575540
20100317,14:00:00.000,BBG000BR54L0,0.00036755536,0.007897626,2894307
20100317,14:00:00.000,BBG000BLHRS2,-0.010502117,-0.0049426085,1028642
20100317,14:00:00.000,BBG000BX3BL3,-0.011239264,0.014216816,703970
20100317,14:00:00.000,BBG000BL5W86,0.0051751467,0.029590804,7091873
20100317,14:00:00.000,BBG000BJKPG0,0.0043860534,0.016391478,784365
20100317,14:00:00.000,BBG000BCYP43,0.0074609234,0.010574524,480017
20100317,14:00:00.000,BBG000MBDGM6,0.011004617,0.02796005,340989
20100317,14:00:00.000,BBG000CGT2S4,-0.01160608,-0.0010342961,627449
20100317,14:00:00.000,BBG000BMFFQ0,0.0018587797,0.021143207,1114480
20100317,14:00:00.000,BBG000BWVSR1,0.0013080963,0.006342026,797935
20100317,14:00:00.000,BBG000FL0BC8,-0.027903337,-0.01782872,2388479
20100317,14:00:00.000,BBG000F86GP6,-0.011341948,0.0027866897,556141
20100317,14:00:00.000,BBG000BHB3M6,0.008717492,0.019837338,463438
20100317,14:00:00.000,BBG000BDWKC5,0.005982726,0.017004794,2051519
20100317,14:00:00.000,BBG000BJDPC2,0.01931149,0.023436254,1707317
20100317,14:00:00.000,BBG000BP4MH0,-0.005889864,0.003674488,2833426
20100317,14:00:00.000,BBG000C9W1Y1,,,2326642
20100317,14:00:00.000,BBG000BKSL41,0.0006376257,0.0130486535,3255435
20100317,14:00:00.000,BBG000CVWGS6,0.009597448,0.016329661,10455856
20100317,14:00:00.000,BBG000F80SZ5,0.014131698,0.029087305,4891619
20100317,14:00:00.000,BBG000DKCC19,0.00021915109,0.004527165,2565165
20100317,14:00:00.000,GEN_EQ0010091900001000,0.023540119,0.027076388,406887
20100317,14:00:00.000,BBG000BG7986,0.00824328,0.0066745505,1247225
20100317,14:00:00.000,BBG000D7RKJ5,0.0024777274,0.008143686,918768
20100317,14:00:00.000,BBG000KLB4Q1,0.016537705,0.036363836,2937487
20100317,14:00:00.000,BBG000DQTXY6,-0.010362167,-0.0076665683,2424619
20100317,14:00:00.000,BBG000BFS7D3,0.009137146,0.012115669,1677380
20100317,14:00:00.000,BBG000BV75B7,-0.011096814,-0.014174372,1482533
20100317,14:00:00.000,BBG000C2PW58,0.04091662,0.05758414,573092
20100317,14:00:00.000,BBG000BKZTP3,-0.02287183,-0.006002086,2549450
20100317,14:00:00.000,BBG000CFJL87,0.004549895,0.001645827,1173423
20100317,14:00:00.000,BBG000QY3XZ2,-0.0023567425,0.01317821,2440981
20100317,14:00:00.000,BBG000BJ5GK2,-0.0022730203,0.007866189,632007
20100317,14:00:00.000,BBG000Q0BPZ4,0.027527085,0.04299409,3885264
20100317,14:00:00.000,BBG000NSCNT7,0.012752129,0.04136416,3435933
20100317,14:00:00.000,GEN_EQ0010104800001000,0.00585268,0.022365661,5013610
20100317,14:00:00.000,BBG000G8N9C6,0.0003848929,0.004408673,1016542
20100317,14:00:00.000,BBG000BHKYH4,-0.0076413047,0.0011449405,866439
20100317,14:00:00.000,BBG000BK1FD3,-0.027269237,-0.007724072,2399384
20100317,14:00:00.000,BBG000BT4T69,0.0002306143,0.0057045254,4532495
20100317,14:00:00.000,GEN_EQ0011591100001000,-0.0006762609,0.0089659095,1387824
20100317,14:00:00.000,BBG000FFH4P5,-0.0010623038,0.010118123,419171
20100317,14:00:00.000,BBG000BGRKT6,0.010597427,0.013444958,545188
20100317,14:00:00.000,BBG000DN7P92,0.008806138,0.012901209,930933
20100317,14:00:00.000,BBG000M4SW14,0.008304133,0.02018141,605842
20100317,14:00:00.000,BBG000BNGTQ7,0.0022985695,0.005258143,2314865
20100317,14:00:00.000,BBG000BL79J3,-0.0095431395,-0.006454638,1760345
20100317,14:00:00.000,BBG000BDG1Y1,-0.0045871832,0.0049544903,1432061
20100317,14:00:00.000,BBG000D9DMK0,0.006144498,0.012598034,581167
20100317,14:00:00.000,BBG000BVPPM1,0.011481065,0.026552204,3905328
20100317,14:00:00.000,BBG000D3MB18,-0.009869609,-5.1286474e-07,2360081
20100317,14:00:00.000,BBG000DGPR66,0.0050987117,0.013657121,675336
20100317,14:00:00.000,BBG000BLDV98,-0.0015003429,-0.002952978,2068823
20100317,14:00:00.000,BBG000C6F3T8,0.0061239614,0.013006612,2274194
20100317,14:00:00.000,BBG000BS0ZF1,0.0019794598,0.008845865,316849
20100317,14:00:00.000,BBG000DNTSP4,-0.011841098,-0.00044535776,976012
20100317,14:00:00.000,BBG000LL9LQ5,-0.0070490805,0.006769321,1989785
20100317,14:00:00.000,GEN_EQ0140919900001000,0.004819173,0.0076049664,955063
20100317,14:00:00.000,BBG000QRSL13,-0.011290264,0.0050378283,6509590
20100317,14:00:00.000,BBG000BRJ809,0.013967382,0.019810665,549642
20100317,14:00:00.000,BBG000D1QCF1,-0.014909361,0.0017365933,866289
20100317,14:00:00.000,BBG000BLCPY4,0.007617445,0.010264219,990054
20100317,14:00:00.000,BBG000CNWNL6,0.010232265,0.03342666,1647429
20100317,14:00:00.000,BBG000DV7MX4,-0.01912293,0.0037104732,7936752
20100317,14:00:00.000,BBG000BP1152,-0.028632907,-0.015042134,3555263
20100317,14:00:00.000,BBG000BHCP19,-0.0071431953,0.014110907,2103219
20100317,14:00:00.000,BBG000BGKHZ3,-0.014754994,-1.2442347e-07,837942
20100317,14:00:00.000,BBG000BMB7R1,0.0016486204,0.008645466,613394
20100317,14:00:00.000,BBG000BHLYS1,-0.0010730093,0.00089984137,859101
20100317,14:00:00.000,BBG000BKWSR6,0.024993239,0.043516897,16352585
20100317,14:00:00.000,BBG000JN9BQ6,0.016706811,0.022738658,898942
20100317,14:00:00.000,BBG000BRZBT3,0.0046355366,0.012636883,1730160
20100317,14:00:00.000,BBG000FBK808,0.012046976,0.024196088,8663164
20100317,14:00:00.000,BBG000BXRPH1,-0.014000025,0.00018608806,983407
20100317,14:00:00.000,BBG000BQSQ38,-0.0067953044,0.0061927964,1249816
20100317,14:00:00.000,BBG000BVMPN3,0.010460427,0.028600622,823631
20100317,14:00:00.000,BBG000BGFLL5,0.0041633807,0.022550028,1775799
20100317,14:00:00.000,BBG000BJ98Z0,0.042783767,0.043136198,1268701
20100317,14:00:00.000,BBG000NDZ417,-0.006239262,0.003924952,1148950
20100317,14:00:00.000,BBG000BKPL53,-0.0054512075,-0.0015575546,965422
20100317,14:00:00.000,BBG000BD0TF8,0.012985185,0.030810189,628632
20100317,14:00:00.000,BBG000BY2Y78,0.02011932,0.04088021,3003271
20100317,14:00:00.000,BBG000BPMH90,0.0031756314,0.01782678,1099551
20100317,14:00:00.000,BBG000BBNYF6,0.012085446,0.0216043,1084491
20100317,14:00:00.000,BBG000FJRZ68,-0.0054143835,-0.0027724952,1371827
20100317,14:00:00.000,BBG000FKJRC5,0.0032447698,0.008901357,433885
20100317,14:00:00.000,BBG000CL9VN6,-0.002420034,0.007430752,403752
20100317,14:00:00.000,BBG000BK6G19,-0.004627122,0.003964965,727988
20100317,14:00:00.000,BBG000C23KJ3,-0.0136743365,-0.0058955555,5755903
20100317,14:00:00.000,BBG000BB5BF6,-0.0061450913,0.003607279,2851372
20100317,14:00:00.000,BBG000BK5DP1,0.007381786,0.018897234,2371631
20100317,14:00:00.000,BBG000BJVZF7,0.007035143,0.008761037,928984
20100317,14:00:00.000,BBG000BN5HF7,-0.0016285749,0.008351134,2633870
20100317,14:00:00.000,BBG000BL9439,-0.0033089248,0.002958592,870320
20100317,14:00:00.000,BBG000BJQWD2,0.0060038604,0.021790428,2164566
20100317,14:00:00.000,BBG000D8RG11,-0.008275612,-0.0026639856,1489593
20100317,14:00:00.000,BBG000BS9489,0.009513485,0.01606151,906399
20100317,14:00:00.000,BBG000BH5DV1,-0.006468771,0.0004331075,1847570
20100317,14:00:00.000,BBG000BMKDM3,-0.0020709834,0.0019865965,1100816
20100317,14:00:00.000,BBG000C75N77,0.00047108484,0.015648311,2053080
20100317,14:00:00.000,BBG000BKXFN7,-0.0121225575,-0.006054953,3490862
20100317,14:00:00.000,BBG000BTCH57,0.003504366,0.012566606,1141106
20100317,14:00:00.000,BBG000BM7HL0,-0.0020106337,0.012461277,1809022
20100317,14:00:00.000,BBG000BNFLM9,-0.0053740744,0.010072126,1771295
20100317,14:00:00.000,BBG000BBVCN6,0.0006951652,0.00021823596,438826
20100317,14:00:00.000,BBG000LD9JQ8,-0.013698732,-0.004347071,2425412
20100317,14:00:00.000,BBG000MDCQC2,-0.008007922,-0.0024681147,1748584
20100317,14:00:00.000,BBG000BLBXT4,-0.009677032,-0.004001478,1629351
20100317,14:00:00.000,BBG000BDXGP9,0.003087402,0.0058583543,1639237
20100317,14:00:00.000,BBG000BR3KL6,0.009424838,0.01908501,849452
20100317,14:00:00.000,BBG000BX9WL1,0.0313424,0.056319635,8427011
20100317,14:00:00.000,BBG000BQ74K1,0.0072943126,0.020908916,799717
20100317,14:00:00.000,BBG000BWSV34,0.0032524047,0.00947868,575891
20100317,14:00:00.000,BBG000BQZMH4,-0.009430579,-0.0054629873,2086895
20100317,14:00:00.000,GEN_EQ0010066700001000,-0.008990418,-0.005346353,1064509
20100317,14:00:00.000,BBG000BQVTF5,-0.00022916238,0.0117406165,1521177
20100317,14:00:00.000,BBG000LC1FS4,0.009491025,0.024541672,1092521
20100317,14:00:00.000,GEN_EQ0010050500001000,-0.00909637,0.0026797245,4888632
20100317,14:00:00.000,BBG000G3QLY3,0.012996669,0.02230274,860469
20100317,14:00:00.000,BBG000QBR5J5,-0.011184934,0.0045754057,6747517
20100317,14:00:00.000,BBG000BTQR96,0.0068143415,0.014719409,1371723
20100317,14:00:00.000,GEN_EQ0012661800001000,-0.0127039235,-0.009928507,1336169
20100317,14:00:00.000,BBG000CKJ0P3,-0.000160293,0.0005617054,552419
20100317,14:00:00.000,BBG000HGYNZ9,-0.0025656554,0.008794242,2928036
20100317,14:00:00.000,BBG000BV7LP7,0.0047414615,0.014385725,2000261
20100317,14:00:00.000,BBG000BBVK30,-0.00632072,-0.009312685,7659218
20100317,14:00:00.000,BBG000BFXHL6,-0.014169688,-0.012541112,2302726
20100317,14:00:00.000,BBG000BGLRN3,0.0055222767,0.009906479,1403061
20100317,14:00:00.000,BBG000C2V3D6,-0.008207679,0.0050867535,1383186
20100317,14:00:00.000,BBG000BGVW60,0.011525394,0.012529836,3395205
20100317,14:00:00.000,BBG000BTVJ25,0.0076183993,0.01781069,2480894
20100317,14:00:00.000,GEN_EQ0010020500001000,0.004798471,0.019127803,2125557
20100317,14:00:00.000,BBG000BHQ1H0,0.011707575,0.011836102,600835
20100317,14:00:00.000,BBG000BNC3Y9,0.041711915,0.06712313,6529531
20100317,14:00:00.000,BBG000BVVQQ8,-0.008480809,0.008787052,1839217
20100317,14:00:00.000,GEN_EQ0010281900001000,-0.003132484,-0.0009177321,720150
20100317,14:00:00.000,BBG000C1FB75,-0.0057469546,0.011640297,304421
20100317,14:00:00.000,BBG000BFTJ91,0.01092974,0.012586518,3936196
20100317,14:00:00.000,BBG000C1FQS9,-0.007621835,-0.0026775552,743865
20100317,14:00:00.000,BBG000BSBZH7,0.00082548236,-0.00036940805,1253868
20100317,14:00:00.000,BBG000F15NW9,-0.016806293,-0.015972985,3070546
20100317,14:00:00.000,BBG000BPT0C6,0.019943314,0.02897674,1280295
20100317,14:00:00.000,GEN_EQ0010145600001000,-0.0007597756,-0.0029263087,3444360
20100317,14:00:00.000,BBG000H89QJ6,0.0040733516,0.006490017,1168606
20100317,14:00:00.000,BBG000BR14K5,0.0015747185,0.01327635,1366921
20100317,14:00:00.000,BBG000BP6L99,0.012056726,0.019766109,18383194
20100317,14:00:00.000,BBG000BQWPC5,0.0010098107,0.0015030605,806227
20100317,14:00:00.000,BBG000BNNYW1,0.0005831752,0.0060526407,1198500
20100317,14:00:00.000,BBG000BJ3PD2,0.0041478835,0.013072501,672940
20100317,14:00:00.000,BBG000PVRDL2,0.024265446,0.037843052,5931500
20100317,14:00:00.000,BBG000C2ZCH8,7.1703915e-05,1.8432351e-07,724353
20100317,14:00:00.000,BBG000TK7PB8,0.018630238,0.040364705,4889991
20100317,14:00:00.000,BBG000BB6M98,-0.0037065872,0.001247374,1233445
20100317,14:00:00.000,BBG000HW5GX3,0.006045007,0.014267001,976837
20100317,14:00:00.000,BBG000BLKK03,0.008546678,0.0102786515,1183916
20100317,14:00:00.000,BBG000BCZYD3,0.0037802488,0.005064624,438186
20100317,14:00:00.000,BBG000CSY9H9,-0.013153478,-0.002781011,1052012
20100317,14:00:00.000,BBG000BB9KF2,-0.0018964302,0.0018695524,879118
20100317,14:00:00.000,BBG000BMQPL1,0.016960882,0.03638726,11416637
20100317,14:00:00.000,BBG000BMTFR4,-0.004734098,0.013266655,2086505
20100317,14:00:00.000,BBG000H9G7X2,0.007868875,0.011154445,1094580
20100317,14:00:00.000,BBG000BCNYT9,0.0057222107,0.012012355,1466299
20100317,14:00:00.000,BBG000C0MF34,-0.007285822,-0.00087405834,586285
20100317,14:00:00.000,BBG000BN2DC2,-0.008072782,0.0046929065,691850
20100317,14:00:00.000,BBG000BN9WT5,-0.00383885,0.01632814,4128906
20100317,14:00:00.000,BBG000BQ5DS5,0.0032375802,0.0034449785,1033946
20100317,14:00:00.000,BBG000BCGY17,-0.005020729,-0.0016883424,1026583
20100317,14:00:00.000,BBG000BB6G37,-0.0022197685,0.01732451,2234887
20100317,14:00:00.000,BBG000CHPY97,-0.031063305,-0.023554176,4143258
20100317,14:00:00.000,BBG000TWC2V5,0.0063467,0.006949632,1234120
20100317,14:00:00.000,GEN_EQ0117562400001000,-0.0014208304,0.0018572914,9062870
20100317,14:00:00.000,BBG000BP0KQ8,0.0070247063,0.019547187,3933443
20100317,14:00:00.000,BBG000BB5373,0.022487083,0.036435176,6522314
20100317,14:00:00.000,BBG000BM6788,-0.016316418,-0.0067176563,2139839
20100317,14:00:00.000,BBG000BH3JF8,-0.013144141,-0.008397538,1444423
20100317,14:00:00.000,GEN_EQ0085215200001000,0.007700767,0.018652385,3989990
20100317,14:00:00.000,BBG000BQ2C28,0.0027174642,0.008662399,761590
20100317,14:00:00.000,BBG000BX5ZF5,-0.024089023,-0.0128776645,11506591
20100317,14:00:00.000,BBG000BMDV41,0.009622981,0.0151489815,1467786
20100317,14:00:00.000,GEN_EQ0010319800003000,-0.01497581,-0.019391503,3034120
20100317,14:00:00.000,BBG000BG14P4,-0.0014195294,0.011140071,862366
20100317,14:00:00.000,BBG000GC80B4,,,2030361
20100317,14:00:00.000,BBG000BB2DM7,-0.008354879,0.0044040126,5181575
20100317,14:00:00.000,BBG000BWJFZ4,-0.010673318,-0.009940425,1488242
20100317,14:00:00.000,BBG000BHGDH5,-0.00076593406,0.00060171593,3847960
20100317,14:00:00.000,BBG000BZ2GG4,-0.0049672048,0.007724718,2213701
20100317,14:00:00.000,BBG000D898T9,0.0021811351,0.006516623,1505371
20100317,14:00:00.000,BBG000BMF5J0,-0.0040639946,0.005696826,1688854
20100317,14:00:00.000,BBG000BKLH74,-0.0045645405,-0.005153288,4104442
20100317,14:00:00.000,BBG000BGPTV6,-0.01151839,7.649827e-07,1765908
20100317,14:00:00.000,BBG000BH3GZ2,0.009314133,0.022053586,3355255
20100317,14:00:00.000,BBG000BVWLJ6,-0.010304502,0.0005371076,1672961
20100317,14:00:00.000,BBG000C496P7,-0.0244364,-0.013546027,4832784
20100317,14:00:00.000,BBG000JG0547,0.0059535964,0.013223814,1594361
20100317,14:00:00.000,BBG000DYGNW7,0.014964652,0.018348947,1169659
20100317,14:00:00.000,BBG000BNJHS8,-0.0018975319,-0.0053132414,4828972
20100317,14:00:00.000,BBG000BPQD31,0.00050947425,0.0036223128,1715639
20100317,14:00:00.000,BBG000BT9DW0,0.0026341616,0.0036122801,1742118
20100317,14:00:00.000,BBG000BB2KW0,-0.00950966,-0.009508718,740343
20100317,14:00:00.000,BBG000BK67C7,0.011503021,0.013427554,1026788
20100317,14:00:00.000,BBG000DHSPT0,-0.009277016,-0.0043108077,1169291
20100317,14:00:00.000,BBG000BFMBQ6,-0.0015918461,-0.0024307875,1186202
20100317,14:00:00.000,BBG000B9WJ73,0.001924634,0.02152691,5685118
20100317,14:00:00.000,BBG000FVXD63,-0.008670104,0.002569286,1866270
20100317,14:00:00.000,BBG000B9XYV2,-0.005997429,-0.0022574603,2107171
20100317,14:00:00.000,BBG000BMBL90,0.009581673,0.016802486,2547468
20100317,14:00:00.000,BBG000BB1TH9,-0.0025057918,0.013189069,953295
20100317,14:00:00.000,BBG000BVMGF2,-0.0032506788,0.013542029,3600980
20100317,14:00:00.000,BBG000BSD7C2,-0.0032097702,-0.00035220096,876115
20100317,14:00:00.000,BBG000J5Q6L2,-0.021935752,0.0030186095,5405878
20100317,14:00:00.000,BBG000BC4JJ4,-0.007383498,-0.0030055433,987104
20100317,14:00:00.000,BBG000BM5SR2,0.025984513,0.060344007,9116710
20100317,14:00:00.000,BBG000BJPDZ1,0.006531408,0.007380697,263725
20100317,14:00:00.000,BBG000BZTW70,-0.013823925,-0.008847308,3646915
20100317,14:00:00.000,BBG000C5HS04,0.0046737217,0.008878331,1402772
20100317,14:00:00.000,BBG000M65M61,-0.033933148,-0.032202438,8324705
20100317,14:00:00.000,BBG000BY29C7,0.002175284,0.010839939,1211870
20100317,14:00:00.000,BBG000BB6WG8,0.0050117304,0.013297142,2824914
20100317,14:00:00.000,GEN_EQ0010172300001000,-0.004792292,-0.0037511124,835863
20100317,14:00:00.000,BBG000C2BXK4,-0.0040492206,0.009767547,23680058
20100317,14:00:00.000,BBG000BBBNC6,-0.0034130793,0.02280296,1419590
20100317,14:00:00.000,BBG000PM7GJ0,0.023185467,0.04104579,2776605
20100317,14:00:00.000,BBG000Q3JN03,0.0031486352,0.02531646,18262338
20100317,14:00:00.000,BBG000C0LW92,-0.028487653,-0.021171413,42825876
20100317,14:00:00.000,BBG000BF1R66,0.008257541,0.019475099,1394508
20100317,14:00:00.000,BBG000NSQ9M0,-0.011164696,0.0019593074,6553617
20100317,14:00:00.000,BBG000FQ6PY6,-0.04037377,-0.033612534,11214191
20100317,14:00:00.000,BBG000BWVCP8,-0.014762032,0.0012989055,3899213
20100317,14:00:00.000,BBG000BJSBJ0,-0.0025487472,0.0011487249,844562
20100317,14:00:00.000,BBG000BLM0V1,,,1021901
20100317,14:00:00.000,BBG000BMY992,0.0014713653,0.009419492,4151706
20100317,14:00:00.000,BBG000BVDLH9,0.009092219,0.011917336,1869320
20100317,14:00:00.000,BBG000C0F570,0.0013062125,0.019676944,3312239
20100317,14:00:00.000,BBG000BBQCY0,0.01263049,0.03090027,15935686
20100317,14:00:00.000,GEN_EQ0000000001064567,0.001767738,0.016564272,1137264
20100317,14:00:00.000,BBG000BKCFC2,-0.003384117,-0.0010235166,943604
20100317,14:00:00.000,BBG000CGQ6M4,0.010077649,0.011171634,914670
20100317,14:00:00.000,BBG000C17X76,-0.003167086,-0.001841749,978715
20100317,14:00:00.000,BBG000DTMH63,,,2401154
20100317,14:00:00.000,BBG000R7Z112,0.0019776628,0.003852982,5721423
20100317,14:00:00.000,BBG000BBMSJ6,-0.0067147743,0.011804222,4394239
20100317,14:00:00.000,BBG000BY33P5,0.0035610832,0.012838417,2587246
20100317,14:00:00.000,BBG000BV8DN6,0.0013180034,0.0008099834,1509553
20100317,14:00:00.000,GEN_EQ0010135600001000,0.004251988,0.017806983,3765065
20100317,14:00:00.000,BBG000JN8R00,-0.0027970178,0.013432082,1116654
20100317,14:00:00.000,BBG000K14Q84,-0.018876128,-0.0026813596,1534377
20100317,14:00:00.000,BBG000BBDV81,-0.0019239986,0.012684027,1114849
20100317,14:00:00.000,BBG000BMW2Z0,0.005283577,0.007272447,1769450
20100317,14:00:00.000,BBG000DLVDK3,0.0023542445,0.0139618935,1759105
20100317,14:00:00.000,BBG000CKVSG8,-0.003929717,0.011595415,2852465
20100317,14:00:00.000,BBG000G0Z878,0.036714077,0.060194258,14651666
20100317,14:00:00.000,BBG000BGJRC8,-0.0023395917,-0.0019384823,1161621
20100317,14:00:00.000,BBG000BL8GJ6,-0.0109089995,0.0053399024,5345447
20100317,14:00:00.000,BBG000HCJMF9,-0.005038066,0.016650377,1880827
20100317,14:00:00.000,BBG000BB6KF5,-0.0017364583,0.016635096,3488474
20100317,14:00:00.000,BBG000BYYLS8,0.0005991285,0.0139304865,3706196
20100317,14:00:00.000,BBG000FJLFX8,-0.005396811,-0.004691251,2504678
20100317,14:00:00.000,BBG000D9D830,0.0066718557,0.017854571,2654586
20100317,14:00:00.000,BBG000BHX7N2,-0.0014196848,0.0071863336,1425334
20100317,14:00:00.000,BBG000CTQBF3,-0.0043054167,0.012664882,5383570
20100317,14:00:00.000,BBG000BBD070,0.003667885,0.019538207,1604964
20100317,14:00:00.000,BBG000BH2JM1,-0.01652326,-0.008104629,9336731
20100317,14:00:00.000,BBG000CS7CT9,0.0040386743,0.008816419,1907134
20100317,14:00:00.000,BBG000BFL116,-0.011404333,-0.00082342204,671035
20100317,14:00:00.000,BBG000BFC8J2,0.016672943,0.017509202,1841455
20100317,14:00:00.000,BBG000C15T95,-0.0048389854,-0.004465242,750045
20100317,14:00:00.000,BBG000FP1N32,-0.009362829,0.0022616773,2468824
20100317,14:00:00.000,BBG000JWD753,-0.015054308,-0.0024934458,27202344
20100317,14:00:00.000,BBG000BWNFZ9,0.009130112,0.021251261,4515720
20100317,14:00:00.000,BBG000BSLZY7,-0.008747239,0.0054157567,7570061
20100317,14:00:00.000,BBG000BCBCM7,-0.002409812,-0.001268085,4265481
20100317,14:00:00.000,BBG000BBGGQ1,-0.0049237404,0.0072941957,6652394
20100317,14:00:00.000,BBG000BCWCG1,-0.0016105983,0.009859684,2701435
20100317,14:00:00.000,BBG000BLBVN4,0.0021144329,0.012804698,591385
20100317,14:00:00.000,BBG000C46HM9,-0.008901669,-0.00276964,4680276
20100317,14:00:00.000,BBG000BTKGG8,0.015002898,0.03472822,4082449
20100317,14:00:00.000,GEN_EQ0010059600001000,0.046179395,0.066766456,7797343
20100317,14:00:00.000,BBG000C8H633,0.0021826401,0.01641653,3830845
20100317,14:00:00.000,BBG000BTR593,0.0037110928,0.011506553,3524836
20100317,14:00:00.000,GEN_EQ0000000000158587,0.0046945116,0.009055036,1308383
20100317,14:00:00.000,BBG000F6H8W8,-0.00092662795,0.008456307,1560876
20100317,14:00:00.000,BBG000BFQYY3,-0.0044930866,-0.00277814,1571025
20100317,14:00:00.000,BBG000BNBDC2,0.00016019703,-0.00027586933,3452318
20100317,14:00:00.000,BBG000BSJTT0,0.00015270035,0.016135318,3143549
20100317,14:00:00.000,BBG000BJL3N0,0.0044168276,0.020856882,8949116
20100317,14:00:00.000,BBG000BYWTX7,-0.006091744,0.012250895,10208933
20100317,14:00:00.000,BBG000BD8PN9,0.0036245051,0.016205674,3317838
20100317,14:00:00.000,BBG000BHLYP4,-0.00393988,0.009925655,176815
20100317,14:00:00.000,BBG000C1BW00,-1.3442277e-05,0.0024823917,1523366
20100317,14:00:00.000,BBG000J6XT05,-0.006618819,-0.0004401744,2062423
20100317,14:00:00.000,BBG000BJX8C8,0.006976884,0.024033366,2566474
20100317,14:00:00.000,BBG000BCVJ77,0.0068203798,0.005596367,1493084
20100317,14:00:00.000,BBG000BZ9223,-0.009453577,-0.003263248,1596885
20100317,14:00:00.000,BBG000H556T9,-0.008880049,-0.0018609762,2772523
20100317,14:00:00.000,BBG000BJF1Z8,0.00894902,0.016696647,2599124
20100317,14:00:00.000,BBG000BB5006,0.011704362,0.020563275,5878953
20100317,14:00:00.000,BBG000F0KF42,,,8156131
20100317,14:00:00.000,BBG000BKFBD7,0.0037335423,0.022742363,2737701
20100317,14:00:00.000,BBG000BFDXW1,-0.008168088,0.008209291,2178680
20100317,14:00:00.000,BBG000BW3299,0.0029866593,0.0007478897,2490862
20100317,14:00:00.000,BBG000F0PF65,0.000121438214,0.007726891,3041170
20100317,14:00:00.000,BBG000BNWG87,-0.0076047806,-0.0066512944,3603854
20100317,14:00:00.000,BBG000BH13K9,0.007004559,0.013082922,3345146
20100317,14:00:00.000,BBG000BH1NH9,0.0052856524,0.015181712,2308017
20100317,14:00:00.000,BBG000DY8ZS4,-0.012503314,0.0028644272,9427712
20100317,14:00:00.000,BBG000BP8Z50,-0.026773037,-0.0135598695,14587570
20100317,14:00:00.000,BBG000BJ81C1,0.0016054132,0.010592894,2577061
20100317,14:00:00.000,BBG000BBVJZ8,-0.011701107,-0.005166044,5330976
20100317,14:00:00.000,BBG000BQ8KV2,-0.017828578,-0.0077020316,4647285
20100317,14:00:00.000,BBG000BGKTF9,-0.016383968,0.0049538705,3260901
20100317,14:00:00.000,BBG000BFRF55,-0.0062098657,0.009434667,3358697
20100317,14:00:00.000,BBG000BRK7L6,0.017757297,0.031386513,8407718
20100317,14:00:00.000,BBG000BWLMJ4,-0.0054046437,0.0052155554,3118060
20100317,14:00:00.000,BBG000BD4VG8,0.0066788713,0.022342028,2433448
20100317,14:00:00.000,BBG000FW00S1,0.011451668,0.02919771,5070056
20100317,14:00:00.000,BBG000BBJQV0,0.009166212,0.029287279,11440172
20100317,14:00:00.000,BBG000C5Z1S3,0.001827915,0.026431538,15537341
20100317,14:00:00.000,BBG000BC40Y8,0.014164064,0.02442559,2894772
20100317,14:00:00.000,BBG000DWYF03,-0.0054264176,0.00071252784,10320458
20100317,14:00:00.000,BBG000BRD0D8,0.0073954943,0.02253492,3380612
20100317,14:00:00.000,BBG000H8TVT2,-0.004909733,-0.0025268462,1649092
20100317,14:00:00.000,BBG000BP6LJ8,-0.00016202187,-3.3359538e-07,6525509
20100317,14:00:00.000,BBG000BKFZM4,0.019341977,0.027589953,13507514
20100317,14:00:00.000,BBG000BHBK84,-0.0072034257,0.0013118439,5160018
20100317,14:00:00.000,BBG000FG3C43,-0.019265637,-0.0057587745,4452724
20100317,14:00:00.000,BBG000BH23R1,0.015372103,0.02724459,22255378
20100317,14:00:00.000,BBG000F1ZSQ2,-0.018301085,-0.0060916925,645862
20100317,14:00:00.000,BBG000GFFQN9,-0.003311183,0.010998449,9086465
20100317,14:00:00.000,BBG000BNDN65,0.0010244712,0.009985634,7100964
20100317,14:00:00.000,BBG000C43RR5,0.0014432223,0.014555407,9962792
20100317,14:00:00.000,BBG000BP52R2,-0.0016677465,0.0064905426,2387116
20100317,14:00:00.000,BBG000BBPFB9,-1.2893282e-05,0.015254896,19329520
20100317,14:00:00.000,BBG000BC2C10,0.009335977,0.016970169,1414805
20100317,14:00:00.000,BBG000BFT2L4,0.009917469,0.011425571,8221094
20100317,14:00:00.000,BBG000L9CV04,0.003590887,0.009688562,3058743
20100317,14:00:00.000,BBG000FL1TC8,-0.004908795,-0.005620842,4020124
20100317,14:00:00.000,BBG000FFDM15,-0.009966985,0.003830443,6408478
20100317,14:00:00.000,BBG000BH4R78,-0.0038044406,-0.002371568,4283252
20100317,14:00:00.000,BBG000B9ZXB4,-0.00030232526,-0.004022378,4201484
20100317,14:00:00.000,BBG000BGRY34,0.0017226285,0.0074407,4310111
20100317,14:00:00.000,BBG000G2R6M0,-0.005951376,0.0057427147,5356916
20100317,14:00:00.000,BBG000BCSST7,0.00908853,0.010182707,3745274
20100317,14:00:00.000,BBG000BVV7G1,-0.0073873615,0.010541813,7606128
20100317,14:00:00.000,BBG000BW8S60,-0.0036003725,-0.00069042546,2351600
20100317,14:00:00.000,BBG000BL4504,-0.020542335,-0.009443967,9560802
20100317,14:00:00.000,BBG000DQLV23,0.0008709746,-0.0023083277,8231499
20100317,14:00:00.000,BBG000BBS2Y0,-0.0023656492,-0.004961669,2732016
20100317,14:00:00.000,BBG000BHVJJ3,-0.010471945,-0.0026625777,13406524
20100317,14:00:00.000,BBG000J2XL74,0.0071757827,0.011513348,3026703
20100317,14:00:00.000,BBG000CH5208,-0.009478419,-0.009073214,6969686
20100317,14:00:00.000,BBG000BCQZS4,-0.0051954472,0.00757897,4917112
20100317,14:00:00.000,BBG000BFWKC0,0.008434342,0.006523138,5038209
20100317,14:00:00.000,BBG000BCG930,0.0021127476,-0.0005646219,4118030
20100317,14:00:00.000,BBG000PSKYX7,-0.0051016104,0.004477037,2046599
20100317,14:00:00.000,BBG000BPWXK1,-0.005276026,0.006721363,3961995
20100317,14:00:00.000,BBG000BWXBC2,-0.004262905,-0.00035631523,7513790
20100317,14:00:00.000,BBG000BQQ2S6,0.0074234726,0.0140853,2678594
20100317,14:00:00.000,BBG000BH5LT6,-0.001198585,-0.0020262392,3579303
20100317,14:00:00.000,BBG000DWG505,0.00080638175,0.0003646133,2393159
20100317,14:00:00.000,BBG000BF0K17,0.004192728,0.014632759,3675115
20100317,14:00:00.000,BBG000BKTFN2,0.02067918,0.03310725,9171757
20100317,14:00:00.000,BBG000BB07P9,0.0005139619,0.01073284,5975721
20100317,14:00:00.000,BBG000BNSZP1,-0.0020167844,0.006210305,2907732
20100317,14:00:00.000,BBG000BKZB36,-0.008353382,-0.00092218985,7940141
20100317,14:00:00.000,BBG000CKGBP2,-0.002321376,-0.005054952,4411476
20100317,14:00:00.000,BBG000DH7JK6,0.0008022011,0.0030268955,3479614
20100317,14:00:00.000,BBG000D4LWF6,-0.0016939909,-2.6984011e-07,6622854
20100317,14:00:00.000,BBG000BQQH30,0.009372479,0.016671712,6647778
20100317,14:00:00.000,BBG000B9WH86,0.04520047,0.0630645,51349692
20100317,14:00:00.000,BBG000BQLTW7,0.008852022,0.013087943,18458046
20100317,14:00:00.000,BBG000HS77T5,0.0071206847,0.009353755,9193024
20100317,14:00:00.000,GEN_EQ0011904200001000,0.010054797,0.016040368,12371286
20100317,14:00:00.000,BBG000BLZRJ2,-0.0052132914,0.009241855,8795649
20100317,14:00:00.000,BBG000BMX289,0.0022868898,0.003910545,5570291
20100317,14:00:00.000,BBG000BPD168,0.0010022564,-0.0031631119,5992249
20100317,14:00:00.000,BBG000BT41Q8,0.0064705918,0.017927371,7717937
20100317,14:00:00.000,BBG000BMHYD1,0.004593886,0.002170931,4814194
20100317,14:00:00.000,BBG000BR2TH3,0.0046573565,0.0055085523,4582420
20100317,14:00:00.000,BBG000KHWT55,-0.0014477407,0.006111533,8119732
20100317,14:00:00.000,BBG000BTZQC4,-0.008837195,-0.00883186,3681655
20100317,14:00:00.000,BBG000BSJK37,0.002651691,0.003481309,11369734
20100317,14:00:00.000,BBG000BLNNH6,-0.0057920194,0.0006220486,3103104
20100317,14:00:00.000,BBG000K4ND22,0.0034595956,0.011893157,6629516
20100317,14:00:00.000,BBG000BX3TD3,-0.015622628,-0.00024015186,8627467
20100317,14:00:00.000,BBG000CR90K4,-0.0028019042,-0.00106464,4933431
20100317,14:00:00.000,BBG000BVPV84,-0.00013962593,0.005919426,2371053
20100317,14:00:00.000,BBG000CGC1X8,-0.010452467,-0.004873794,14745899
20100317,14:00:00.000,BBG000BR2B91,-0.0037556672,-0.0046332576,33514644
20100317,14:00:00.000,BBG000BQPC32,0.022883547,0.022988394,59107200
20100317,14:00:00.000,BBG000BK6MB5,-0.0025874733,0.009405554,109505912
20100317,14:00:00.000,BBG000C3J3C9,0.0046432912,0.008411012,20677972
20100317,14:00:00.000,BBG000C0G1D1,-0.0004672411,0.013632389,51675360
20100317,14:00:00.000,BBG000BWQFY7,-0.0013367776,0.010566626,18446600
20100317,14:00:00.000,BBG000BJDB15,-0.009605349,0.003773171,6700256
20100317,14:00:00.000,BBG000BPH459,0.007858462,0.014297295,31008340
20100317,14:00:00.000,BBG000C6CFJ5,-0.002602986,0.0063311215,4874305
20100317,14:00:00.000,BBG000DMBXR2,0.005654779,0.017817674,21635048
20100317,14:00:00.000,BBG000BHSKN9,-0.0050749043,0.0050153956,1578883
20100317,14:00:00.000,BBG000GZQ728,0.0037117999,0.015760086,21566676
20100317,14:00:00.000,BBG000BCTLF6,-0.003260228,0.0129075525,76213168
20100317,14:00:00.000,BBG000B9XRY4,-0.0016013602,0.0040970943,7675410
20100317,14:15:00.000,GEN_EQ0021071400001000,-0.026114874,-0.013290082,1897960
20100317,14:15:00.000,GEN_EQ0096849600001000,-0.016887397,0.005964718,752660
20100317,14:15:00.000,BBG000BJ49H3,-0.007962786,-0.0024196496,710338
20100317,14:15:00.000,BBG000BMFD58,-0.0078108157,0.0047883946,6338373
20100317,14:15:00.000,BBG000BFVXX0,-0.004909929,0.0012691963,1259440
20100317,14:15:00.000,BBG000CHWP52,0.00064188265,0.008017958,716238
20100317,14:15:00.000,BBG000BT9T73,0.078708366,0.10146173,33288708
20100317,14:15:00.000,BBG000BCQ4P6,0.008358298,0.01879305,847569
20100317,14:15:00.000,BBG000BMLWX8,0.012571409,0.014802408,2212581
20100317,14:15:00.000,BBG000BP7JB0,-0.006515685,0.007911729,2782854
20100317,14:15:00.000,BBG000BNW1S8,-0.0125239445,0.004086917,885018
20100317,14:15:00.000,BBG000MQ1SN9,0.003616494,0.008057588,663150
20100317,14:15:00.000,BBG000BVB8Q0,-0.013884099,-0.0049139196,1426526
20100317,14:15:00.000,BBG000BSC0K9,-0.0074633397,-0.0024675818,472394
20100317,14:15:00.000,BBG000C7LMS8,0.012797543,0.021155208,406229
20100317,14:15:00.000,BBG000BB5792,0.006225716,0.018495115,1478809
20100317,14:15:00.000,BBG000BFDLV8,0.015919266,0.025063237,407944
20100317,14:15:00.000,BBG000BTLMX5,0.00025835042,0.010255123,673838
20100317,14:15:00.000,BBG000CQB185,0.021273836,0.035222292,1081729
20100317,14:15:00.000,BBG000BKVJK4,0.0071000643,0.010440212,726953
20100317,14:15:00.000,BBG000BQC9V2,0.012491701,0.020639123,3969724
20100317,14:15:00.000,BBG000CC53X1,0.015644155,0.026992729,807661
20100317,14:15:00.000,BBG000C45984,-0.0024882366,0.0067822402,866504
20100317,14:15:00.000,BBG000BJNGN9,0.0019910214,0.016389098,1830350
20100317,14:15:00.000,BBG000FQRVM3,0.0027734274,0.007834867,493629
20100317,14:15:00.000,BBG000D2M0Z7,-0.0088075595,0.001375206,393042
20100317,14:15:00.000,BBG000K82ZT8,-0.011490863,-0.0036202543,857428
20100317,14:15:00.000,BBG000BF5RY1,-0.0032336628,-0.00073192135,4871730
20100317,14:15:00.000,BBG000BNMHS4,-0.0028444333,0.010496231,635136
20100317,14:15:00.000,BBG000CPHYL4,-0.0056938794,0.0017464571,6277533
20100317,14:15:00.000,GEN_EQ0000000000852052,0.007876283,0.027709803,859458
20100317,14:15:00.000,BBG000BCHG15,0.02289634,0.033598423,484013
20100317,14:15:00.000,BBG000BNNKG9,0.0116710495,0.024812253,1882180
20100317,14:15:00.000,BBG000DR22B6,-0.016296307,-0.002866392,1758521
20100317,14:15:00.000,BBG000BHK836,-0.011406903,0.00074691325,1134193
20100317,14:15:00.000,BBG000BV4DR6,0.0117415935,0.033882767,3639933
20100317,14:15:00.000,BBG000BC9938,-0.020486409,-0.008142008,957707
20100317,14:15:00.000,BBG000DSMS70,-0.006805245,-0.00261689,411309
20100317,14:15:00.000,BBG000BWCKB6,0.0019389496,0.008327461,423183
20100317,14:15:00.000,BBG000BP5YT0,-0.008777282,0.011741337,3846682
20100317,14:15:00.000,BBG000BGYWY6,0.0018448486,0.013503717,969218
20100317,14:15:00.000,GEN_EQ0010580600001000,0.0058973827,0.020351978,1194717
20100317,14:15:00.000,BBG000BFJ645,0.0153366625,0.017186647,2503678
20100317,14:15:00.000,BBG000PV2L86,0.004506258,0.0076882155,1556388
20100317,14:15:00.000,BBG000BXBHJ4,-0.012296774,-0.0019601614,682768
20100317,14:15:00.000,BBG000BB29X4,-0.0013569886,0.0033974068,734094
20100317,14:15:00.000,BBG000BBBP59,0.00071064197,0.009755095,343931
20100317,14:15:00.000,BBG000BVHBM1,0.0018259923,0.0019537031,1730469
20100317,14:15:00.000,BBG000BWGYF8,0.038927995,0.07794055,2892225
20100317,14:15:00.000,BBG000BBL8V7,0.011194445,0.025172735,2202940
20100317,14:15:00.000,BBG000BPNP00,-0.0051818863,0.01644829,896660
20100317,14:15:00.000,BBG000RGM5P1,,,1149666
20100317,14:15:00.000,BBG000FKYVH4,0.0020363424,0.012779474,799148
20100317,14:15:00.000,BBG000BGXZB5,0.0011637654,0.0010535301,3015772
20100317,14:15:00.000,BBG000BTQ9G8,-0.0016893595,0.0063453307,1645353
20100317,14:15:00.000,BBG000BCTQ65,0.007603531,0.009861481,1062855
20100317,14:15:00.000,BBG000BK2F42,0.0050391336,0.016585276,1609763
20100317,14:15:00.000,BBG000F7RCJ1,-0.0072297095,0.0054365327,662899
20100317,14:15:00.000,BBG000C2YHG9,-0.00847729,-0.005570425,1095599
20100317,14:15:00.000,BBG000BRJL00,-0.0025601478,0.0051884376,1283174
20100317,14:15:00.000,BBG000BQT4L6,-0.007144342,0.0038573118,2119452
20100317,14:15:00.000,BBG000FDBX90,-0.0011260078,0.002768387,1223917
20100317,14:15:00.000,BBG000BKR1D6,-0.0038085023,0.008768755,307808
20100317,14:15:00.000,GEN_EQ0010003600001000,-0.0044049425,0.0029707882,1123984
20100317,14:15:00.000,BBG000BPXVJ6,-0.0035751194,1.1657983e-06,1827299
20100317,14:15:00.000,BBG000BN84F3,0.0054165325,0.0110582,709129
20100317,14:15:00.000,BBG000DSZTN6,0.012252522,0.026897678,1324203
20100317,14:15:00.000,BBG000BBCDZ2,-0.0046587586,0.006594465,508396
20100317,14:15:00.000,BBG000PQ6YJ3,-0.012820276,0.0008079642,236157
20100317,14:15:00.000,BBG000HQ7GC7,-0.0121437255,0.0040858556,1280324
20100317,14:15:00.000,BBG000BC15S7,-0.0027810112,0.007045828,658091
20100317,14:15:00.000,BBG000PX3XC0,-0.0016638936,0.012653719,444204
20100317,14:15:00.000,BBG000BSXQV7,0.0043723583,0.0140657425,461017
20100317,14:15:00.000,BBG000BP1Q11,0.006259406,0.011598391,564410
20100317,14:15:00.000,GEN_EQ0010206100001000,-0.014717752,-0.013983031,4791777
20100317,14:15:00.000,BBG000C3GN47,0.007012881,0.017858936,819164
20100317,14:15:00.000,BBG000BN7277,-0.003238094,0.009574977,1677235
20100317,14:15:00.000,BBG000C3NTN5,-0.0028130224,-0.0010428665,1757893
20100317,14:15:00.000,BBG000DWB323,-0.00096852565,0.016512483,2354819
20100317,14:15:00.000,BBG000BR1W32,-0.006055698,0.011515438,937270
20100317,14:15:00.000,BBG000BF2KK4,-0.0031434312,0.0070751333,1072237
20100317,14:15:00.000,BBG000BNBPQ0,0.011038214,0.03443031,1624790
20100317,14:15:00.000,BBG000BWXL85,0.00018447361,0.008335925,1142890
20100317,14:15:00.000,GEN_EQ0010624300001000,0.0043792687,0.004611329,1348620
20100317,14:15:00.000,BBG000JBN3X6,-0.006893802,-0.01289539,3957799
20100317,14:15:00.000,BBG000BFNR17,-0.0051713404,0.009810213,1137655
20100317,14:15:00.000,BBG000CXYSZ6,0.029991321,0.035979737,774747
20100317,14:15:00.000,BBG000FV1Z23,-0.01791275,-0.014065512,1660651
20100317,14:15:00.000,GEN_EQ0010548100001000,0.035899397,0.057607688,6485375
20100317,14:15:00.000,GEN_EQ0010141600001000,1.09111625e-05,0.014375247,1603696
20100317,14:15:00.000,BBG000BW2QX0,-0.0003690515,0.017771572,3024531
20100317,14:15:00.000,BBG000C1S2X2,-0.015257577,-0.016928365,849123
20100317,14:15:00.000,BBG000BVXPZ8,0.008031321,0.019601805,2795059
20100317,14:15:00.000,BBG000B9ZV28,0.009817905,0.021765288,329984
20100317,14:15:00.000,BBG000CPQZ77,-0.007563665,0.005983782,1085249
20100317,14:15:00.000,BBG000BGD7W6,-0.007666139,-0.0024329026,1822384
20100317,14:15:00.000,GEN_EQ0010168800001000,-0.0143122515,-0.007797116,17686008
20100317,14:15:00.000,BBG000D9KWL9,0.0013091844,0.017133297,312074
20100317,14:15:00.000,BBG000BR37X2,0.019014316,0.03339415,4711530
20100317,14:15:00.000,BBG000BR54L0,-0.0017290469,0.006142519,3047534
20100317,14:15:00.000,BBG000BLHRS2,-0.010847576,-0.0051723695,1066601
20100317,14:15:00.000,BBG000BX3BL3,-0.010526745,0.015560026,736936
20100317,14:15:00.000,BBG000BL5W86,0.008402321,0.033072103,7321861
20100317,14:15:00.000,BBG000BJKPG0,0.005518923,0.01797134,862061
20100317,14:15:00.000,BBG000BCYP43,0.0059776325,0.0091925375,491443
20100317,14:15:00.000,BBG000MBDGM6,0.010821503,0.028009009,356830
20100317,14:15:00.000,BBG000CGT2S4,-0.012288701,-0.0013446596,660578
20100317,14:15:00.000,BBG000BMFFQ0,0.0017850166,0.020233832,1138215
20100317,14:15:00.000,BBG000BWVSR1,0.00043108503,0.0057521565,843004
20100317,14:15:00.000,BBG000FL0BC8,-0.0278209,-0.01715045,2465890
20100317,14:15:00.000,BBG000F86GP6,-0.0114994,0.003135028,577279
20100317,14:15:00.000,BBG000BHB3M6,0.009420613,0.020052949,496543
20100317,14:15:00.000,BBG000BDWKC5,0.0038828605,0.015282875,2186046
20100317,14:15:00.000,BBG000BJDPC2,0.020212794,0.024283303,1767758
20100317,14:15:00.000,BBG000BP4MH0,-0.005528893,0.0040828795,3105397
20100317,14:15:00.000,BBG000C9W1Y1,,,2418888
20100317,14:15:00.000,BBG000BKSL41,0.0010770995,0.013773497,3638392
20100317,14:15:00.000,BBG000CVWGS6,0.00836854,0.015470178,10647516
20100317,14:15:00.000,BBG000F80SZ5,0.0135203125,0.028377684,5011978
20100317,14:15:00.000,BBG000DKCC19,0.0011924511,0.005658752,2680729
20100317,14:15:00.000,GEN_EQ0010091900001000,0.022443298,0.026564391,425167
20100317,14:15:00.000,BBG000BG7986,0.008516443,0.0063232956,1274173
20100317,14:15:00.000,BBG000D7RKJ5,0.0035931738,0.009888588,965680
20100317,14:15:00.000,BBG000KLB4Q1,0.015929231,0.03572591,3031037
20100317,14:15:00.000,BBG000DQTXY6,-0.010231842,-0.00690007,2669981
20100317,14:15:00.000,BBG000BFS7D3,0.009070191,0.012506334,1719044
20100317,14:15:00.000,BBG000BV75B7,-0.010886629,-0.013757379,1536925
20100317,14:15:00.000,BBG000C2PW58,0.045778032,0.06288976,610454
20100317,14:15:00.000,BBG000BKZTP3,-0.02407069,-0.0067082928,2608599
20100317,14:15:00.000,BBG000CFJL87,0.0013985173,-0.00027361605,1428939
20100317,14:15:00.000,BBG000QY3XZ2,-0.0031883894,0.011860515,2497459
20100317,14:15:00.000,BBG000BJ5GK2,-0.0013965465,0.008932995,659002
20100317,14:15:00.000,BBG000Q0BPZ4,0.025769433,0.04299409,3934425
20100317,14:15:00.000,BBG000NSCNT7,0.015789969,0.043972585,3579133
20100317,14:15:00.000,GEN_EQ0010104800001000,0.008727875,0.02507665,5169690
20100317,14:15:00.000,BBG000G8N9C6,0.00058013777,0.004786448,1074265
20100317,14:15:00.000,BBG000BHKYH4,-0.010714205,-0.0013718241,968964
20100317,14:15:00.000,BBG000BK1FD3,-0.02620998,-0.00682598,2459373
20100317,14:15:00.000,BBG000BT4T69,-0.0016241398,0.0042785937,4909781
20100317,14:15:00.000,GEN_EQ0011591100001000,-0.00042972353,0.00957165,1439624
20100317,14:15:00.000,BBG000FFH4P5,-0.0008644985,0.009741628,424621
20100317,14:15:00.000,BBG000BGRKT6,0.0099485535,0.012907142,564421
20100317,14:15:00.000,BBG000DN7P92,0.006069542,0.010284737,1025784
20100317,14:15:00.000,BBG000M4SW14,0.004930324,0.018201388,626841
20100317,14:15:00.000,BBG000BNGTQ7,0.0030709563,0.00566271,2371235
20100317,14:15:00.000,BBG000BL79J3,-0.010298124,-0.007278548,1844891
20100317,14:15:00.000,BBG000BDG1Y1,-0.00605288,0.0036841116,1473887
20100317,14:15:00.000,BBG000D9DMK0,0.00459986,0.011731744,603667
20100317,14:15:00.000,BBG000BVPPM1,0.0141052455,0.02942269,4033181
20100317,14:15:00.000,BBG000D3MB18,-0.010081862,-5.279614e-07,2570495
20100317,14:15:00.000,BBG000DGPR66,0.0073012873,0.016821593,720986
20100317,14:15:00.000,BBG000BLDV98,-0.0019267017,-0.002952978,2122583
20100317,14:15:00.000,BBG000C6F3T8,0.0067205178,0.014189161,2518626
20100317,14:15:00.000,BBG000BS0ZF1,0.0024293843,0.009460177,328384
20100317,14:15:00.000,BBG000DNTSP4,-0.012837181,-0.00089100195,1027762
20100317,14:15:00.000,BBG000LL9LQ5,-0.007544419,0.00676933,2037577
20100317,14:15:00.000,GEN_EQ0140919900001000,0.0036709695,0.007097746,1010248
20100317,14:15:00.000,BBG000QRSL13,-0.010137989,0.006717083,6721491
20100317,14:15:00.000,BBG000BRJ809,0.015697028,0.022055078,607447
20100317,14:15:00.000,BBG000D1QCF1,-0.013500238,0.0024467313,899108
20100317,14:15:00.000,BBG000BLCPY4,0.009646937,0.012586049,1020133
20100317,14:15:00.000,BBG000CNWNL6,0.009629895,0.033573236,1701967
20100317,14:15:00.000,BBG000DV7MX4,-0.020414962,0.002473474,9781296
20100317,14:15:00.000,BBG000BP1152,-0.026736135,-0.013161828,4072853
20100317,14:15:00.000,BBG000BHCP19,-0.008679588,0.012346924,2219977
20100317,14:15:00.000,BBG000BGKHZ3,-0.014118392,0.001121138,882827
20100317,14:15:00.000,BBG000BMB7R1,0.0025530192,0.009585122,661660
20100317,14:15:00.000,BBG000BHLYS1,-0.0006223258,0.001799533,890847
20100317,14:15:00.000,BBG000BKWSR6,0.031758104,0.05076993,17111132
20100317,14:15:00.000,BBG000JN9BQ6,0.016704554,0.022985917,924048
20100317,14:15:00.000,BBG000BRZBT3,0.003308941,0.011553668,1817042
20100317,14:15:00.000,BBG000FBK808,0.011435675,0.024196068,8837924
20100317,14:15:00.000,BBG000BXRPH1,-0.016007956,-0.0017657849,1018613
20100317,14:15:00.000,BBG000BQSQ38,-0.007361213,0.0058831796,1338285
20100317,14:15:00.000,BBG000BVMPN3,0.008950234,0.027486311,859404
20100317,14:15:00.000,BBG000BGFLL5,0.005380686,0.02393765,1909076
20100317,14:15:00.000,BBG000BJ98Z0,0.03985122,0.040104665,1325404
20100317,14:15:00.000,BBG000NDZ417,-0.0062727164,0.0045558093,1199503
20100317,14:15:00.000,BBG000BKPL53,-0.0051590186,-0.00086507923,1097897
20100317,14:15:00.000,BBG000BD0TF8,0.013405206,0.03177456,652546
20100317,14:15:00.000,BBG000BY2Y78,0.01760895,0.03894498,3200068
20100317,14:15:00.000,BBG000BPMH90,0.0036752156,0.01864957,1135650
20100317,14:15:00.000,BBG000BBNYF6,0.011943934,0.0216043,1126326
20100317,14:15:00.000,BBG000FJRZ68,-0.005967181,-0.0029422445,1405068
20100317,14:15:00.000,BBG000FKJRC5,0.0040659774,0.010240561,455714
20100317,14:15:00.000,BBG000CL9VN6,-0.0014018333,0.0077139726,414945
20100317,14:15:00.000,BBG000BK6G19,-0.003445323,0.0056248847,751658
20100317,14:15:00.000,BBG000C23KJ3,-0.015561889,-0.0067376653,5929727
20100317,14:15:00.000,BBG000BB5BF6,-0.0045177117,0.00566862,3084665
20100317,14:15:00.000,BBG000BK5DP1,0.009695912,0.02194513,2496931
20100317,14:15:00.000,BBG000BJVZF7,0.0071948613,0.009398141,980890
20100317,14:15:00.000,BBG000BN5HF7,-0.0044043316,0.0059653893,2785330
20100317,14:15:00.000,BBG000BL9439,-0.0035741413,0.0029584556,919435
20100317,14:15:00.000,BBG000BJQWD2,0.004394285,0.020211397,2255103
20100317,14:15:00.000,BBG000D8RG11,-0.0076916767,-0.0013316062,1555556
20100317,14:15:00.000,BBG000BS9489,0.0097032795,0.016061315,989841
20100317,14:15:00.000,BBG000BH5DV1,-0.0065943566,0.0004331075,1897098
20100317,14:15:00.000,BBG000BMKDM3,-0.0016444415,0.0027436935,1135213
20100317,14:15:00.000,BBG000C75N77,0.005741896,0.021483196,2282924
20100317,14:15:00.000,BBG000BKXFN7,-0.014091405,-0.0074003227,4039375
20100317,14:15:00.000,BBG000BTCH57,0.0032554134,0.012295393,1196880
20100317,14:15:00.000,BBG000BM7HL0,-0.0022556507,0.01246114,1866297
20100317,14:15:00.000,BBG000BNFLM9,-0.0052402243,0.009775718,1844546
20100317,14:15:00.000,BBG000BBVCN6,-0.000774119,-0.001703259,447707
20100317,14:15:00.000,BBG000LD9JQ8,-0.010896546,-0.0010872084,2464631
20100317,14:15:00.000,BBG000MDCQC2,-0.008470082,-0.0024681492,1897294
20100317,14:15:00.000,BBG000BLBXT4,-0.008151355,-0.0020008693,1709325
20100317,14:15:00.000,BBG000BDXGP9,0.0028554157,0.0058583543,1666271
20100317,14:15:00.000,BBG000BR3KL6,0.009976749,0.01924017,902546
20100317,14:15:00.000,BBG000BX9WL1,0.026176421,0.050913095,8831818
20100317,14:15:00.000,BBG000BQ74K1,0.0077950046,0.022187414,892750
20100317,14:15:00.000,BBG000BWSV34,0.0032517547,0.010102852,590891
20100317,14:15:00.000,BBG000BQZMH4,-0.009670819,-0.005463033,2164858
20100317,14:15:00.000,GEN_EQ0010066700001000,-0.007778251,-0.0037493533,1097509
20100317,14:15:00.000,BBG000BQVTF5,0.0024895507,0.015334743,1748699
20100317,14:15:00.000,BBG000LC1FS4,0.010775222,0.026966562,1113465
20100317,14:15:00.000,GEN_EQ0010050500001000,-0.010074824,0.0026797245,4994646
20100317,14:15:00.000,BBG000G3QLY3,0.01307339,0.023326881,905443
20100317,14:15:00.000,BBG000QBR5J5,-0.011642303,0.004575429,6916353
20100317,14:15:00.000,BBG000BTQR96,0.007705974,0.015238801,1422832
20100317,14:15:00.000,GEN_EQ0012661800001000,-0.013537804,-0.009455641,1356324
20100317,14:15:00.000,BBG000CKJ0P3,-0.0002687098,0.0011232914,582166
20100317,14:15:00.000,BBG000HGYNZ9,-0.0052012196,0.007695091,3039125
20100317,14:15:00.000,BBG000BV7LP7,0.004547396,0.014385677,2077733
20100317,14:15:00.000,BBG000BBVK30,-0.007414805,-0.010347447,7754918
20100317,14:15:00.000,BBG000BFXHL6,-0.013855857,-0.010953641,2448701
20100317,14:15:00.000,BBG000BGLRN3,0.0057899873,0.010050081,1470873
20100317,14:15:00.000,BBG000C2V3D6,-0.009540072,0.0038896124,1425217
20100317,14:15:00.000,BBG000BGVW60,0.012376425,0.014033444,3598759
20100317,14:15:00.000,BBG000BTVJ25,0.0077474974,0.018159905,2622643
20100317,14:15:00.000,GEN_EQ0010020500001000,0.0043946113,0.018258348,2237620
20100317,14:15:00.000,BBG000BHQ1H0,0.012323291,0.0128687015,645035
20100317,14:15:00.000,BBG000BNC3Y9,0.040873807,0.06606877,6725684
20100317,14:15:00.000,BBG000BVVQQ8,-0.007915971,0.010125931,1933487
20100317,14:15:00.000,GEN_EQ0010281900001000,-0.0039355773,-0.0009885334,755323
20100317,14:15:00.000,BBG000C1FB75,-0.0069767945,0.011088183,330294
20100317,14:15:00.000,BBG000BFTJ91,0.010021292,0.01198708,3985426
20100317,14:15:00.000,BBG000C1FQS9,-0.0059625558,-0.000248551,764726
20100317,14:15:00.000,BBG000BSBZH7,0.00016875606,-0.0014761041,1336372
20100317,14:15:00.000,BBG000F15NW9,-0.017741956,-0.016715879,3147786
20100317,14:15:00.000,BBG000BPT0C6,0.023712793,0.03323195,1475485
20100317,14:15:00.000,GEN_EQ0010145600001000,-0.001527118,-0.003142955,4002553
20100317,14:15:00.000,BBG000H89QJ6,0.0037390045,0.006489969,1202708
20100317,14:15:00.000,BBG000BR14K5,0.0024107369,0.014545376,1397229
20100317,14:15:00.000,BBG000BP6L99,0.013494376,0.021562947,18889048
20100317,14:15:00.000,BBG000BQWPC5,0.0013679703,0.0024286122,897880
20100317,14:15:00.000,BBG000BNNYW1,-0.00017542823,0.0051881787,1245537
20100317,14:15:00.000,BBG000BJ3PD2,0.003098891,0.011597596,698427
20100317,14:15:00.000,BBG000PVRDL2,0.022691518,0.036581695,6190512
20100317,14:15:00.000,BBG000C2ZCH8,-0.00066828023,-9.923418e-05,760607
20100317,14:15:00.000,BBG000TK7PB8,0.020123001,0.042579986,5008709
20100317,14:15:00.000,BBG000BB6M98,-0.0032472487,0.0025012512,1289142
20100317,14:15:00.000,BBG000HW5GX3,0.0065705026,0.015295679,1005979
20100317,14:15:00.000,BBG000BLKK03,0.009175117,0.012481192,1271993
20100317,14:15:00.000,BBG000BCZYD3,0.0033295958,0.004937842,457453
20100317,14:15:00.000,BBG000CSY9H9,-0.011980416,-0.001622369,1095193
20100317,14:15:00.000,BBG000BB9KF2,-0.001941589,0.002444729,929727
20100317,14:15:00.000,BBG000BMQPL1,0.020299876,0.040285956,12119936
20100317,14:15:00.000,BBG000BMTFR4,-0.003481245,0.014300321,2222179
20100317,14:15:00.000,BBG000H9G7X2,0.008878431,0.011837327,1116139
20100317,14:15:00.000,BBG000BCNYT9,0.006280899,0.01293699,1542746
20100317,14:15:00.000,BBG000C0MF34,-0.0076942253,-0.0009158309,610017
20100317,14:15:00.000,BBG000BN2DC2,-0.008518334,0.004171454,731253
20100317,14:15:00.000,BBG000BN9WT5,-0.0026082585,0.017381528,4209499
20100317,14:15:00.000,BBG000BQ5DS5,0.0047017024,0.005258217,1073375
20100317,14:15:00.000,BBG000BCGY17,-0.0044820057,-0.0011687129,1055087
20100317,14:15:00.000,BBG000BB6G37,-0.0026295753,0.016658286,2278641
20100317,14:15:00.000,BBG000CHPY97,-0.02924185,-0.02113832,4243611
20100317,14:15:00.000,BBG000TWC2V5,0.0071194214,0.00802645,1279034
20100317,14:15:00.000,GEN_EQ0117562400001000,-0.0046839765,3.2331553e-07,9227149
20100317,14:15:00.000,BBG000BP0KQ8,0.0058561377,0.018988624,4085789
20100317,14:15:00.000,BBG000BB5373,0.0224788,0.037052765,6702888
20100317,14:15:00.000,BBG000BM6788,-0.019266363,-0.010076662,2358440
20100317,14:15:00.000,BBG000BH3JF8,-0.012160003,-0.007371874,1534152
20100317,14:15:00.000,GEN_EQ0085215200001000,0.00469102,0.016320767,4152784
20100317,14:15:00.000,BBG000BQ2C28,0.0038178423,0.01013192,811175
20100317,14:15:00.000,BBG000BX5ZF5,-0.022439867,-0.010896503,11992603
20100317,14:15:00.000,BBG000BMDV41,0.010201074,0.015780091,1526493
20100317,14:15:00.000,GEN_EQ0010319800003000,-0.016575195,-0.021546224,3160283
20100317,14:15:00.000,BBG000BG14P4,-0.0011048648,0.0114925355,896576
20100317,14:15:00.000,BBG000GC80B4,,,2060764
20100317,14:15:00.000,BBG000BB2DM7,-0.009046196,0.004404181,5274638
20100317,14:15:00.000,BBG000BWJFZ4,-0.011580703,-0.0097311875,1605880
20100317,14:15:00.000,BBG000BHGDH5,-0.0014708124,0.0006017117,4140528
20100317,14:15:00.000,BBG000BZ2GG4,-0.003923549,0.0085200155,2259377
20100317,14:15:00.000,BBG000D898T9,0.0019292913,0.00679983,1582405
20100317,14:15:00.000,BBG000BMF5J0,-0.0042270767,0.0056969076,1760405
20100317,14:15:00.000,BBG000BKLH74,-0.0042865654,-0.005153236,4247327
20100317,14:15:00.000,BBG000BGPTV6,-0.013447836,-0.0011521139,1865067
20100317,14:15:00.000,BBG000BH3GZ2,0.009892865,0.022585033,3511381
20100317,14:15:00.000,BBG000BVWLJ6,-0.011376864,-0.00053660385,1888676
20100317,14:15:00.000,BBG000C496P7,-0.022629535,-0.011514055,5380609
20100317,14:15:00.000,BBG000JG0547,0.004812452,0.012319682,1656166
20100317,14:15:00.000,BBG000DYGNW7,0.016321292,0.020143263,1282522
20100317,14:15:00.000,BBG000BNJHS8,0.0004971645,-0.0037952329,4981109
20100317,14:15:00.000,BBG000BPQD31,0.00031071514,0.0040750345,1776695
20100317,14:15:00.000,BBG000BT9DW0,0.0025617548,0.0042141885,1833823
20100317,14:15:00.000,BBG000BB2KW0,-0.010191703,-0.01012718,765719
20100317,14:15:00.000,BBG000BK67C7,0.011074345,0.013630974,1075529
20100317,14:15:00.000,BBG000DHSPT0,-0.008831949,-0.0036723614,1202773
20100317,14:15:00.000,BBG000BFMBQ6,-0.0018216068,-0.00071505766,1214080
20100317,14:15:00.000,BBG000B9WJ73,-9.5781994e-05,0.019989155,5880084
20100317,14:15:00.000,BBG000FVXD63,-0.008961575,0.003063502,1902305
20100317,14:15:00.000,BBG000B9XYV2,-0.0039170645,-0.000111900656,2149601
20100317,14:15:00.000,BBG000BMBL90,0.0072976267,0.014947176,2693288
20100317,14:15:00.000,BBG000BB1TH9,-0.0021774077,0.013189056,1005063
20100317,14:15:00.000,BBG000BVMGF2,-0.003427512,0.013864358,3703076
20100317,14:15:00.000,BBG000BSD7C2,-0.0035809695,-0.00017623199,912992
20100317,14:15:00.000,BBG000J5Q6L2,-0.02087525,0.0042258245,5668693
20100317,14:15:00.000,BBG000BC4JJ4,-0.007379112,-0.0025380626,1044946
20100317,14:15:00.000,BBG000BM5SR2,0.03018857,0.06586564,9630921
20100317,14:15:00.000,BBG000BJPDZ1,0.005442766,0.006537294,275225
20100317,14:15:00.000,BBG000BZTW70,-0.011000545,-0.005217648,3848259
20100317,14:15:00.000,BBG000C5HS04,0.002596893,0.007031569,1586886
20100317,14:15:00.000,BBG000M65M61,-0.033747815,-0.032697834,8478633
20100317,14:15:00.000,BBG000BY29C7,0.002972806,0.011897488,1259647
20100317,14:15:00.000,BBG000BB6WG8,0.0063204914,0.015397818,3020745
20100317,14:15:00.000,GEN_EQ0010172300001000,-0.004979035,-0.003053259,849133
20100317,14:15:00.000,BBG000C2BXK4,-0.002870444,0.012209402,24066538
20100317,14:15:00.000,BBG000BBBNC6,-0.0041252687,0.021686079,1494654
20100317,14:15:00.000,BBG000PM7GJ0,0.02272968,0.04114298,2879727
20100317,14:15:00.000,BBG000Q3JN03,0.0042577377,0.026648957,18760572
20100317,14:15:00.000,BBG000C0LW92,-0.027715264,-0.019759987,44944356
20100317,14:15:00.000,BBG000BF1R66,0.00761551,0.019475129,1451881
20100317,14:15:00.000,BBG000NSQ9M0,-0.011672974,0.0019593074,6699773
20100317,14:15:00.000,BBG000FQ6PY6,-0.03912045,-0.032182354,11300003
20100317,14:15:00.000,BBG000BWVCP8,-0.014558779,0.0021642197,4109151
20100317,14:15:00.000,BBG000BJSBJ0,-0.001833034,0.002611108,1020919
20100317,14:15:00.000,BBG000BLM0V1,,,1035639
20100317,14:15:00.000,BBG000BMY992,0.0010997776,0.009419492,4200657
20100317,14:15:00.000,BBG000BVDLH9,0.0076253265,0.010907441,1951196
20100317,14:15:00.000,BBG000C0F570,0.0010862447,0.019305788,3419518
20100317,14:15:00.000,BBG000BBQCY0,0.014060144,0.03196576,16309383
20100317,14:15:00.000,GEN_EQ0000000001064567,0.00072735146,0.016253205,1179354
20100317,14:15:00.000,BBG000BKCFC2,-0.0040424494,-0.0013646659,1002921
20100317,14:15:00.000,BBG000CGQ6M4,0.010350292,0.012102657,962370
20100317,14:15:00.000,BBG000C17X76,-0.004470373,-0.0025113919,1021483
20100317,14:15:00.000,BBG000DTMH63,,,2491066
20100317,14:15:00.000,BBG000R7Z112,0.0016471229,0.003082268,5867714
20100317,14:15:00.000,BBG000BBMSJ6,-0.0069704363,0.011410734,4494107
20100317,14:15:00.000,BBG000BY33P5,0.0038445957,0.012838339,2744207
20100317,14:15:00.000,BBG000BV8DN6,0.0013616678,0.00057866774,1596890
20100317,14:15:00.000,GEN_EQ0010135600001000,0.0036629848,0.016905474,3884356
20100317,14:15:00.000,BBG000JN8R00,-0.002071029,0.014162556,1159041
20100317,14:15:00.000,BBG000K14Q84,-0.018543173,-0.00172983,1585710
20100317,14:15:00.000,BBG000BBDV81,-0.0014773792,0.013269102,1151474
20100317,14:15:00.000,BBG000BMW2Z0,0.0048702643,0.007685673,1847020
20100317,14:15:00.000,BBG000DLVDK3,0.0011726992,0.013293019,1816169
20100317,14:15:00.000,BBG000CKVSG8,-0.003487308,0.0133397365,3002416
20100317,14:15:00.000,BBG000G0Z878,0.030980589,0.054688845,15140100
20100317,14:15:00.000,BBG000BGJRC8,-0.0037930678,-0.0029078827,1278248
20100317,14:15:00.000,BBG000BL8GJ6,-0.013343706,0.0049127387,5524591
20100317,14:15:00.000,BBG000HCJMF9,-0.0066893864,0.015248182,1981052
20100317,14:15:00.000,BBG000BB6KF5,-0.0017800626,0.01663512,3613057
20100317,14:15:00.000,BBG000BYYLS8,0.002449769,0.016146744,3977379
20100317,14:15:00.000,BBG000FJLFX8,-0.0036768557,-0.0012509403,2551311
20100317,14:15:00.000,BBG000D9D830,0.0034994711,0.014997957,2967868
20100317,14:15:00.000,BBG000BHX7N2,-0.002242759,0.006775721,1473808
20100317,14:15:00.000,BBG000CTQBF3,-0.0020243586,0.01464383,5896956
20100317,14:15:00.000,BBG000BBD070,0.002742379,0.018970663,1656495
20100317,14:15:00.000,BBG000BH2JM1,-0.016677119,-0.007525575,9554187
20100317,14:15:00.000,BBG000CS7CT9,0.0021854625,0.0069984226,1997196
20100317,14:15:00.000,BBG000BFL116,-0.00972772,0.0013449751,695940
20100317,14:15:00.000,BBG000BFC8J2,0.016966566,0.018305026,1944901
20100317,14:15:00.000,BBG000C15T95,-0.0057165604,-0.0044651823,774737
20100317,14:15:00.000,BBG000FP1N32,-0.009313706,0.002261787,2538203
20100317,14:15:00.000,BBG000JWD753,-0.016318168,-0.0029922149,27941302
20100317,14:15:00.000,BBG000BWNFZ9,0.008645317,0.020992225,4591951
20100317,14:15:00.000,BBG000BSLZY7,-0.0095156515,0.0054156682,7956986
20100317,14:15:00.000,BBG000BCBCM7,-0.0020430495,-0.0008448343,4473062
20100317,14:15:00.000,BBG000BBGGQ1,-0.0043927357,0.008266924,6874095
20100317,14:15:00.000,BBG000BCWCG1,-0.0021023897,0.009606763,2827473
20100317,14:15:00.000,BBG000BLBVN4,0.0017594215,0.011584243,598585
20100317,14:15:00.000,BBG000C46HM9,-0.010385938,-0.0039235884,4788681
20100317,14:15:00.000,BBG000BTKGG8,0.016035581,0.036190465,4258751
20100317,14:15:00.000,GEN_EQ0010059600001000,0.0445708,0.065771535,7960644
20100317,14:15:00.000,BBG000C8H633,0.0015885885,0.01641662,3957362
20100317,14:15:00.000,BBG000BTR593,0.005061503,0.013737168,3600897
20100317,14:15:00.000,GEN_EQ0000000000158587,0.0044621383,0.009523275,1370563
20100317,14:15:00.000,BBG000F6H8W8,-0.0023681768,0.0073067895,1662331
20100317,14:15:00.000,BBG000BFQYY3,-0.0035143872,-0.0011227572,1636512
20100317,14:15:00.000,BBG000BNBDC2,-0.000107827276,5.0076073e-07,3628657
20100317,14:15:00.000,BBG000BSJTT0,0.0017578483,0.018580081,3253366
20100317,14:15:00.000,BBG000BJL3N0,0.005897235,0.023091514,9255541
20100317,14:15:00.000,BBG000BYWTX7,-0.0089685125,0.009310516,10504442
20100317,14:15:00.000,BBG000BD8PN9,0.002510099,0.015875012,3570336
20100317,14:15:00.000,BBG000BHLYP4,-0.0048062634,0.0095120445,183140
20100317,14:15:00.000,BBG000C1BW00,0.0025371385,0.0053792503,1631502
20100317,14:15:00.000,BBG000J6XT05,-0.0067104744,0.0002211569,2115213
20100317,14:15:00.000,BBG000BJX8C8,0.0036193875,0.020632396,2708269
20100317,14:15:00.000,BBG000BCVJ77,0.0060095,0.0052519883,1530059
20100317,14:15:00.000,BBG000BZ9223,-0.009347185,-0.0025379935,1645777
20100317,14:15:00.000,BBG000H556T9,-0.008574284,-0.0011632339,2867633
20100317,14:15:00.000,BBG000BJF1Z8,0.010654259,0.018670749,2697200
20100317,14:15:00.000,BBG000BB5006,0.011527733,0.02113426,5964965
20100317,14:15:00.000,BBG000F0KF42,,,8429214
20100317,14:15:00.000,BBG000BKFBD7,0.008903393,0.029176882,2924498
20100317,14:15:00.000,BBG000BFDXW1,-0.008646127,0.0076122326,2341960
20100317,14:15:00.000,BBG000BW3299,0.0025073925,0.0006799977,2609322
20100317,14:15:00.000,BBG000F0PF65,0.00017813598,0.008048935,3164571
20100317,14:15:00.000,BBG000BNWG87,-0.0054599848,-0.003990877,3738026
20100317,14:15:00.000,BBG000BH13K9,0.0078114304,0.014753091,3471275
20100317,14:15:00.000,BBG000BH1NH9,0.0051156594,0.016029997,2393602
20100317,14:15:00.000,BBG000DY8ZS4,-0.011312267,0.0040102047,9713858
20100317,14:15:00.000,BBG000BP8Z50,-0.025314273,-0.012204024,15229766
20100317,14:15:00.000,BBG000BJ81C1,0.0015300631,0.011160356,2702907
20100317,14:15:00.000,BBG000BBVJZ8,-0.011168111,-0.0036899117,5588573
20100317,14:15:00.000,BBG000BQ8KV2,-0.019735325,-0.009003793,4778160
20100317,14:15:00.000,BBG000BGKTF9,-0.015574392,0.006687553,3365153
20100317,14:15:00.000,BBG000BFRF55,-0.0072812047,0.009434737,3475224
20100317,14:15:00.000,BBG000BRK7L6,0.020198543,0.034622207,8654362
20100317,14:15:00.000,BBG000BWLMJ4,-0.005152251,0.005795022,3241048
20100317,14:15:00.000,BBG000BD4VG8,0.0060909432,0.021558136,2544453
20100317,14:15:00.000,BBG000FW00S1,0.0125075085,0.030836973,5230097
20100317,14:15:00.000,BBG000BBJQV0,0.008096027,0.028160824,11705776
20100317,14:15:00.000,BBG000C5Z1S3,0.0027865872,0.027410509,16754246
20100317,14:15:00.000,BBG000BC40Y8,0.01381979,0.02477363,3009922
20100317,14:15:00.000,BBG000DWYF03,-0.005243014,0.0014255793,10708916
20100317,14:15:00.000,BBG000BRD0D8,0.007870486,0.023388494,3500102
20100317,14:15:00.000,BBG000H8TVT2,-0.0059419447,-0.0031814682,1737698
20100317,14:15:00.000,BBG000BP6LJ8,-0.00031748373,0.0004910469,6810946
20100317,14:15:00.000,BBG000BKFZM4,0.021796085,0.030295009,14090035
20100317,14:15:00.000,BBG000BHBK84,-0.0081193065,0.0013116521,5356557
20100317,14:15:00.000,BBG000FG3C43,-0.020089941,-0.0063493927,4750588
20100317,14:15:00.000,BBG000BH23R1,0.01880067,0.03143587,23596224
20100317,14:15:00.000,BBG000F1ZSQ2,-0.018121757,-0.005410283,665405
20100317,14:15:00.000,BBG000GFFQN9,-0.0033816313,0.011609593,9334481
20100317,14:15:00.000,BBG000BNDN65,0.00035519814,0.0095862765,7360894
20100317,14:15:00.000,BBG000C43RR5,0.0011987125,0.014555391,10531807
20100317,14:15:00.000,BBG000BP52R2,-0.0008123643,0.0074704043,2462470
20100317,14:15:00.000,BBG000BBPFB9,0.00018881666,0.015254896,19615172
20100317,14:15:00.000,BBG000BC2C10,0.00872663,0.017018057,1477798
20100317,14:15:00.000,BBG000BFT2L4,0.008907909,0.010854381,8780060
20100317,14:15:00.000,BBG000L9CV04,0.0024177684,0.008727622,3270990
20100317,14:15:00.000,BBG000FL1TC8,-0.0052283676,-0.005620829,4270962
20100317,14:15:00.000,BBG000FFDM15,-0.008739052,0.005745855,6764429
20100317,14:15:00.000,BBG000BH4R78,-0.0042340714,-0.0023713813,4493767
20100317,14:15:00.000,BBG000B9ZXB4,-0.0011446072,-0.0040224683,4451666
20100317,14:15:00.000,BBG000BGRY34,0.0042023794,0.010588506,4453693
20100317,14:15:00.000,BBG000G2R6M0,-0.006205179,0.0059922603,5574296
20100317,14:15:00.000,BBG000BCSST7,0.006344798,0.008437129,3907957
20100317,14:15:00.000,BBG000BVV7G1,-0.0069410736,0.010947267,7871638
20100317,14:15:00.000,BBG000BW8S60,-0.0037170197,-0.0006904669,2423439
20100317,14:15:00.000,BBG000BL4504,-0.020933943,-0.009050304,9926746
20100317,14:15:00.000,BBG000DQLV23,0.0014243065,-0.0011544289,8596546
20100317,14:15:00.000,BBG000BBS2Y0,-0.0015375463,-0.0030463159,2895387
20100317,14:15:00.000,BBG000BHVJJ3,-0.010210583,-0.0021297976,14294587
20100317,14:15:00.000,BBG000J2XL74,0.007260257,0.012293867,3163948
20100317,14:15:00.000,BBG000CH5208,-0.008900654,-0.0069561573,7123879
20100317,14:15:00.000,BBG000BCQZS4,-0.0059119407,0.007823422,5100294
20100317,14:15:00.000,BBG000BFWKC0,0.008335177,0.0072864955,5386688
20100317,14:15:00.000,BBG000BCG930,0.0010748899,0.00024279756,4198271
20100317,14:15:00.000,BBG000PSKYX7,-0.005033175,0.005022881,2116537
20100317,14:15:00.000,BBG000BPWXK1,-0.004445319,0.008085182,4098490
20100317,14:15:00.000,BBG000BWXBC2,-0.0039342684,-0.00017764638,7919183
20100317,14:15:00.000,BBG000BQQ2S6,0.0074231764,0.014692467,2809049
20100317,14:15:00.000,BBG000BH5LT6,-0.002357749,-0.0028945755,3682090
20100317,14:15:00.000,BBG000DWG505,0.0021704556,0.002796512,2507108
20100317,14:15:00.000,BBG000BF0K17,0.0038199218,0.015473818,4125231
20100317,14:15:00.000,BBG000BKTFN2,0.019213092,0.03153069,9675835
20100317,14:15:00.000,BBG000BB07P9,0.00043356713,0.01123171,6183767
20100317,14:15:00.000,BBG000BNSZP1,-0.0033863953,0.0051501174,3073396
20100317,14:15:00.000,BBG000BKZB36,-0.008374753,-0.0006148993,8297428
20100317,14:15:00.000,BBG000CKGBP2,-0.003961652,-0.0058975494,4540771
20100317,14:15:00.000,BBG000DH7JK6,0.00074471347,0.0033296696,3615349
20100317,14:15:00.000,BBG000D4LWF6,-0.0016164662,0.00067326246,6808880
20100317,14:15:00.000,BBG000BQQH30,0.009878918,0.017629823,6874813
20100317,14:15:00.000,BBG000B9WH86,0.05016414,0.07031363,54656512
20100317,14:15:00.000,BBG000BQLTW7,0.009275475,0.01427783,19530228
20100317,14:15:00.000,BBG000HS77T5,0.0064279907,0.009019523,9660006
20100317,14:15:00.000,GEN_EQ0011904200001000,0.009954912,0.016465262,12609263
20100317,14:15:00.000,BBG000BLZRJ2,-0.004890883,0.01056228,9161631
20100317,14:15:00.000,BBG000BMX289,0.0027424386,0.0048413645,5817844
20100317,14:15:00.000,BBG000BPD168,0.0020414689,-0.0013177282,6252938
20100317,14:15:00.000,BBG000BT41Q8,0.005406322,0.017164508,7926425
20100317,14:15:00.000,BBG000BMHYD1,0.004699486,0.0029460758,4935033
20100317,14:15:00.000,BBG000BR2TH3,0.004418242,0.006295366,4715180
20100317,14:15:00.000,BBG000KHWT55,-0.001837348,0.006302447,8393247
20100317,14:15:00.000,BBG000BTZQC4,-0.007250246,-0.006308438,4941121
20100317,14:15:00.000,BBG000BSJK37,0.002068405,0.0030946552,11924807
20100317,14:15:00.000,BBG000BLNNH6,-0.005550376,0.0012441752,3191675
20100317,14:15:00.000,BBG000K4ND22,0.003871445,0.012839177,6913914
20100317,14:15:00.000,BBG000BX3TD3,-0.016958881,0.00039962234,9071797
20100317,14:15:00.000,BBG000CR90K4,-0.003303432,-0.0017302899,5088696
20100317,14:15:00.000,BBG000BVPV84,7.841365e-06,0.005691778,2433277
20100317,14:15:00.000,BBG000CGC1X8,-0.009822785,-0.004104173,15320654
20100317,14:15:00.000,BBG000BR2B91,-0.003662096,-0.0034748695,35567480
20100317,14:15:00.000,BBG000BQPC32,0.027589299,0.02892096,62984024
20100317,14:15:00.000,BBG000BK6MB5,-0.0031099576,0.009405706,112052864
20100317,14:15:00.000,BBG000C3J3C9,0.0043184,0.008028713,21351584
20100317,14:15:00.000,BBG000C0G1D1,-0.0005411855,0.013632446,53463272
20100317,14:15:00.000,BBG000BWQFY7,-0.0035882187,0.0089154625,19748560
20100317,14:15:00.000,BBG000BJDB15,-0.009453347,0.0045033037,6946583
20100317,14:15:00.000,BBG000BPH459,0.007971927,0.014978105,33030748
20100317,14:15:00.000,BBG000C6CFJ5,-0.0037045882,0.0063026627,5065388
20100317,14:15:00.000,BBG000DMBXR2,0.0053329137,0.018511826,22393582
20100317,14:15:00.000,BBG000BHSKN9,-0.004545756,0.0060328916,1637201
20100317,14:15:00.000,BBG000GZQ728,0.0035600897,0.015910141,22461596
20100317,14:15:00.000,BBG000BCTLF6,-0.005652596,0.011734189,78301120
20100317,14:15:00.000,BBG000B9XRY4,-0.0020972341,0.0038077265,8163768
20100317,14:30:00.000,GEN_EQ0021071400001000,-0.025702262,-0.012712367,2019792
20100317,14:30:00.000,GEN_EQ0096849600001000,-0.01701655,0.0067599467,817422
20100317,14:30:00.000,BBG000BJ49H3,-0.0112773385,-0.004166622,763855
20100317,14:30:00.000,BBG000BMFD58,-0.010247991,0.0026603367,6467646
20100317,14:30:00.000,BBG000BFVXX0,-0.0031939268,0.003808139,1300488
20100317,14:30:00.000,BBG000CHWP52,0.002077537,0.009251739,773270
20100317,14:30:00.000,BBG000BT9T73,0.079362124,0.10146173,33636448
20100317,14:30:00.000,BBG000BCQ4P6,0.0073892693,0.01747171,874857
20100317,14:30:00.000,BBG000BMLWX8,0.013692933,0.014802368,2264861
20100317,14:30:00.000,BBG000BP7JB0,-0.007030786,0.0070325565,2936950
20100317,14:30:00.000,BBG000BNW1S8,-0.012291862,0.003697707,909523
20100317,14:30:00.000,BBG000MQ1SN9,0.0029209123,0.0077385595,687100
20100317,14:30:00.000,BBG000BVB8Q0,-0.013375266,-0.004367777,1444864
20100317,14:30:00.000,BBG000BSC0K9,-0.00649321,-0.0012340042,486544
20100317,14:30:00.000,BBG000C7LMS8,0.012786457,0.021657724,421661
20100317,14:30:00.000,BBG000BB5792,0.008289114,0.02010345,1528224
20100317,14:30:00.000,BBG000BFDLV8,0.016044531,0.025063163,421462
20100317,14:30:00.000,BBG000BTLMX5,0.0015625594,0.011508284,691498
20100317,14:30:00.000,BBG000CQB185,0.019247485,0.031723406,1143644
20100317,14:30:00.000,BBG000BKVJK4,0.006124866,0.009647159,791649
20100317,14:30:00.000,BBG000BQC9V2,0.011323908,0.019349225,4024895
20100317,14:30:00.000,BBG000CC53X1,0.014064179,0.025731398,833433
20100317,14:30:00.000,BBG000C45984,-0.0035710912,0.005451866,911496
20100317,14:30:00.000,BBG000BJNGN9,0.002451172,0.016389027,1876726
20100317,14:30:00.000,BBG000FQRVM3,0.0022617402,0.00714349,509446
20100317,14:30:00.000,BBG000D2M0Z7,-0.009203031,0.0005496981,405075
20100317,14:30:00.000,BBG000K82ZT8,-0.01186062,-0.0050687026,901997
20100317,14:30:00.000,BBG000BF5RY1,-0.0011436499,0.0010978933,5107227
20100317,14:30:00.000,BBG000BNMHS4,-0.0009104659,0.011958872,670418
20100317,14:30:00.000,BBG000CPHYL4,-0.005871745,0.0017463414,6505235
20100317,14:30:00.000,GEN_EQ0000000000852052,0.005024212,0.024160767,893384
20100317,14:30:00.000,BBG000BCHG15,0.024939073,0.03541687,502435
20100317,14:30:00.000,BBG000BNNKG9,0.009636019,0.021547465,1980671
20100317,14:30:00.000,BBG000DR22B6,-0.018178042,-0.0045043477,1813063
20100317,14:30:00.000,BBG000BHK836,-0.011661239,0.0003735278,1183214
20100317,14:30:00.000,BBG000BV4DR6,0.012306874,0.033882767,3724249
20100317,14:30:00.000,BBG000BC9938,-0.020284215,-0.009067175,1065964
20100317,14:30:00.000,BBG000DSMS70,-0.00756936,-0.003738437,424761
20100317,14:30:00.000,BBG000BWCKB6,0.0017330826,0.008202433,445014
20100317,14:30:00.000,BBG000BP5YT0,-0.008318354,0.011741286,3916162
20100317,14:30:00.000,BBG000BGYWY6,0.0010947967,0.013017177,1000738
20100317,14:30:00.000,GEN_EQ0010580600001000,0.0062455013,0.020351985,1314453
20100317,14:30:00.000,BBG000BFJ645,0.016731596,0.018995758,2736147
20100317,14:30:00.000,BBG000PV2L86,0.0042107836,0.0074805105,1636276
20100317,14:30:00.000,BBG000BXBHJ4,-0.014064892,-0.0035150545,790519
20100317,14:30:00.000,BBG000BB29X4,-0.0023353214,0.0033973348,765005
20100317,14:30:00.000,BBG000BBBP59,0.0011276397,0.0090538785,352437
20100317,14:30:00.000,BBG000BVHBM1,0.003277477,0.0024425304,1811862
20100317,14:30:00.000,BBG000BWGYF8,0.03653261,0.07718792,2959682
20100317,14:30:00.000,BBG000BBL8V7,0.00964181,0.023117812,2257089
20100317,14:30:00.000,BBG000BPNP00,-0.005790683,0.014906151,912850
20100317,14:30:00.000,BBG000RGM5P1,,,1241569
20100317,14:30:00.000,BBG000FKYVH4,0.0022195252,0.012639092,822048
20100317,14:30:00.000,BBG000BGXZB5,0.0032801752,0.0031594648,3128820
20100317,14:30:00.000,BBG000BTQ9G8,-0.0015029968,0.00634536,1753957
20100317,14:30:00.000,BBG000BCTQ65,0.0068852445,0.010800702,1110603
20100317,14:30:00.000,BBG000BK2F42,0.0055144336,0.0165853,1765072
20100317,14:30:00.000,BBG000F7RCJ1,-0.0073730214,0.0056726635,679498
20100317,14:30:00.000,BBG000C2YHG9,-0.008675669,-0.005570464,1174362
20100317,14:30:00.000,BBG000BRJL00,-0.001362103,0.007263603,1335723
20100317,14:30:00.000,BBG000BQT4L6,-0.009498199,0.0019286128,2465026
20100317,14:30:00.000,BBG000FDBX90,-0.002494337,0.002076135,1313427
20100317,14:30:00.000,BBG000BKR1D6,-0.003935727,0.008351179,318333
20100317,14:30:00.000,GEN_EQ0010003600001000,-0.002605431,0.005940066,1170805
20100317,14:30:00.000,BBG000BPXVJ6,-0.0042586634,-0.0010384587,1879153
20100317,14:30:00.000,BBG000BN84F3,0.0051401057,0.011058323,738579
20100317,14:30:00.000,BBG000DSZTN6,0.0124344835,0.027254198,1409654
20100317,14:30:00.000,BBG000BBCDZ2,-0.004545502,0.0063233953,532461
20100317,14:30:00.000,BBG000PQ6YJ3,-0.012806673,9.495632e-05,246664
20100317,14:30:00.000,BBG000HQ7GC7,-0.015055395,0.0013616243,1338613
20100317,14:30:00.000,BBG000BC15S7,-0.004208072,0.0046575097,704321
20100317,14:30:00.000,BBG000PX3XC0,-0.0019046342,0.012778823,454128
20100317,14:30:00.000,BBG000BSXQV7,0.0040719872,0.01421968,484292
20100317,14:30:00.000,BBG000BP1Q11,0.005450993,0.010608169,597061
20100317,14:30:00.000,GEN_EQ0010206100001000,-0.01458992,-0.013983013,4868092
20100317,14:30:00.000,BBG000C3GN47,0.008265896,0.01931684,878701
20100317,14:30:00.000,BBG000BN7277,-0.0029743137,0.009574981,1705649
20100317,14:30:00.000,BBG000C3NTN5,-0.0029948133,-0.0010428504,1817022
20100317,14:30:00.000,BBG000DWB323,-0.0017978343,0.015877271,2402634
20100317,14:30:00.000,BBG000BR1W32,-0.006446076,0.011247732,955695
20100317,14:30:00.000,BBG000BF2KK4,-0.006236716,0.0035908506,1171827
20100317,14:30:00.000,BBG000BNBPQ0,0.010813501,0.03443026,1743734
20100317,14:30:00.000,BBG000BWXL85,0.0010260479,0.008008891,1212871
20100317,14:30:00.000,GEN_EQ0010624300001000,0.005073056,0.005270167,1391570
20100317,14:30:00.000,BBG000JBN3X6,-0.010111658,-0.016763838,4328991
20100317,14:30:00.000,BBG000BFNR17,-0.0037898119,0.010646593,1177231
20100317,14:30:00.000,BBG000CXYSZ6,0.030748393,0.036059693,816268
20100317,14:30:00.000,BBG000FV1Z23,-0.01750351,-0.01406544,1699024
20100317,14:30:00.000,GEN_EQ0010548100001000,0.036018223,0.05760762,6781020
20100317,14:30:00.000,GEN_EQ0010141600001000,-9.769276e-05,0.014375186,1668768
20100317,14:30:00.000,BBG000BW2QX0,0.0009965041,0.0185981,3091676
20100317,14:30:00.000,BBG000C1S2X2,-0.016350204,-0.018529592,894257
20100317,14:30:00.000,BBG000BVXPZ8,0.0067198826,0.018413797,2923437
20100317,14:30:00.000,BBG000B9ZV28,0.010145507,0.022271434,335434
20100317,14:30:00.000,BBG000CPQZ77,-0.0077254428,0.0054396167,1130442
20100317,14:30:00.000,BBG000BGD7W6,-0.008507438,-0.0034755992,1932314
20100317,14:30:00.000,GEN_EQ0010168800001000,-0.013849156,-0.007797116,17762396
20100317,14:30:00.000,BBG000D9KWL9,0.0010865061,0.01701049,323384
20100317,14:30:00.000,BBG000BR37X2,0.017831044,0.031090656,4856478
20100317,14:30:00.000,BBG000BR54L0,0.00039356813,0.0070201186,3205714
20100317,14:30:00.000,BBG000BLHRS2,-0.011663371,-0.005862033,1117872
20100317,14:30:00.000,BBG000BX3BL3,-0.010260145,0.016231678,778634
20100317,14:30:00.000,BBG000BL5W86,0.00825652,0.033072103,7416167
20100317,14:30:00.000,BBG000BJKPG0,0.0047748587,0.016786387,921704
20100317,14:30:00.000,BBG000BCYP43,0.005654814,0.009132425,514050
20100317,14:30:00.000,BBG000MBDGM6,0.010710212,0.027372256,365833
20100317,14:30:00.000,BBG000CGT2S4,-0.011539729,-0.00031000547,678415
20100317,14:30:00.000,BBG000BMFFQ0,0.0016349588,0.01943822,1178133
20100317,14:30:00.000,BBG000BWVSR1,0.00035716448,0.0051622265,886401
20100317,14:30:00.000,BBG000FL0BC8,-0.027519865,-0.0168113,2540193
20100317,14:30:00.000,BBG000F86GP6,-0.010981339,0.0034834028,609168
20100317,14:30:00.000,BBG000BHB3M6,0.008567549,0.018974598,533196
20100317,14:30:00.000,BBG000BDWKC5,0.0045038546,0.014852547,2272120
20100317,14:30:00.000,BBG000BJDPC2,0.020119414,0.024283335,1825729
20100317,14:30:00.000,BBG000BP4MH0,-0.004738977,0.0040827678,3292880
20100317,14:30:00.000,BBG000C9W1Y1,,,2499416
20100317,14:30:00.000,BBG000BKSL41,0.0020688663,0.015223286,4058952
20100317,14:30:00.000,BBG000CVWGS6,0.010238203,0.016329536,10964769
20100317,14:30:00.000,BBG000F80SZ5,0.014311078,0.02908707,5531808
20100317,14:30:00.000,BBG000DKCC19,4.6653586e-05,0.0045271683,2831022
20100317,14:30:00.000,GEN_EQ0010091900001000,0.02232263,0.026564289,437236
20100317,14:30:00.000,BBG000BG7986,0.008634894,0.006674526,1340275
20100317,14:30:00.000,BBG000D7RKJ5,0.003839207,0.0110518355,1020303
20100317,14:30:00.000,BBG000KLB4Q1,0.018366797,0.037639767,3192178
20100317,14:30:00.000,BBG000DQTXY6,-0.012069685,-0.009966457,2816405
20100317,14:30:00.000,BBG000BFS7D3,0.009119458,0.012506437,1760147
20100317,14:30:00.000,BBG000BV75B7,-0.011096774,-0.014278434,1620177
20100317,14:30:00.000,BBG000C2PW58,0.05008671,0.06734652,635281
20100317,14:30:00.000,BBG000BKZTP3,-0.025586704,-0.007414279,2680391
20100317,14:30:00.000,BBG000CFJL87,0.0010096593,-0.0010960886,1518598
20100317,14:30:00.000,BBG000QY3XZ2,-0.0039938707,0.009664298,2555206
20100317,14:30:00.000,BBG000BJ5GK2,-0.001866385,0.007866205,677898
20100317,14:30:00.000,BBG000Q0BPZ4,0.025462411,0.0432696,3984436
20100317,14:30:00.000,BBG000NSCNT7,0.018356023,0.046954058,3757377
20100317,14:30:00.000,GEN_EQ0010104800001000,0.009955361,0.025754323,5333268
20100317,14:30:00.000,BBG000G8N9C6,0.0009731569,0.005038398,1113577
20100317,14:30:00.000,BBG000BHKYH4,-0.012923389,-0.0029734736,1040600
20100317,14:30:00.000,BBG000BK1FD3,-0.026867948,-0.00790365,2523278
20100317,14:30:00.000,BBG000BT4T69,-0.0029290472,0.0028525845,5056476
20100317,14:30:00.000,GEN_EQ0011591100001000,0.0025370435,0.011510188,1616498
20100317,14:30:00.000,BBG000FFH4P5,-0.0009584326,0.009318267,429467
20100317,14:30:00.000,BBG000BGRKT6,0.009320379,0.012100373,675232
20100317,14:30:00.000,BBG000DN7P92,0.006260191,0.010555262,1140948
20100317,14:30:00.000,BBG000M4SW14,0.0047421176,0.017515901,641566
20100317,14:30:00.000,BBG000BNGTQ7,0.0023760314,0.004853678,2446779
20100317,14:30:00.000,BBG000BL79J3,-0.01148344,-0.008377191,1914098
20100317,14:30:00.000,BBG000BDG1Y1,-0.005585981,0.0031760843,1504027
20100317,14:30:00.000,BBG000D9DMK0,0.0037263448,0.011065379,621617
20100317,14:30:00.000,BBG000BVPPM1,0.011655896,0.027269758,4232966
20100317,14:30:00.000,BBG000D3MB18,-0.010960894,-0.0011515865,2671883
20100317,14:30:00.000,BBG000DGPR66,0.009854336,0.019319706,753486
20100317,14:30:00.000,BBG000BLDV98,-0.0030064348,-0.0041337074,2329390
20100317,14:30:00.000,BBG000C6F3T8,0.0032507975,0.010642187,2682991
20100317,14:30:00.000,BBG000BS0ZF1,0.001686574,0.008661563,342984
20100317,14:30:00.000,BBG000DNTSP4,-0.012333592,-0.00044531823,1073348
20100317,14:30:00.000,BBG000LL9LQ5,-0.0072096246,0.006769344,2087916
20100317,14:30:00.000,GEN_EQ0140919900001000,0.005057118,0.009379567,1060944
20100317,14:30:00.000,BBG000QRSL13,-0.010044195,0.006717083,6850404
20100317,14:30:00.000,BBG000BRJ809,0.015723577,0.021823036,650395
20100317,14:30:00.000,BBG000D1QCF1,-0.012466135,0.0034726793,934988
20100317,14:30:00.000,BBG000BLCPY4,0.010216833,0.013196984,1055540
20100317,14:30:00.000,BBG000CNWNL6,0.0076682107,0.03225388,1778361
20100317,14:30:00.000,BBG000DV7MX4,-0.020851318,0.0012367731,10351105
20100317,14:30:00.000,BBG000BP1152,-0.024095807,-0.011281505,4300404
20100317,14:30:00.000,BBG000BHCP19,-0.008756712,0.011288558,2262769
20100317,14:30:00.000,BBG000BGKHZ3,-0.013759844,0.0011211775,927850
20100317,14:30:00.000,BBG000BMB7R1,0.0025209854,0.009209156,688460
20100317,14:30:00.000,BBG000BHLYS1,-0.0012907088,0.0022494774,926864
20100317,14:30:00.000,BBG000BKWSR6,0.027657405,0.04714343,17908036
20100317,14:30:00.000,BBG000JN9BQ6,0.012952954,0.01878429,991654
20100317,14:30:00.000,BBG000BRZBT3,0.0035922679,0.011914897,1899156
20100317,14:30:00.000,BBG000FBK808,0.011286649,0.024196131,9061174
20100317,14:30:00.000,BBG000BXRPH1,-0.017383542,-0.003438675,1068070
20100317,14:30:00.000,BBG000BQSQ38,-0.007473682,0.0049542785,1418015
20100317,14:30:00.000,BBG000BVMPN3,0.009130065,0.027671885,968380
20100317,14:30:00.000,BBG000BGFLL5,0.0069989203,0.025672114,2023625
20100317,14:30:00.000,BBG000BJ98Z0,0.040343463,0.040476993,1384790
20100317,14:30:00.000,BBG000NDZ417,-0.0063250214,0.004713651,1238407
20100317,14:30:00.000,BBG000BKPL53,-0.004206594,0.0003467163,1256973
20100317,14:30:00.000,BBG000BD0TF8,0.014758222,0.03310626,680553
20100317,14:30:00.000,BBG000BY2Y78,0.020907806,0.042331465,3369238
20100317,14:30:00.000,BBG000BPMH90,0.0040537096,0.019015187,1173257
20100317,14:30:00.000,BBG000BBNYF6,0.012883512,0.022308875,1165682
20100317,14:30:00.000,BBG000FJRZ68,-0.00735839,-0.0044133016,1433359
20100317,14:30:00.000,BBG000FKJRC5,0.0036522285,0.009531675,477986
20100317,14:30:00.000,BBG000CL9VN6,-0.0012450821,0.0063692722,436113
20100317,14:30:00.000,BBG000BK6G19,-0.0015630083,0.0076536466,790065
20100317,14:30:00.000,BBG000C23KJ3,-0.014817181,-0.004211347,6066326
20100317,14:30:00.000,BBG000BB5BF6,0.0015847239,0.012367983,3423387
20100317,14:30:00.000,BBG000BK5DP1,0.0091177225,0.021335777,2574392
20100317,14:30:00.000,BBG000BJVZF7,0.007531779,0.010035287,1027114
20100317,14:30:00.000,BBG000BN5HF7,-0.00646754,0.0029828094,2921047
20100317,14:30:00.000,BBG000BL9439,-0.0044230884,0.0021131928,990335
20100317,14:30:00.000,BBG000BJQWD2,0.0053974763,0.020527288,2320577
20100317,14:30:00.000,BBG000D8RG11,-0.0050303,0.0031098218,1720635
20100317,14:30:00.000,BBG000BS9489,0.009608951,0.016061231,1054952
20100317,14:30:00.000,BBG000BH5DV1,-0.0068246555,-0.00072166073,1999442
20100317,14:30:00.000,BBG000BMKDM3,-0.0014376993,0.0031220103,1320486
20100317,14:30:00.000,BBG000C75N77,0.008013876,0.02413537,2427562
20100317,14:30:00.000,BBG000BKXFN7,-0.012770037,-0.006054944,4227636
20100317,14:30:00.000,BBG000BTCH57,0.002712307,0.011210398,1243580
20100317,14:30:00.000,BBG000BM7HL0,-0.001631627,0.012119771,1913843
20100317,14:30:00.000,BBG000BNFLM9,-0.002843162,0.011849577,2040164
20100317,14:30:00.000,BBG000BBVCN6,-0.0021144447,-0.0027950387,462818
20100317,14:30:00.000,BBG000LD9JQ8,-0.012939398,-0.0036680228,2516958
20100317,14:30:00.000,BBG000MDCQC2,-0.00856768,-0.0024681492,1929217
20100317,14:30:00.000,BBG000BLBXT4,-0.0076849246,-0.0018831895,1769431
20100317,14:30:00.000,BBG000BDXGP9,0.0036003524,0.006639516,1759735
20100317,14:30:00.000,BBG000BR3KL6,0.009654983,0.018386697,949190
20100317,14:30:00.000,BBG000BX9WL1,0.028299503,0.05316594,9135383
20100317,14:30:00.000,BBG000BQ74K1,0.006378294,0.021091798,954223
20100317,14:30:00.000,BBG000BWSV34,0.005535319,0.0112381745,643098
20100317,14:30:00.000,BBG000BQZMH4,-0.008732949,-0.0038559781,2303740
20100317,14:30:00.000,GEN_EQ0010066700001000,-0.008328002,-0.004999298,1134866
20100317,14:30:00.000,BBG000BQVTF5,0.0037265078,0.016772363,1932199
20100317,14:30:00.000,BBG000LC1FS4,0.010904484,0.02677252,1145184
20100317,14:30:00.000,GEN_EQ0010050500001000,-0.011909665,0.0008931481,5198958
20100317,14:30:00.000,BBG000G3QLY3,0.012374716,0.02218899,983653
20100317,14:30:00.000,BBG000QBR5J5,-0.012592916,0.0035947843,7111140
20100317,14:30:00.000,BBG000BTQR96,0.00788592,0.015065547,1469866
20100317,14:30:00.000,GEN_EQ0012661800001000,-0.013441338,-0.009770786,1374004
20100317,14:30:00.000,BBG000CKJ0P3,-0.00085540285,0.00037465183,610238
20100317,14:30:00.000,BBG000HGYNZ9,-0.005716134,0.007145636,3143177
20100317,14:30:00.000,BBG000BV7LP7,0.004449763,0.0139861675,2140692
20100317,14:30:00.000,BBG000BBVK30,-0.006565546,-0.010347447,7830009
20100317,14:30:00.000,BBG000BFXHL6,-0.01352461,-0.010953662,2534007
20100317,14:30:00.000,BBG000BGLRN3,0.006381653,0.010911639,1531321
20100317,14:30:00.000,BBG000C2V3D6,-0.008846542,0.004188885,1489538
20100317,14:30:00.000,BBG000BGVW60,0.013575963,0.016790047,3848259
20100317,14:30:00.000,BBG000BTVJ25,0.006058189,0.016064666,2694655
20100317,14:30:00.000,GEN_EQ0010020500001000,0.0057404237,0.019562509,2356756
20100317,14:30:00.000,BBG000BHQ1H0,0.01139155,0.012153726,668556
20100317,14:30:00.000,BBG000BNC3Y9,0.03997285,0.06536582,6941492
20100317,14:30:00.000,BBG000BVVQQ8,-0.0068197288,0.010572403,1999877
20100317,14:30:00.000,GEN_EQ0010281900001000,-0.003918908,-0.0011297482,792700
20100317,14:30:00.000,BBG000C1FB75,-0.008371597,0.0100299455,344304
20100317,14:30:00.000,BBG000BFTJ91,0.00937964,0.011387853,4160291
20100317,14:30:00.000,BBG000C1FQS9,-0.0051987334,0.0014333501,782826
20100317,14:30:00.000,BBG000BSBZH7,0.0020608443,0.00046041622,1377150
20100317,14:30:00.000,BBG000F15NW9,-0.018214988,-0.016963474,3233386
20100317,14:30:00.000,BBG000BPT0C6,0.021071235,0.030665113,1542596
20100317,14:30:00.000,GEN_EQ0010145600001000,-0.0012320849,-0.0031429303,4383381
20100317,14:30:00.000,BBG000H89QJ6,0.00502547,0.007623174,1257139
20100317,14:30:00.000,BBG000BR14K5,0.0020988358,0.0131784305,1430177
20100317,14:30:00.000,BBG000BP6L99,0.011957667,0.019766025,19711408
20100317,14:30:00.000,BBG000BQWPC5,0.0010716681,0.0038170242,934251
20100317,14:30:00.000,BBG000BNNYW1,-0.00028590087,0.005188161,1274811
20100317,14:30:00.000,BBG000BJ3PD2,0.002635803,0.010726315,724291
20100317,14:30:00.000,BBG000PVRDL2,0.024089033,0.037842978,6344366
20100317,14:30:00.000,BBG000C2ZCH8,-0.0014816896,-0.00019857478,802335
20100317,14:30:00.000,BBG000TK7PB8,0.0186264,0.040857155,5152844
20100317,14:30:00.000,BBG000BB6M98,-0.0018039778,0.005009003,1329908
20100317,14:30:00.000,BBG000HW5GX3,0.009139056,0.018039366,1047324
20100317,14:30:00.000,BBG000BLKK03,0.010334496,0.012691052,1372749
20100317,14:30:00.000,BBG000BCZYD3,0.0023958716,0.004051601,472632
20100317,14:30:00.000,BBG000CSY9H9,-0.011817779,-0.0011590301,1133360
20100317,14:30:00.000,BBG000BB9KF2,-0.0026829883,0.00244478,979174
20100317,14:30:00.000,BBG000BMQPL1,0.020027444,0.040285934,12524127
20100317,14:30:00.000,BBG000BMTFR4,-0.0051193773,0.0122325905,2311734
20100317,14:30:00.000,BBG000H9G7X2,0.00972344,0.012861797,1174803
20100317,14:30:00.000,BBG000BCNYT9,0.008508582,0.015094398,1657962
20100317,14:30:00.000,BBG000C0MF34,-0.008234139,-0.0018312671,643117
20100317,14:30:00.000,BBG000BN2DC2,-0.008714737,0.002737681,773418
20100317,14:30:00.000,BBG000BN9WT5,-0.0039538946,0.015274992,4291987
20100317,14:30:00.000,BBG000BQ5DS5,0.0039935587,0.0042608045,1111469
20100317,14:30:00.000,BBG000BCGY17,-0.0047326386,-0.0018832932,1087817
20100317,14:30:00.000,BBG000BB6G37,-0.0028735602,0.015658705,2312937
20100317,14:30:00.000,BBG000CHPY97,-0.030460516,-0.022346286,4382534
20100317,14:30:00.000,BBG000TWC2V5,0.0072028753,0.008222231,1307040
20100317,14:30:00.000,GEN_EQ0117562400001000,-0.004557327,3.2535885e-07,9496543
20100317,14:30:00.000,BBG000BP0KQ8,0.006161947,0.018430265,4221575
20100317,14:30:00.000,BBG000BB5373,0.022770599,0.03643525,6808281
20100317,14:30:00.000,BBG000BM6788,-0.019724132,-0.010916455,2540085
20100317,14:30:00.000,BBG000BH3JF8,-0.011622502,-0.007371747,1632215
20100317,14:30:00.000,GEN_EQ0085215200001000,0.006042113,0.01771964,4296407
20100317,14:30:00.000,BBG000BQ2C28,0.0038713224,0.009590594,844170
20100317,14:30:00.000,BBG000BX5ZF5,-0.022085164,-0.010896503,12224645
20100317,14:30:00.000,BBG000BMDV41,0.009936444,0.016095722,1585048
20100317,14:30:00.000,GEN_EQ0010319800003000,-0.015696226,-0.021761667,3323617
20100317,14:30:00.000,BBG000BG14P4,-0.0013382303,0.010364321,926035
20100317,14:30:00.000,BBG000GC80B4,,,2107383
20100317,14:30:00.000,BBG000BB2DM7,-0.010041949,0.0033031038,5337639
20100317,14:30:00.000,BBG000BWJFZ4,-0.01137156,-0.009678944,1668463
20100317,14:30:00.000,BBG000BHGDH5,-0.0010380544,0.0018054997,4298270
20100317,14:30:00.000,BBG000BZ2GG4,-0.0038683969,0.008520019,2301101
20100317,14:30:00.000,BBG000D898T9,0.0032320565,0.008216462,1665341
20100317,14:30:00.000,BBG000BMF5J0,-0.005298563,0.0043947543,1834849
20100317,14:30:00.000,BBG000BKLH74,-0.0046775877,-0.0055826837,4338502
20100317,14:30:00.000,BBG000BGPTV6,-0.014546162,-0.0021402666,1962801
20100317,14:30:00.000,BBG000BH3GZ2,0.01200008,0.024445089,3712882
20100317,14:30:00.000,BBG000BVWLJ6,-0.011064133,-0.0010734382,1998190
20100317,14:30:00.000,BBG000C496P7,-0.022934595,-0.012191357,5650323
20100317,14:30:00.000,BBG000JG0547,0.00465104,0.011641453,1732923
20100317,14:30:00.000,BBG000DYGNW7,0.01818502,0.022263737,1384409
20100317,14:30:00.000,BBG000BNJHS8,-0.00028357678,-0.005313361,5178222
20100317,14:30:00.000,BBG000BPQD31,0.0012178989,0.004980732,1820892
20100317,14:30:00.000,BBG000BT9DW0,0.003000248,0.0054181605,2022455
20100317,14:30:00.000,BBG000BB2KW0,-0.010399054,-0.009972414,792425
20100317,14:30:00.000,BBG000BK67C7,0.01212399,0.01417355,1128991
20100317,14:30:00.000,BBG000DHSPT0,-0.007998019,-0.0027145022,1248980
20100317,14:30:00.000,BBG000BFMBQ6,-0.0022320542,-0.0021448694,1264330
20100317,14:30:00.000,BBG000B9WJ73,-0.002077962,0.018067123,6100876
20100317,14:30:00.000,BBG000FVXD63,-0.007609208,0.0044470597,1961214
20100317,14:30:00.000,BBG000B9XYV2,-0.003920083,-0.00056360173,2193140
20100317,14:30:00.000,BBG000BMBL90,0.007929197,0.015274523,2826182
20100317,14:30:00.000,BBG000BB1TH9,-0.0015680784,0.013080071,1109298
20100317,14:30:00.000,BBG000BVMGF2,-0.0054989685,0.010962482,3869121
20100317,14:30:00.000,BBG000BSD7C2,-0.0026001255,0.00026357276,940498
20100317,14:30:00.000,BBG000J5Q6L2,-0.023620011,0.0012074446,5897985
20100317,14:30:00.000,BBG000BC4JJ4,-0.007564665,-0.0029388592,1101041
20100317,14:30:00.000,BBG000BM5SR2,0.033301577,0.06980955,9917309
20100317,14:30:00.000,BBG000BJPDZ1,0.0047695935,0.0058202543,279025
20100317,14:30:00.000,BBG000BZTW70,-0.010963104,-0.0052175564,4059962
20100317,14:30:00.000,BBG000C5HS04,0.0020728614,0.006534451,1652508
20100317,14:30:00.000,BBG000M65M61,-0.028243272,-0.028239064,8657502
20100317,14:30:00.000,BBG000BY29C7,0.0037571366,0.01269049,1350843
20100317,14:30:00.000,BBG000BB6WG8,0.0051927324,0.014347604,3158758
20100317,14:30:00.000,GEN_EQ0010172300001000,-0.0062597287,-0.0044491226,868613
20100317,14:30:00.000,BBG000C2BXK4,-0.0018044648,0.013023416,24278244
20100317,14:30:00.000,BBG000BBBNC6,-0.0042991033,0.02177913,1548947
20100317,14:30:00.000,BBG000PM7GJ0,0.022772333,0.04124034,2939283
20100317,14:30:00.000,BBG000Q3JN03,0.0066284216,0.029313806,19153720
20100317,14:30:00.000,BBG000C0LW92,-0.028070886,-0.01975997,47565028
20100317,14:30:00.000,BBG000BF1R66,0.007610182,0.018276783,1521732
20100317,14:30:00.000,BBG000NSQ9M0,-0.011576544,0.0019593074,6822694
20100317,14:30:00.000,BBG000FQ6PY6,-0.040639635,-0.034838744,11440674
20100317,14:30:00.000,BBG000BWVCP8,-0.016193539,0.00043370717,4228767
20100317,14:30:00.000,BBG000BJSBJ0,-0.0010556665,0.0044912533,1090158
20100317,14:30:00.000,BBG000BLM0V1,,,1045731
20100317,14:30:00.000,BBG000BMY992,-8.5150954e-05,0.008073799,4318959
20100317,14:30:00.000,BBG000BVDLH9,0.00767125,0.010806592,1999275
20100317,14:30:00.000,BBG000C0F570,1.6301567e-05,0.01744945,3533419
20100317,14:30:00.000,BBG000BBQCY0,0.015079742,0.031965826,16633044
20100317,14:30:00.000,GEN_EQ0000000001064567,0.0008495661,0.016642025,1221761
20100317,14:30:00.000,BBG000BKCFC2,-0.0044479244,-0.0016376569,1033952
20100317,14:30:00.000,BBG000CGQ6M4,0.010930369,0.01247505,1031936
20100317,14:30:00.000,BBG000C17X76,-0.004419786,-0.0026789228,1055975
20100317,14:30:00.000,BBG000DTMH63,,,2567967
20100317,14:30:00.000,BBG000R7Z112,0.0032884749,0.0038529525,5990537
20100317,14:30:00.000,BBG000BBMSJ6,-0.007367671,0.010230419,4573641
20100317,14:30:00.000,BBG000BY33P5,0.0027426167,0.0111923,2857516
20100317,14:30:00.000,BBG000BV8DN6,0.0014933043,0.0008101889,1667428
20100317,14:30:00.000,GEN_EQ0010135600001000,0.0038091296,0.017130861,4016441
20100317,14:30:00.000,BBG000JN8R00,-0.002092934,0.014218939,1252600
20100317,14:30:00.000,BBG000K14Q84,-0.017313363,-0.00025943568,1634643
20100317,14:30:00.000,BBG000BBDV81,-0.0012282279,0.0128789535,1186106
20100317,14:30:00.000,BBG000BMW2Z0,0.0045938473,0.0072725713,1916643
20100317,14:30:00.000,BBG000DLVDK3,0.003241955,0.015215869,1898354
20100317,14:30:00.000,BBG000CKVSG8,-0.0035485001,0.013339778,3083998
20100317,14:30:00.000,BBG000G0Z878,0.033291772,0.05652397,16061830
20100317,14:30:00.000,BBG000BGJRC8,-0.003977557,-0.0034896575,1368425
20100317,14:30:00.000,BBG000BL8GJ6,-0.014905873,0.0032039862,5674395
20100317,14:30:00.000,BBG000HCJMF9,-0.005280006,0.017000765,2118079
20100317,14:30:00.000,BBG000BB6KF5,-0.0012395598,0.016635222,3726811
20100317,14:30:00.000,BBG000BYYLS8,0.0044310405,0.018363057,4336896
20100317,14:30:00.000,BBG000FJLFX8,-0.00498307,-0.0034401182,2617209
20100317,14:30:00.000,BBG000D9D830,0.0028933766,0.013807451,3249492
20100317,14:30:00.000,BBG000BHX7N2,-0.0012862097,0.0071865376,1522218
20100317,14:30:00.000,BBG000CTQBF3,-0.003314203,0.013060644,6609174
20100317,14:30:00.000,BBG000BBD070,0.0060488987,0.022213332,1751569
20100317,14:30:00.000,BBG000BH2JM1,-0.01853512,-0.010419937,9931452
20100317,14:30:00.000,BBG000CS7CT9,0.00031409218,0.005362419,2051111
20100317,14:30:00.000,BBG000BFL116,-0.011581016,-0.0010837408,725460
20100317,14:30:00.000,BBG000BFC8J2,0.022135569,0.023239532,2173637
20100317,14:30:00.000,BBG000C15T95,-0.007962458,-0.006622709,821366
20100317,14:30:00.000,BBG000FP1N32,-0.010345058,0.0007543551,2590086
20100317,14:30:00.000,BBG000JWD753,-0.016243095,-0.0034908485,28528986
20100317,14:30:00.000,BBG000BWNFZ9,0.0109429,0.022806445,4671608
20100317,14:30:00.000,BBG000BSLZY7,-0.009217641,0.0059573576,8411129
20100317,14:30:00.000,BBG000BCBCM7,-0.0022301485,-0.0016909819,4648097
20100317,14:30:00.000,BBG000BBGGQ1,-0.003000498,0.009725753,7232760
20100317,14:30:00.000,BBG000BCWCG1,-0.0022950799,0.00960656,2924144
20100317,14:30:00.000,BBG000BLBVN4,0.0010389157,0.0092881825,612091
20100317,14:30:00.000,BBG000C46HM9,-0.009493024,-0.0032311091,4909119
20100317,14:30:00.000,BBG000BTKGG8,0.014641466,0.03509365,4402179
20100317,14:30:00.000,GEN_EQ0010059600001000,0.042528845,0.06348309,8170003
20100317,14:30:00.000,BBG000C8H633,0.003951826,0.018626463,4118606
20100317,14:30:00.000,BBG000BTR593,0.0040097353,0.012797686,3737447
20100317,14:30:00.000,GEN_EQ0000000000158587,0.004561316,0.0095232045,1442613
20100317,14:30:00.000,BBG000F6H8W8,-0.0022885746,0.00697837,1760766
20100317,14:30:00.000,BBG000BFQYY3,-0.0041025886,-0.0018911406,1684841
20100317,14:30:00.000,BBG000BNBDC2,-0.00062167575,-0.00055198255,3949994
20100317,14:30:00.000,BBG000BSJTT0,0.0022536858,0.01906889,3380924
20100317,14:30:00.000,BBG000BJL3N0,0.0077344,0.025326325,9825058
20100317,14:30:00.000,BBG000BYWTX7,-0.008611461,0.008820172,10690481
20100317,14:30:00.000,BBG000BD8PN9,0.0016744526,0.0152135305,3808098
20100317,14:30:00.000,BBG000BHLYP4,-0.0054555507,0.009082676,195589
20100317,14:30:00.000,BBG000C1BW00,0.0022803133,0.004610603,1701129
20100317,14:30:00.000,BBG000J6XT05,-0.006293649,0.0015435929,2170723
20100317,14:30:00.000,BBG000BJX8C8,0.0026739473,0.019725475,2801656
20100317,14:30:00.000,BBG000BCVJ77,0.0048698494,0.004304719,1600513
20100317,14:30:00.000,BBG000BZ9223,-0.0083545,-0.0014500333,1705443
20100317,14:30:00.000,BBG000H556T9,-0.009696161,-0.0027914206,3012082
20100317,14:30:00.000,BBG000BJF1Z8,0.010466283,0.017937342,2797623
20100317,14:30:00.000,BBG000BB5006,0.012328653,0.020848913,6035049
20100317,14:30:00.000,BBG000F0KF42,,,8782784
20100317,14:30:00.000,BBG000BKFBD7,0.01357883,0.03450172,3349240
20100317,14:30:00.000,BBG000BFDXW1,-0.008678995,0.0067167724,2488335
20100317,14:30:00.000,BBG000BW3299,0.0020683608,-0.0001370464,2693077
20100317,14:30:00.000,BBG000F0PF65,0.00051208143,0.008049015,3334171
20100317,14:30:00.000,BBG000BNWG87,-0.0061926595,-0.004655972,3911622
20100317,14:30:00.000,BBG000BH13K9,0.00952273,0.016423134,3900138
20100317,14:30:00.000,BBG000BH1NH9,0.004641267,0.015860366,2513722
20100317,14:30:00.000,BBG000DY8ZS4,-0.0132026905,0.002291343,10084107
20100317,14:30:00.000,BBG000BP8Z50,-0.024894724,-0.012204024,15647151
20100317,14:30:00.000,BBG000BJ81C1,-0.0004521172,0.007944546,2913375
20100317,14:30:00.000,BBG000BBVJZ8,-0.014544465,-0.0070846505,5811865
20100317,14:30:00.000,BBG000BQ8KV2,-0.019694427,-0.009220788,4930983
20100317,14:30:00.000,BBG000BGKTF9,-0.017324891,0.0049538338,3493434
20100317,14:30:00.000,BBG000BFRF55,-0.007957114,0.008378232,3567570
20100317,14:30:00.000,BBG000BRK7L6,0.022076251,0.03656372,9230956
20100317,14:30:00.000,BBG000BWLMJ4,-0.0050746277,0.005505322,3381916
20100317,14:30:00.000,BBG000BD4VG8,0.006911857,0.022244021,2717173
20100317,14:30:00.000,BBG000FW00S1,0.011163735,0.029505277,5480129
20100317,14:30:00.000,BBG000BBJQV0,0.007391031,0.026471108,12115158
20100317,14:30:00.000,BBG000C5Z1S3,0.0019350977,0.02545267,18727152
20100317,14:30:00.000,BBG000BC40Y8,0.011999041,0.022685673,3157370
20100317,14:30:00.000,BBG000DWYF03,-0.005090423,0.0014255793,10974566
20100317,14:30:00.000,BBG000BRD0D8,0.007795107,0.023900641,3595844
20100317,14:30:00.000,BBG000H8TVT2,-0.006399293,-0.0035557505,1810789
20100317,14:30:00.000,BBG000BP6LJ8,0.0012155611,0.001473993,7118119
20100317,14:30:00.000,BBG000BKFZM4,0.021517662,0.029754069,14378100
20100317,14:30:00.000,BBG000BHBK84,-0.009388469,-0.00032966066,5673788
20100317,14:30:00.000,BBG000FG3C43,-0.021035124,-0.008121263,4896968
20100317,14:30:00.000,BBG000BH23R1,0.019514628,0.03213442,24533232
20100317,14:30:00.000,BBG000F1ZSQ2,-0.018869758,-0.0069533736,691097
20100317,14:30:00.000,BBG000GFFQN9,-0.0030523515,0.0116096465,9844347
20100317,14:30:00.000,BBG000BNDN65,-0.00023493453,0.009186752,7611021
20100317,14:30:00.000,BBG000C43RR5,0.0006153591,0.013435732,11406389
20100317,14:30:00.000,BBG000BP52R2,-0.00029612705,0.007225334,2532006
20100317,14:30:00.000,BBG000BBPFB9,-0.00092010084,0.013649136,20166862
20100317,14:30:00.000,BBG000BC2C10,0.0075483387,0.015870733,1552020
20100317,14:30:00.000,BBG000BFT2L4,0.0072163837,0.009140704,9201116
20100317,14:30:00.000,BBG000L9CV04,0.0024300122,0.008087035,3442829
20100317,14:30:00.000,BBG000FL1TC8,-0.006784521,-0.007062328,4463405
20100317,14:30:00.000,BBG000FFDM15,-0.0076308004,0.007278072,7090092
20100317,14:30:00.000,BBG000BH4R78,-0.0029196376,-0.001185597,4802562
20100317,14:30:00.000,BBG000B9ZXB4,-0.0009752822,-0.0038396292,4677134
20100317,14:30:00.000,BBG000BGRY34,0.0057104565,0.011733047,4701443
20100317,14:30:00.000,BBG000G2R6M0,-0.0067640953,0.0052431184,5758352
20100317,14:30:00.000,BBG000BCSST7,0.006737764,0.008000719,4005289
20100317,14:30:00.000,BBG000BVV7G1,-0.0073500783,0.009730898,8127478
20100317,14:30:00.000,BBG000BW8S60,-0.003988467,-0.0017951903,2486310
20100317,14:30:00.000,BBG000BL4504,-0.021442428,-0.009443751,10415828
20100317,14:30:00.000,BBG000DQLV23,0.00073986896,-0.0019238396,8828998
20100317,14:30:00.000,BBG000BBS2Y0,-0.0009410914,-0.0025239014,3069474
20100317,14:30:00.000,BBG000BHVJJ3,-0.010831657,-0.003195043,14842833
20100317,14:30:00.000,BBG000J2XL74,0.0067688194,0.011123028,3297194
20100317,14:30:00.000,BBG000CH5208,-0.00920578,-0.008166116,7281031
20100317,14:30:00.000,BBG000BCQZS4,-0.0064415256,0.0073345155,5370923
20100317,14:30:00.000,BBG000BFWKC0,0.008918174,0.00770303,5525246
20100317,14:30:00.000,BBG000BCG930,0.0012375889,-0.00064515375,4285391
20100317,14:30:00.000,BBG000PSKYX7,-0.0048250454,0.004476614,2226628
20100317,14:30:00.000,BBG000BPWXK1,-0.0059999693,0.006331264,4237761
20100317,14:30:00.000,BBG000BWXBC2,-0.0032889622,-0.00017767513,8523293
20100317,14:30:00.000,BBG000BQQ2S6,0.0063321446,0.0135389045,2908916
20100317,14:30:00.000,BBG000BH5LT6,-0.0026150981,-0.003010408,3787797
20100317,14:30:00.000,BBG000DWG505,0.0020421576,0.0017022539,2629736
20100317,14:30:00.000,BBG000BF0K17,0.0056162006,0.016987622,4415003
20100317,14:30:00.000,BBG000BKTFN2,0.019605618,0.031845924,10191596
20100317,14:30:00.000,BBG000BB07P9,-0.00059019093,0.009983804,6409866
20100317,14:30:00.000,BBG000BNSZP1,-0.0031693429,0.0049985787,3209910
20100317,14:30:00.000,BBG000BKZB36,-0.0074791866,0.00030713924,8523320
20100317,14:30:00.000,BBG000CKGBP2,-0.005223952,-0.00737206,4660789
20100317,14:30:00.000,BBG000DH7JK6,0.0015083133,0.0037837774,3750709
20100317,14:30:00.000,BBG000D4LWF6,-0.0012469516,0.0010099693,7011730
20100317,14:30:00.000,BBG000BQQH30,0.009735245,0.017246459,7142890
20100317,14:30:00.000,BBG000B9WH86,0.046350397,0.06596409,57128232
20100317,14:30:00.000,BBG000BQLTW7,0.008936331,0.012691525,21710112
20100317,14:30:00.000,BBG000HS77T5,0.0068157823,0.009687613,9949149
20100317,14:30:00.000,GEN_EQ0011904200001000,0.009805929,0.016465303,13086004
20100317,14:30:00.000,BBG000BLZRJ2,-0.00644808,0.009241762,9649165
20100317,14:30:00.000,BBG000BMX289,0.0025855093,0.004282619,6134830
20100317,14:30:00.000,BBG000BPD168,0.002963958,-0.00052695355,6731757
20100317,14:30:00.000,BBG000BT41Q8,0.0059678964,0.017622171,8201055
20100317,14:30:00.000,BBG000BMHYD1,0.0041778283,0.0024809963,5442108
20100317,14:30:00.000,BBG000BR2TH3,0.0043624374,0.005980567,4859297
20100317,14:30:00.000,BBG000KHWT55,-0.0025058575,0.004965407,8654543
20100317,14:30:00.000,BBG000BTZQC4,-0.008279187,-0.007648979,5107548
20100317,14:30:00.000,BBG000BSJK37,0.0025092394,0.0034813124,12385943
20100317,14:30:00.000,BBG000BLNNH6,-0.005650157,0.0005055279,3313049
20100317,14:30:00.000,BBG000K4ND22,0.004453217,0.013244682,7120426
20100317,14:30:00.000,BBG000BX3TD3,-0.0194055,-0.0026385074,9394611
20100317,14:30:00.000,BBG000CR90K4,-0.003504835,-0.0023959244,5287036
20100317,14:30:00.000,BBG000BVPV84,0.00013155282,0.0043256087,2547491
20100317,14:30:00.000,BBG000CGC1X8,-0.009071147,-0.003847685,16035968
20100317,14:30:00.000,BBG000BR2B91,-0.0030238961,-0.0028956248,36621892
20100317,14:30:00.000,BBG000BQPC32,0.03608139,0.037819564,82335776
20100317,14:30:00.000,BBG000BK6MB5,-0.0051309722,0.006639514,114559912
20100317,14:30:00.000,BBG000C3J3C9,0.0040550954,0.0072640437,22061480
20100317,14:30:00.000,BBG000C0G1D1,-7.6207114e-05,0.013178064,55047288
20100317,14:30:00.000,BBG000BWQFY7,-0.0033256544,0.009575947,21238892
20100317,14:30:00.000,BBG000BJDB15,-0.009427829,0.004381658,7144899
20100317,14:30:00.000,BBG000BPH459,0.0057632583,0.011573882,34920340
20100317,14:30:00.000,BBG000C6CFJ5,-0.0029539233,0.007239476,5270777
20100317,14:30:00.000,BBG000DMBXR2,0.0043785754,0.017817698,23227296
20100317,14:30:00.000,BBG000BHSKN9,-0.0062127346,0.0037771547,1689935
20100317,14:30:00.000,BBG000GZQ728,0.0038793457,0.016060213,23195240
20100317,14:30:00.000,BBG000BCTLF6,-0.0043270094,0.01349437,84622632
20100317,14:30:00.000,BBG000B9XRY4,-0.0034821087,0.001692025,8503657
20100317,14:45:00.000,GEN_EQ0021071400001000,-0.02575203,-0.0138679305,2162940
20100317,14:45:00.000,GEN_EQ0096849600001000,-0.01763575,0.005964511,885570
20100317,14:45:00.000,BBG000BJ49H3,-0.012500147,-0.0053764917,828623
20100317,14:45:00.000,BBG000BMFD58,-0.008421727,0.003192339,6595416
20100317,14:45:00.000,BBG000BFVXX0,-0.0035395997,0.00317342,1385350
20100317,14:45:00.000,BBG000CHWP52,0.0017041311,0.007401344,795953
20100317,14:45:00.000,BBG000BT9T73,0.07868464,0.09802243,34246924
20100317,14:45:00.000,BBG000BCQ4P6,0.009042488,0.018499421,938822
20100317,14:45:00.000,BBG000BMLWX8,0.014389812,0.013663798,2367610
20100317,14:45:00.000,BBG000BP7JB0,-0.008963391,0.0035160026,3085095
20100317,14:45:00.000,BBG000BNW1S8,-0.013106677,0.0011683766,953001
20100317,14:45:00.000,BBG000MQ1SN9,0.004770438,0.009174302,711973
20100317,14:45:00.000,BBG000BVB8Q0,-0.015556927,-0.007097893,1515446
20100317,14:45:00.000,BBG000BSC0K9,-0.006748419,-0.0026437256,500007
20100317,14:45:00.000,BBG000C7LMS8,0.01280325,0.022160094,454325
20100317,14:45:00.000,BBG000BB5792,0.008652103,0.01913863,1809057
20100317,14:45:00.000,BBG000BFDLV8,0.015649166,0.02354425,429762
20100317,14:45:00.000,BBG000BTLMX5,0.0022227196,0.011394471,711919
20100317,14:45:00.000,BBG000CQB185,0.010371325,0.01959377,1252239
20100317,14:45:00.000,BBG000BKVJK4,0.0045237853,0.008325518,839276
20100317,14:45:00.000,BBG000BQC9V2,0.011529576,0.019349307,4305689
20100317,14:45:00.000,BBG000CC53X1,0.012553745,0.022325672,873633
20100317,14:45:00.000,BBG000C45984,-0.003401082,0.0033235464,1000499
20100317,14:45:00.000,BBG000BJNGN9,0.0026031048,0.014128486,1926965
20100317,14:45:00.000,BBG000FQRVM3,0.0016994823,0.005607276,555621
20100317,14:45:00.000,BBG000D2M0Z7,-0.007901304,0.0013753577,419506
20100317,14:45:00.000,BBG000K82ZT8,-0.014211765,-0.008255267,950378
20100317,14:45:00.000,BBG000BF5RY1,-0.00022110097,0.0014637919,5282174
20100317,14:45:00.000,BBG000BNMHS4,0.0010236477,0.0129052615,710796
20100317,14:45:00.000,BBG000CPHYL4,-0.006115905,-3.6851583e-07,6747535
20100317,14:45:00.000,GEN_EQ0000000000852052,0.0002107058,0.01706249,952940
20100317,14:45:00.000,BBG000BCHG15,0.018393954,0.028237754,546910
20100317,14:45:00.000,BBG000BNNKG9,0.010263418,0.02024143,2176610
20100317,14:45:00.000,BBG000DR22B6,-0.012820355,-0.0012282963,1902444
20100317,14:45:00.000,BBG000BHK836,-0.014158942,-0.0037330824,1297984
20100317,14:45:00.000,BBG000BV4DR6,0.013344523,0.03294164,3846098
20100317,14:45:00.000,BBG000BC9938,-0.020503484,-0.01110291,1130096
20100317,14:45:00.000,BBG000DSMS70,-0.008219082,-0.0059813773,447340
20100317,14:45:00.000,BBG000BWCKB6,0.0022820951,0.009141588,475126
20100317,14:45:00.000,BBG000BP5YT0,-0.012445061,0.005218072,4344421
20100317,14:45:00.000,BBG000BGYWY6,0.001261812,0.013260331,1055767
20100317,14:45:00.000,GEN_EQ0010580600001000,0.007213039,0.020780342,1466705
20100317,14:45:00.000,BBG000BFJ645,0.015800519,0.018091127,2877386
20100317,14:45:00.000,BBG000PV2L86,0.0038274142,0.0066494113,1703348
20100317,14:45:00.000,BBG000BXBHJ4,-0.013232386,-0.0039879913,814887
20100317,14:45:00.000,BBG000BB29X4,-0.0021431558,0.0032875761,806560
20100317,14:45:00.000,BBG000BBBP59,0.0014276888,0.007842276,376610
20100317,14:45:00.000,BBG000BVHBM1,0.0037522344,0.001464662,1887137
20100317,14:45:00.000,BBG000BWGYF8,0.036260113,0.07643524,3136842
20100317,14:45:00.000,BBG000BBL8V7,0.012257552,0.024658857,2337735
20100317,14:45:00.000,BBG000BPNP00,-0.0071406267,0.011308137,948527
20100317,14:45:00.000,BBG000RGM5P1,,,1333254
20100317,14:45:00.000,BBG000FKYVH4,0.0035578876,0.012358202,882082
20100317,14:45:00.000,BBG000BGXZB5,0.0044423337,0.003686023,3229533
20100317,14:45:00.000,BBG000BTQ9G8,0.0005821499,0.007499097,1839235
20100317,14:45:00.000,BBG000BCTQ65,0.0063566444,0.0098614665,1157933
20100317,14:45:00.000,BBG000BK2F42,0.006666115,0.016585303,1858790
20100317,14:45:00.000,BBG000F7RCJ1,-0.0064087617,0.006263753,699997
20100317,14:45:00.000,BBG000C2YHG9,-0.008880467,-0.0069628577,1253860
20100317,14:45:00.000,BBG000BRJL00,-0.0014858253,0.0069179726,1449424
20100317,14:45:00.000,BBG000BQT4L6,-0.011120177,-0.00064292055,2714628
20100317,14:45:00.000,BBG000FDBX90,-0.0022467307,0.002076135,1351361
20100317,14:45:00.000,BBG000BKR1D6,-0.0048727477,0.00719126,326433
20100317,14:45:00.000,GEN_EQ0010003600001000,-0.002306114,0.0059401905,1242952
20100317,14:45:00.000,BBG000BPXVJ6,-0.004102948,-0.0006919287,1963533
20100317,14:45:00.000,BBG000BN84F3,0.005565693,0.010882853,790848
20100317,14:45:00.000,BBG000DSZTN6,0.00989013,0.022979183,1468023
20100317,14:45:00.000,BBG000BBCDZ2,-0.006392478,0.0029806423,556873
20100317,14:45:00.000,BBG000PQ6YJ3,-0.0132745,-0.0022345535,269267
20100317,14:45:00.000,BBG000HQ7GC7,-0.019513668,-0.003632754,1476526
20100317,14:45:00.000,BBG000BC15S7,-0.0032844804,0.0037020966,767917
20100317,14:45:00.000,BBG000PX3XC0,0.0005736576,0.014595508,482503
20100317,14:45:00.000,BBG000BSXQV7,0.0061873295,0.01644858,608516
20100317,14:45:00.000,BBG000BP1Q11,0.006414444,0.010325338,710464
20100317,14:45:00.000,GEN_EQ0010206100001000,-0.013411414,-0.014856827,4947385
20100317,14:45:00.000,BBG000C3GN47,0.006412613,0.016886901,943701
20100317,14:45:00.000,BBG000BN7277,-0.0012160615,0.008101652,1810581
20100317,14:45:00.000,BBG000C3NTN5,-0.003375758,-0.0026073293,1898485
20100317,14:45:00.000,BBG000DWB323,-0.0022723984,0.013336781,2490780
20100317,14:45:00.000,BBG000BR1W32,-0.0063037644,0.009105283,1000745
20100317,14:45:00.000,BBG000BF2KK4,-0.0060592135,0.0021127441,1190611
20100317,14:45:00.000,BBG000BNBPQ0,0.010414376,0.03171663,1878104
20100317,14:45:00.000,BBG000BWXL85,0.0017050636,0.007355116,1268413
20100317,14:45:00.000,GEN_EQ0010624300001000,0.0057443744,0.0023051065,1455071
20100317,14:45:00.000,BBG000JBN3X6,-0.006952194,-0.015474284,4445916
20100317,14:45:00.000,BBG000BFNR17,-0.0017485277,0.011179099,1226222
20100317,14:45:00.000,BBG000CXYSZ6,0.030824883,0.034860358,872937
20100317,14:45:00.000,BBG000FV1Z23,-0.016755566,-0.01381406,1812886
20100317,14:45:00.000,GEN_EQ0010548100001000,0.037983257,0.05635521,7221031
20100317,14:45:00.000,GEN_EQ0010141600001000,0.00021527709,0.013053263,1778228
20100317,14:45:00.000,BBG000BW2QX0,-0.00044706406,0.014464993,3234401
20100317,14:45:00.000,BBG000C1S2X2,-0.01768867,-0.021732207,964749
20100317,14:45:00.000,BBG000BVXPZ8,0.008171123,0.019007724,3059256
20100317,14:45:00.000,BBG000B9ZV28,0.0069520995,0.017715858,348810
20100317,14:45:00.000,BBG000CPQZ77,-0.008623526,0.0029916072,1194732
20100317,14:45:00.000,BBG000BGD7W6,-0.009087199,-0.0048657665,2072461
20100317,14:45:00.000,GEN_EQ0010168800001000,-0.012938716,-0.007797116,17920120
20100317,14:45:00.000,BBG000D9KWL9,0.00030191155,0.014799828,344819
20100317,14:45:00.000,BBG000BR37X2,0.017106334,0.028211337,5088800
20100317,14:45:00.000,BBG000BR54L0,-0.001080027,0.003509689,3412026
20100317,14:45:00.000,BBG000BLHRS2,-0.0124757625,-0.0067817336,1173928
20100317,14:45:00.000,BBG000BX3BL3,-0.010782543,0.013880789,812547
20100317,14:45:00.000,BBG000BL5W86,0.007071673,0.027850244,7801168
20100317,14:45:00.000,BBG000BJKPG0,0.004739354,0.015798884,970073
20100317,14:45:00.000,BBG000BCYP43,0.0057166643,0.008711852,526611
20100317,14:45:00.000,BBG000MBDGM6,0.010811899,0.026001291,378963
20100317,14:45:00.000,BBG000CGT2S4,-0.011270696,-0.00093093375,692692
20100317,14:45:00.000,BBG000BMFFQ0,0.0012594459,0.017505724,1228087
20100317,14:45:00.000,BBG000BWVSR1,3.376449e-05,0.004867225,938871
20100317,14:45:00.000,BBG000FL0BC8,-0.030964848,-0.02121921,2657010
20100317,14:45:00.000,BBG000F86GP6,-0.010384226,0.00313499,661097
20100317,14:45:00.000,BBG000BHB3M6,0.0065187183,0.015632287,554891
20100317,14:45:00.000,BBG000BDWKC5,0.0049474337,0.013991594,2366704
20100317,14:45:00.000,BBG000BJDPC2,0.019560583,0.022589153,1858872
20100317,14:45:00.000,BBG000BP4MH0,-0.004983492,0.0024497097,3435649
20100317,14:45:00.000,BBG000C9W1Y1,,,2645099
20100317,14:45:00.000,BBG000BKSL41,0.004620076,0.016673066,4189818
20100317,14:45:00.000,BBG000CVWGS6,0.0081289,0.012891607,11431956
20100317,14:45:00.000,BBG000F80SZ5,0.015219132,0.029086834,6085072
20100317,14:45:00.000,BBG000DKCC19,-0.0013748276,0.0028297058,2909333
20100317,14:45:00.000,GEN_EQ0010091900001000,0.021634243,0.02576779,452721
20100317,14:45:00.000,BBG000BG7986,0.010121652,0.007377116,1424474
20100317,14:45:00.000,BBG000D7RKJ5,0.0028600493,0.009888534,1072269
20100317,14:45:00.000,BBG000KLB4Q1,0.016129242,0.03317411,3435449
20100317,14:45:00.000,BBG000DQTXY6,-0.014174062,-0.013799352,3032766
20100317,14:45:00.000,BBG000BFS7D3,0.008800398,0.011881208,1846671
20100317,14:45:00.000,BBG000BV75B7,-0.011731297,-0.015424796,1693178
20100317,14:45:00.000,BBG000C2PW58,0.051321518,0.066945404,661269
20100317,14:45:00.000,BBG000BKZTP3,-0.026495272,-0.009532649,2864174
20100317,14:45:00.000,BBG000CFJL87,0.0021605296,-0.0015072206,1569599
20100317,14:45:00.000,BBG000QY3XZ2,-0.0026905795,0.009664294,2664800
20100317,14:45:00.000,BBG000BJ5GK2,-0.004167167,0.004399742,723102
20100317,14:45:00.000,BBG000Q0BPZ4,0.026404949,0.041753825,4277310
20100317,14:45:00.000,BBG000NSCNT7,0.016895954,0.042109653,4000722
20100317,14:45:00.000,GEN_EQ0010104800001000,0.008835402,0.023043389,5538402
20100317,14:45:00.000,BBG000G8N9C6,0.0016611512,0.0047864597,1235526
20100317,14:45:00.000,BBG000BHKYH4,-0.012227998,-0.0025157724,1123303
20100317,14:45:00.000,BBG000BK1FD3,-0.024764739,-0.007903801,2703408
20100317,14:45:00.000,BBG000BT4T69,-0.0005773224,0.0049915826,5374822
20100317,14:45:00.000,GEN_EQ0011591100001000,0.003202285,0.011025399,1717132
20100317,14:45:00.000,BBG000FFH4P5,-0.0011040196,0.0071533076,437684
20100317,14:45:00.000,BBG000BGRKT6,0.009083781,0.011831412,698736
20100317,14:45:00.000,BBG000DN7P92,0.007910335,0.011367345,1197782
20100317,14:45:00.000,BBG000M4SW14,0.008832782,0.020029142,684589
20100317,14:45:00.000,BBG000BNGTQ7,0.00030121428,0.0020226045,2549622
20100317,14:45:00.000,BBG000BL79J3,-0.012130771,-0.009750309,2019986
20100317,14:45:00.000,BBG000BDG1Y1,-0.0057110875,0.0019055731,1563160
20100317,14:45:00.000,BBG000D9DMK0,0.003752668,0.010532075,722682
20100317,14:45:00.000,BBG000BVPPM1,0.009862132,0.023681661,4451607
20100317,14:45:00.000,BBG000D3MB18,-0.0071523497,0.00057508406,2767269
20100317,14:45:00.000,BBG000DGPR66,0.014777754,0.02398358,814282
20100317,14:45:00.000,BBG000BLDV98,-0.0019500992,-0.0035433022,2577946
20100317,14:45:00.000,BBG000C6F3T8,0.0026151822,0.008868589,2818608
20100317,14:45:00.000,BBG000BS0ZF1,0.0027443718,0.009030136,364956
20100317,14:45:00.000,BBG000DNTSP4,-0.011130375,1.4674673e-07,1160571
20100317,14:45:00.000,BBG000LL9LQ5,-0.0043715816,0.006769247,2177426
20100317,14:45:00.000,GEN_EQ0140919900001000,0.0046241297,0.009125962,1105003
20100317,14:45:00.000,BBG000QRSL13,-0.00978979,0.0050377827,7106789
20100317,14:45:00.000,BBG000BRJ809,0.01664515,0.022442054,708267
20100317,14:45:00.000,BBG000D1QCF1,-0.012383767,0.001973212,982525
20100317,14:45:00.000,BBG000BLCPY4,0.011425914,0.010753249,1109122
20100317,14:45:00.000,BBG000CNWNL6,0.007308293,0.031227505,1856326
20100317,14:45:00.000,BBG000DV7MX4,-0.022219263,-0.002473871,10900210
20100317,14:45:00.000,BBG000BP1152,-0.022840152,-0.011908097,4552699
20100317,14:45:00.000,BBG000BHCP19,-0.0084848665,0.009877328,2427725
20100317,14:45:00.000,BBG000BGKHZ3,-0.012877817,0.0007475253,1040293
20100317,14:45:00.000,BBG000BMB7R1,0.0027111177,0.008927186,738995
20100317,14:45:00.000,BBG000BHLYS1,-0.0004680891,0.0026993698,984829
20100317,14:45:00.000,BBG000BKWSR6,0.03364728,0.050769858,18729480
20100317,14:45:00.000,BBG000JN9BQ6,0.013892602,0.018660618,1026502
20100317,14:45:00.000,BBG000BRZBT3,0.0053302962,0.010109413,2051560
20100317,14:45:00.000,BBG000FBK808,0.012152087,0.024196202,9506305
20100317,14:45:00.000,BBG000BXRPH1,-0.015934957,-0.0031599163,1134291
20100317,14:45:00.000,BBG000BQSQ38,-0.0081488695,0.003096491,1561810
20100317,14:45:00.000,BBG000BVMPN3,0.009994339,0.026743399,1035293
20100317,14:45:00.000,BBG000BGFLL5,0.009608471,0.026713027,2274732
20100317,14:45:00.000,BBG000BJ98Z0,0.036452122,0.03563685,1447251
20100317,14:45:00.000,BBG000NDZ417,-0.006948405,0.0032944824,1300337
20100317,14:45:00.000,BBG000BKPL53,-0.005785498,-0.0019038215,1324672
20100317,14:45:00.000,BBG000BD0TF8,0.014955301,0.031453285,733341
20100317,14:45:00.000,BBG000BY2Y78,0.02040994,0.039428774,3678806
20100317,14:45:00.000,BBG000BPMH90,0.0048503447,0.018740838,1202945
20100317,14:45:00.000,BBG000BBNYF6,0.013226042,0.022778498,1228699
20100317,14:45:00.000,BBG000FJRZ68,-0.006800775,-0.007355238,1473198
20100317,14:45:00.000,BBG000FKJRC5,0.0035332844,0.00835006,527479
20100317,14:45:00.000,BBG000CL9VN6,-0.0027439536,0.0038213786,444513
20100317,14:45:00.000,BBG000BK6G19,-0.0008918738,0.007653661,825773
20100317,14:45:00.000,BBG000C23KJ3,-0.014031936,-0.0050533973,6197573
20100317,14:45:00.000,BBG000BB5BF6,0.0016146685,0.012367797,3860526
20100317,14:45:00.000,BBG000BK5DP1,0.012327825,0.022554925,2647189
20100317,14:45:00.000,BBG000BJVZF7,0.007481888,0.009079548,1100406
20100317,14:45:00.000,BBG000BN5HF7,-0.0042479914,0.0029828257,3101923
20100317,14:45:00.000,BBG000BL9439,-0.0050504394,0.0014793477,1080893
20100317,14:45:00.000,BBG000BJQWD2,0.0054722205,0.018632391,2427466
20100317,14:45:00.000,BBG000D8RG11,-0.0045958254,0.0022214646,1829908
20100317,14:45:00.000,BBG000BS9489,0.0086715175,0.013766813,1095181
20100317,14:45:00.000,BBG000BH5DV1,-0.009166305,-0.004185695,2209803
20100317,14:45:00.000,BBG000BMKDM3,-0.0018173227,0.0027437047,1391414
20100317,14:45:00.000,BBG000C75N77,0.0067346194,0.02095296,2516058
20100317,14:45:00.000,BBG000BKXFN7,-0.0195059,-0.016145727,4525739
20100317,14:45:00.000,BBG000BTCH57,0.0027370243,0.0101256445,1315401
20100317,14:45:00.000,BBG000BM7HL0,-0.0015771592,0.010754121,2069032
20100317,14:45:00.000,BBG000BNFLM9,-0.005986311,0.007998501,2187525
20100317,14:45:00.000,BBG000BBVCN6,-0.00043910465,-0.0021398948,481318
20100317,14:45:00.000,BBG000LD9JQ8,-0.01547957,-0.00801468,2571234
20100317,14:45:00.000,BBG000MDCQC2,-0.008243084,-0.0028207612,2063722
20100317,14:45:00.000,BBG000BLBXT4,-0.006171835,-0.0014124232,1859009
20100317,14:45:00.000,BBG000BDXGP9,0.003530961,0.006639633,1870876
20100317,14:45:00.000,BBG000BR3KL6,0.0077808364,0.014817999,1009026
20100317,14:45:00.000,BBG000BX9WL1,0.027486643,0.04911093,9410705
20100317,14:45:00.000,BBG000BQ74K1,0.007117517,0.020452576,1028951
20100317,14:45:00.000,BBG000BWSV34,0.0058372514,0.010954333,666038
20100317,14:45:00.000,BBG000BQZMH4,-0.008675175,-0.0041771955,2382480
20100317,14:45:00.000,GEN_EQ0010066700001000,-0.007977539,-0.0044437717,1182459
20100317,14:45:00.000,BBG000BQVTF5,0.0041302,0.01605367,2042874
20100317,14:45:00.000,BBG000LC1FS4,0.010400096,0.02298958,1227587
20100317,14:45:00.000,GEN_EQ0010050500001000,-0.008224022,0.0035729622,5674985
20100317,14:45:00.000,BBG000G3QLY3,0.014324546,0.022189045,1038775
20100317,14:45:00.000,BBG000QBR5J5,-0.017229948,-0.003270279,7598616
20100317,14:45:00.000,BBG000BTQR96,0.009295411,0.014805826,1510251
20100317,14:45:00.000,GEN_EQ0012661800001000,-0.014010904,-0.012923027,1422151
20100317,14:45:00.000,BBG000CKJ0P3,-0.002608354,-0.0022453,631526
20100317,14:45:00.000,BBG000HGYNZ9,-0.0050649927,0.004397662,3439429
20100317,14:45:00.000,BBG000BV7LP7,0.003552911,0.011988153,2257545
20100317,14:45:00.000,BBG000BBVK30,-0.005235217,-0.011382154,7944247
20100317,14:45:00.000,BBG000BFXHL6,-0.014461566,-0.012699938,2699706
20100317,14:45:00.000,BBG000BGLRN3,0.006103977,0.010624536,1609845
20100317,14:45:00.000,BBG000C2V3D6,-0.008428546,0.00299162,1619222
20100317,14:45:00.000,BBG000BGVW60,0.0150009,0.017541915,4160454
20100317,14:45:00.000,BBG000BTVJ25,0.0062297178,0.015366203,2795570
20100317,14:45:00.000,GEN_EQ0010020500001000,0.005017761,0.017388998,2435731
20100317,14:45:00.000,BBG000BHQ1H0,0.0112515725,0.011121118,710478
20100317,14:45:00.000,BBG000BNC3Y9,0.039236866,0.061148606,7140569
20100317,14:45:00.000,BBG000BVVQQ8,-0.004598983,0.011465101,2106679
20100317,14:45:00.000,GEN_EQ0010281900001000,-0.004303288,-0.0024008055,832420
20100317,14:45:00.000,BBG000C1FB75,-0.007191978,0.009431822,363436
20100317,14:45:00.000,BBG000BFTJ91,0.0072478615,0.0077917767,4463167
20100317,14:45:00.000,BBG000C1FQS9,-0.004454222,0.0018690679,817009
20100317,14:45:00.000,BBG000BSBZH7,0.0015566924,-0.00018507265,1499714
20100317,14:45:00.000,BBG000F15NW9,-0.018361686,-0.017953945,3420777
20100317,14:45:00.000,BBG000BPT0C6,0.022767665,0.031881087,1604668
20100317,14:45:00.000,GEN_EQ0010145600001000,-0.0013240178,-0.0031429054,4658260
20100317,14:45:00.000,BBG000H89QJ6,0.004576145,0.0060778754,1339244
20100317,14:45:00.000,BBG000BR14K5,0.0013363375,0.010347429,1466929
20100317,14:45:00.000,BBG000BP6L99,0.014940216,0.021562958,20730008
20100317,14:45:00.000,BBG000BQWPC5,0.0018631152,0.0040483805,974781
20100317,14:45:00.000,BBG000BNNYW1,-0.0024260294,0.0030270633,1361199
20100317,14:45:00.000,BBG000BJ3PD2,0.0021245996,0.0084468955,758142
20100317,14:45:00.000,BBG000PVRDL2,0.023852846,0.03468939,6644341
20100317,14:45:00.000,BBG000C2ZCH8,-0.0019505252,-0.0011923643,933695
20100317,14:45:00.000,BBG000TK7PB8,0.013832558,0.032735016,5486878
20100317,14:45:00.000,BBG000BB6M98,-0.0015719399,0.0050089764,1443831
20100317,14:45:00.000,BBG000HW5GX3,0.007324758,0.015638828,1083847
20100317,14:45:00.000,BBG000BLKK03,0.010014215,0.009963887,1419477
20100317,14:45:00.000,BBG000BCZYD3,0.0030032508,0.004178223,500574
20100317,14:45:00.000,BBG000CSY9H9,-0.012522628,-0.0020858257,1219577
20100317,14:45:00.000,BBG000BB9KF2,-0.002817732,0.0021572157,1050726
20100317,14:45:00.000,BBG000BMQPL1,0.022976162,0.04028607,12991373
20100317,14:45:00.000,BBG000BMTFR4,-0.004569203,0.012232527,2484830
20100317,14:45:00.000,BBG000H9G7X2,0.009808155,0.011951298,1255105
20100317,14:45:00.000,BBG000BCNYT9,0.007243458,0.012628686,1781770
20100317,14:45:00.000,BBG000C0MF34,-0.0069479146,-0.001581595,678831
20100317,14:45:00.000,BBG000BN2DC2,-0.010155246,-0.0007162621,859480
20100317,14:45:00.000,BBG000BN9WT5,-0.0030430134,0.014221725,4420883
20100317,14:45:00.000,BBG000BQ5DS5,0.0032461104,0.0018127903,1182956
20100317,14:45:00.000,BBG000BCGY17,-0.004123221,-0.0014935643,1139285
20100317,14:45:00.000,BBG000BB6G37,-0.002414949,0.013992946,2392359
20100317,14:45:00.000,BBG000CHPY97,-0.028525911,-0.02083649,4490081
20100317,14:45:00.000,BBG000TWC2V5,0.008017358,0.009201021,1346345
20100317,14:45:00.000,GEN_EQ0117562400001000,-0.0068092113,-0.0037138069,9831411
20100317,14:45:00.000,BBG000BP0KQ8,0.0050677657,0.015637765,4486178
20100317,14:45:00.000,BBG000BB5373,0.024275048,0.03705277,7085901
20100317,14:45:00.000,BBG000BM6788,-0.019041708,-0.012316076,2704787
20100317,14:45:00.000,BBG000BH3JF8,-0.010948466,-0.007756431,1761664
20100317,14:45:00.000,GEN_EQ0085215200001000,0.0056914845,0.016320705,4465700
20100317,14:45:00.000,BBG000BQ2C28,0.0021899322,0.007502256,918531
20100317,14:45:00.000,BBG000BX5ZF5,-0.022379503,-0.012877632,12475371
20100317,14:45:00.000,BBG000BMDV41,0.009423624,0.014517884,1686879
20100317,14:45:00.000,GEN_EQ0010319800003000,-0.016877085,-0.024993708,3504524
20100317,14:45:00.000,BBG000BG14P4,0.00042945688,0.009870765,971518
20100317,14:45:00.000,BBG000GC80B4,,,2201181
20100317,14:45:00.000,BBG000BB2DM7,-0.011166804,-0.00055045297,5443165
20100317,14:45:00.000,BBG000BWJFZ4,-0.011729742,-0.00994073,1741659
20100317,14:45:00.000,BBG000BHGDH5,-0.0016829219,0.0012034806,4531765
20100317,14:45:00.000,BBG000BZ2GG4,-0.0032813312,0.007838283,2389660
20100317,14:45:00.000,BBG000D898T9,0.0036054344,0.00793326,1812418
20100317,14:45:00.000,BBG000BMF5J0,-0.0048906114,0.0030926487,1918334
20100317,14:45:00.000,BBG000BKLH74,-0.0049347584,-0.006441601,4488288
20100317,14:45:00.000,BBG000BGPTV6,-0.012871823,-0.0016461676,2150511
20100317,14:45:00.000,BBG000BH3GZ2,0.012855558,0.024976538,3927356
20100317,14:45:00.000,BBG000BVWLJ6,-0.0135452105,-0.00509973,2219632
20100317,14:45:00.000,BBG000C496P7,-0.026400173,-0.017609548,6430724
20100317,14:45:00.000,BBG000JG0547,0.0051525543,0.011415459,1843457
20100317,14:45:00.000,BBG000DYGNW7,0.018405708,0.021774268,1639946
20100317,14:45:00.000,BBG000BNJHS8,-0.0010885482,-0.007590305,5397270
20100317,14:45:00.000,BBG000BPQD31,0.0020460526,0.0049808747,2007685
20100317,14:45:00.000,BBG000BT9DW0,0.0024368714,0.0048162993,2131056
20100317,14:45:00.000,BBG000BB2KW0,-0.012477278,-0.01314193,830127
20100317,14:45:00.000,BBG000BK67C7,0.013275168,0.015665207,1236355
20100317,14:45:00.000,BBG000DHSPT0,-0.0074332934,-0.0036724177,1330724
20100317,14:45:00.000,BBG000BFMBQ6,-0.001662318,-0.0038606497,1328799
20100317,14:45:00.000,BBG000B9WJ73,-0.002226445,0.015760647,6484240
20100317,14:45:00.000,BBG000FVXD63,-0.008607184,0.0026684918,2034377
20100317,14:45:00.000,BBG000B9XYV2,-0.003872436,-0.001466894,2277851
20100317,14:45:00.000,BBG000BMBL90,0.0077767,0.014183197,3007177
20100317,14:45:00.000,BBG000BB1TH9,-0.0014229951,0.011880966,1194564
20100317,14:45:00.000,BBG000BVMGF2,-0.0062304377,0.008060573,4151670
20100317,14:45:00.000,BBG000BSD7C2,-0.003257263,-8.8553454e-05,1030338
20100317,14:45:00.000,BBG000J5Q6L2,-0.02552697,-0.004225699,6094286
20100317,14:45:00.000,BBG000BC4JJ4,-0.005557967,-0.0012685847,1187773
20100317,14:45:00.000,BBG000BM5SR2,0.034342807,0.06902067,10929019
20100317,14:45:00.000,BBG000BJPDZ1,0.0020924525,0.0019545066,290747
20100317,14:45:00.000,BBG000BZTW70,-0.01230152,-0.010208511,4315013
20100317,14:45:00.000,BBG000C5HS04,0.003716486,0.008168115,1776016
20100317,14:45:00.000,BBG000M65M61,-0.026539031,-0.029725315,8884450
20100317,14:45:00.000,BBG000BY29C7,0.003607849,0.012426036,1441720
20100317,14:45:00.000,BBG000BB6WG8,0.006276512,0.015047881,3289118
20100317,14:45:00.000,GEN_EQ0010172300001000,-0.006009508,-0.0054085497,888710
20100317,14:45:00.000,BBG000C2BXK4,-0.0018839452,0.010581341,24996816
20100317,14:45:00.000,BBG000BBBNC6,-0.0032482909,0.020010835,1616689
20100317,14:45:00.000,BBG000PM7GJ0,0.021130722,0.037252467,3105557
20100317,14:45:00.000,BBG000Q3JN03,0.004670452,0.023983996,19695932
20100317,14:45:00.000,BBG000C0LW92,-0.029422011,-0.022582738,51257760
20100317,14:45:00.000,BBG000BF1R66,0.007621043,0.016279623,1626379
20100317,14:45:00.000,BBG000NSQ9M0,-0.009727795,0.000979329,7255565
20100317,14:45:00.000,BBG000FQ6PY6,-0.038729317,-0.034225833,11681743
20100317,14:45:00.000,BBG000BWVCP8,-0.014680942,0.00043360598,4374558
20100317,14:45:00.000,BBG000BJSBJ0,-0.0016411517,0.0034465622,1175480
20100317,14:45:00.000,BBG000BLM0V1,,,1076998
20100317,14:45:00.000,BBG000BMY992,8.152818e-05,0.0071766386,4477010
20100317,14:45:00.000,BBG000BVDLH9,0.007615569,0.009897697,2081524
20100317,14:45:00.000,BBG000C0F570,0.0010569624,0.016335787,3678262
20100317,14:45:00.000,BBG000BBQCY0,0.01647971,0.029834874,17627312
20100317,14:45:00.000,GEN_EQ0000000001064567,-0.002576977,0.011509567,1307273
20100317,14:45:00.000,BBG000BKCFC2,-0.005850125,-0.0031387103,1114370
20100317,14:45:00.000,BBG000CGQ6M4,0.012459919,0.013964645,1187009
20100317,14:45:00.000,BBG000C17X76,-0.0047404966,-0.0043525957,1112306
20100317,14:45:00.000,BBG000DTMH63,,,2666976
20100317,14:45:00.000,BBG000R7Z112,0.0020468011,-5.7513734e-07,6193042
20100317,14:45:00.000,BBG000BBMSJ6,-0.007539251,0.007869726,4745258
20100317,14:45:00.000,BBG000BY33P5,0.0016679101,0.008558717,2997783
20100317,14:45:00.000,BBG000BV8DN6,0.0018695802,0.00081012794,1778768
20100317,14:45:00.000,GEN_EQ0010135600001000,0.0050189486,0.016679976,4285638
20100317,14:45:00.000,BBG000JN8R00,-0.0033175019,0.010903164,1300726
20100317,14:45:00.000,BBG000K14Q84,-0.01823689,-0.0028544075,1713000
20100317,14:45:00.000,BBG000BBDV81,-0.002358675,0.009756799,1299361
20100317,14:45:00.000,BBG000BMW2Z0,0.005055651,0.007272676,2003093
20100317,14:45:00.000,BBG000DLVDK3,4.553555e-05,0.009196254,1991815
20100317,14:45:00.000,BBG000CKVSG8,-0.0035308043,0.01190319,3230451
20100317,14:45:00.000,BBG000G0Z878,0.035399918,0.055055857,16888154
20100317,14:45:00.000,BBG000BGJRC8,-0.0024340975,-0.0038775492,1474281
20100317,14:45:00.000,BBG000BL8GJ6,-0.015756946,-0.0014947923,5980475
20100317,14:45:00.000,BBG000HCJMF9,-0.0026670166,0.017088354,2254414
20100317,14:45:00.000,BBG000BB6KF5,-0.0014886088,0.013121211,3896542
20100317,14:45:00.000,BBG000BYYLS8,0.003134948,0.014880371,4750457
20100317,14:45:00.000,BBG000FJLFX8,-0.004656495,-0.0056294077,2698111
20100317,14:45:00.000,BBG000D9D830,-0.00044669432,0.00904608,3563510
20100317,14:45:00.000,BBG000BHX7N2,-0.0018513225,0.0047225673,1600560
20100317,14:45:00.000,BBG000CTQBF3,-0.0018525589,0.013456349,7057573
20100317,14:45:00.000,BBG000BBD070,0.006962468,0.021483647,1881961
20100317,14:45:00.000,BBG000BH2JM1,-0.018615745,-0.011577653,10479328
20100317,14:45:00.000,BBG000CS7CT9,-0.00040024513,0.003180839,2184523
20100317,14:45:00.000,BBG000BFL116,-0.012724121,-0.004856628,769172
20100317,14:45:00.000,BBG000BFC8J2,0.025878828,0.025070073,2547552
20100317,14:45:00.000,BBG000C15T95,-0.007445992,-0.0070242984,875878
20100317,14:45:00.000,BBG000FP1N32,-0.00962314,-0.00045161168,2681916
20100317,14:45:00.000,BBG000JWD753,-0.017940663,-0.0074800095,29346992
20100317,14:45:00.000,BBG000BWNFZ9,0.011830775,0.021769723,4800143
20100317,14:45:00.000,BBG000BSLZY7,-0.009031606,0.0043326197,8813044
20100317,14:45:00.000,BBG000BCBCM7,-0.0028690828,-0.0029602067,5088851
20100317,14:45:00.000,BBG000BBGGQ1,-0.0030729664,0.007780579,7543058
20100317,14:45:00.000,BBG000BCWCG1,-0.002168962,0.009353682,3132457
20100317,14:45:00.000,BBG000BLBVN4,0.00040248845,0.0070332726,639097
20100317,14:45:00.000,BBG000C46HM9,-0.010845203,-0.006462104,5075658
20100317,14:45:00.000,BBG000BTKGG8,0.0128902,0.030341305,4794886
20100317,14:45:00.000,GEN_EQ0010059600001000,0.045147803,0.063383445,8401949
20100317,14:45:00.000,BBG000C8H633,0.004679109,0.01799513,4246100
20100317,14:45:00.000,BBG000BTR593,0.005058473,0.012680249,3867294
20100317,14:45:00.000,GEN_EQ0000000000158587,0.0036636698,0.007649876,1529053
20100317,14:45:00.000,BBG000F6H8W8,-0.0016823978,0.0064859185,1832555
20100317,14:45:00.000,BBG000BFQYY3,-0.0041621868,-0.0026595949,1767066
20100317,14:45:00.000,BBG000BNBDC2,-0.00050577335,-0.001104441,4164076
20100317,14:45:00.000,BBG000BSJTT0,0.0021146198,0.01637983,3599969
20100317,14:45:00.000,BBG000BJL3N0,0.00656766,0.021601912,10155003
20100317,14:45:00.000,BBG000BYWTX7,-0.007944167,0.006859868,11279400
20100317,14:45:00.000,BBG000BD8PN9,0.0018811631,0.013559755,4079066
20100317,14:45:00.000,BBG000BHLYP4,-0.0056007328,0.006951348,208387
20100317,14:45:00.000,BBG000C1BW00,0.0031659745,0.005142652,1863752
20100317,14:45:00.000,BBG000J6XT05,-0.0053480556,0.0019844226,2287026
20100317,14:45:00.000,BBG000BJX8C8,0.0022065763,0.017571483,2894996
20100317,14:45:00.000,BBG000BCVJ77,0.0049437997,0.0038741324,1664168
20100317,14:45:00.000,BBG000BZ9223,-0.009738474,-0.003625631,1795858
20100317,14:45:00.000,BBG000H556T9,-0.011136001,-0.005117256,3413492
20100317,14:45:00.000,BBG000BJF1Z8,0.009615732,0.015399091,3033119
20100317,14:45:00.000,BBG000BB5006,0.008223685,0.015422657,6470474
20100317,14:45:00.000,BBG000F0KF42,,,9174826
20100317,14:45:00.000,BBG000BKFBD7,0.009832542,0.028732704,3575874
20100317,14:45:00.000,BBG000BFDXW1,-0.009678919,0.0031348206,2700781
20100317,14:45:00.000,BBG000BW3299,0.0032388647,-0.0007498508,3032972
20100317,14:45:00.000,BBG000F0PF65,0.00024897154,0.006116931,3642951
20100317,14:45:00.000,BBG000BNWG87,-0.0058253407,-0.0050992654,4086141
20100317,14:45:00.000,BBG000BH13K9,0.009414522,0.0158667,4281161
20100317,14:45:00.000,BBG000BH1NH9,0.0042837374,0.0143336775,2639892
20100317,14:45:00.000,BBG000DY8ZS4,-0.012603838,0.0011455131,10350467
20100317,14:45:00.000,BBG000BP8Z50,-0.022614764,-0.012204058,16746647
20100317,14:45:00.000,BBG000BJ81C1,-0.0020246776,0.0041613546,3170878
20100317,14:45:00.000,BBG000BBVJZ8,-0.012010543,-0.0051661,6059150
20100317,14:45:00.000,BBG000BQ8KV2,-0.020701317,-0.013126136,5127678
20100317,14:45:00.000,BBG000BGKTF9,-0.018191231,0.0014863329,3669860
20100317,14:45:00.000,BBG000BFRF55,-0.009810222,0.0023402262,3839362
20100317,14:45:00.000,BBG000BRK7L6,0.018122261,0.031062977,9596984
20100317,14:45:00.000,BBG000BWLMJ4,-0.005432907,0.00376691,3600545
20100317,14:45:00.000,BBG000BD4VG8,0.00596065,0.019794384,2857412
20100317,14:45:00.000,BBG000FW00S1,0.011887462,0.028070845,5897530
20100317,14:45:00.000,BBG000BBJQV0,0.007863529,0.024218231,12552622
20100317,14:45:00.000,BBG000C5Z1S3,0.0035565645,0.02349477,20466192
20100317,14:45:00.000,BBG000BC40Y8,0.011710121,0.021294024,3297926
20100317,14:45:00.000,BBG000DWYF03,-0.0046715057,-4.944639e-07,11540250
20100317,14:45:00.000,BBG000BRD0D8,0.00865449,0.02270559,3762335
20100317,14:45:00.000,BBG000H8TVT2,-0.005777844,-0.0043040854,1936614
20100317,14:45:00.000,BBG000BP6LJ8,-0.0004077554,-0.0004921449,7504612
20100317,14:45:00.000,BBG000BKFZM4,0.018410742,0.02488531,15018014
20100317,14:45:00.000,BBG000BHBK84,-0.0071083545,0.0006551434,6194114
20100317,14:45:00.000,BBG000FG3C43,-0.0217926,-0.0116652455,5241046
20100317,14:45:00.000,BBG000BH23R1,0.015298282,0.026545795,25249968
20100317,14:45:00.000,BBG000F1ZSQ2,-0.017501876,-0.0074541233,719154
20100317,14:45:00.000,BBG000GFFQN9,-0.0029543145,0.009776489,10273186
20100317,14:45:00.000,BBG000BNDN65,-0.0007167208,0.008387922,8040831
20100317,14:45:00.000,BBG000C43RR5,0.0012031246,0.011943043,11854712
20100317,14:45:00.000,BBG000BP52R2,0.00056138926,0.007041427,2673488
20100317,14:45:00.000,BBG000BBPFB9,-0.0009918212,0.012846261,20683424
20100317,14:45:00.000,BBG000BC2C10,0.007561556,0.015249506,1655777
20100317,14:45:00.000,BBG000BFT2L4,0.0042630616,0.004570595,10207743
20100317,14:45:00.000,BBG000L9CV04,0.0031440486,0.007606688,3713864
20100317,14:45:00.000,BBG000FL1TC8,-0.0079822,-0.009656704,4652020
20100317,14:45:00.000,BBG000FFDM15,-0.0058353683,0.0076611615,7583272
20100317,14:45:00.000,BBG000BH4R78,-0.001977775,-0.0017784339,5037200
20100317,14:45:00.000,BBG000B9ZXB4,0.00017268013,-0.003291304,4890622
20100317,14:45:00.000,BBG000BGRY34,0.006079763,0.010874624,4887383
20100317,14:45:00.000,BBG000G2R6M0,-0.0063178735,0.002746106,5959029
20100317,14:45:00.000,BBG000BCSST7,0.0064967414,0.00770986,4192892
20100317,14:45:00.000,BBG000BVV7G1,-0.0073978505,0.0072984253,8611985
20100317,14:45:00.000,BBG000BW8S60,-0.0038744968,-0.0024856515,2644420
20100317,14:45:00.000,BBG000BL4504,-0.021896081,-0.011017482,11128980
20100317,14:45:00.000,BBG000DQLV23,0.00064498925,-0.0026933106,9154542
20100317,14:45:00.000,BBG000BBS2Y0,-6.441212e-05,-0.002872135,3272962
20100317,14:45:00.000,BBG000BHVJJ3,-0.008369721,-0.002662468,15698931
20100317,14:45:00.000,BBG000J2XL74,0.0062713083,0.009952027,3458880
20100317,14:45:00.000,BBG000CH5208,-0.010762786,-0.0124000395,7753914
20100317,14:45:00.000,BBG000BCQZS4,-0.006969679,0.0046453453,5620941
20100317,14:45:00.000,BBG000BFWKC0,0.009899938,0.007633598,5955001
20100317,14:45:00.000,BBG000BCG930,0.00070218876,-0.0036319136,4454692
20100317,14:45:00.000,BBG000PSKYX7,-0.0063859117,0.0014190685,2399995
20100317,14:45:00.000,BBG000BPWXK1,-0.0060833385,0.0034085647,4405469
20100317,14:45:00.000,BBG000BWXBC2,-0.0026404618,-0.00035626514,8978271
20100317,14:45:00.000,BBG000BQQ2S6,0.008974577,0.015056643,3102913
20100317,14:45:00.000,BBG000BH5LT6,-0.0035390786,-0.007698815,4098821
20100317,14:45:00.000,BBG000DWG505,0.0033501447,0.0020668574,2762746
20100317,14:45:00.000,BBG000BF0K17,0.0057087103,0.015473742,4835039
20100317,14:45:00.000,BBG000BKTFN2,0.018641768,0.029323477,10747325
20100317,14:45:00.000,BBG000BB07P9,-6.26964e-05,0.007238261,6675949
20100317,14:45:00.000,BBG000BNSZP1,-0.003342232,0.0046957047,3377291
20100317,14:45:00.000,BBG000BKZB36,-0.006877672,0.00061447,8899531
20100317,14:45:00.000,BBG000CKGBP2,-0.006626485,-0.010110323,4993798
20100317,14:45:00.000,BBG000DH7JK6,0.0014267789,0.0031785832,3943960
20100317,14:45:00.000,BBG000D4LWF6,-0.0009844444,0.0010100239,7374363
20100317,14:45:00.000,BBG000BQQH30,0.01119578,0.017629834,7768953
20100317,14:45:00.000,BBG000B9WH86,0.044942196,0.060164787,60730384
20100317,14:45:00.000,BBG000BQLTW7,0.008654258,0.0111051295,22433992
20100317,14:45:00.000,BBG000HS77T5,0.0069957473,0.009353571,10316037
20100317,14:45:00.000,GEN_EQ0011904200001000,0.0091033615,0.015190789,14671040
20100317,14:45:00.000,BBG000BLZRJ2,-0.009054361,0.004290397,10282882
20100317,14:45:00.000,BBG000BMX289,0.0028746682,0.00409633,6543766
20100317,14:45:00.000,BBG000BPD168,0.002663202,-0.0015813655,7091783
20100317,14:45:00.000,BBG000BT41Q8,0.0067818537,0.017164586,8572623
20100317,14:45:00.000,BBG000BMHYD1,0.00494015,0.0026362191,5693865
20100317,14:45:00.000,BBG000BR2TH3,0.0052211843,0.006137843,5639734
20100317,14:45:00.000,BBG000KHWT55,-0.0019415385,0.0040103756,9058690
20100317,14:45:00.000,BBG000BTZQC4,-0.007595275,-0.008752865,5266632
20100317,14:45:00.000,BBG000BSJK37,0.0033587643,0.0038680588,12808412
20100317,14:45:00.000,BBG000BLNNH6,-0.0066920393,-0.0017490926,3595895
20100317,14:45:00.000,BBG000K4ND22,0.003979491,0.011893325,7408846
20100317,14:45:00.000,BBG000BX3TD3,-0.019085025,-0.006475921,10298750
20100317,14:45:00.000,BBG000CR90K4,-0.0041582687,-0.0047922675,5717447
20100317,14:45:00.000,BBG000BVPV84,-0.00032478894,0.00201051,2744946
20100317,14:45:00.000,BBG000CGC1X8,-0.009090602,-0.0053866506,16902496
20100317,14:45:00.000,BBG000BR2B91,-0.0034132514,-0.004054074,37591752
20100317,14:45:00.000,BBG000BQPC32,0.036737893,0.037078008,91279864
20100317,14:45:00.000,BBG000BK6MB5,-0.006315511,0.0038733196,119142104
20100317,14:45:00.000,BBG000C3J3C9,0.0040960787,0.0061168117,23514832
20100317,14:45:00.000,BBG000C0G1D1,-0.0013168425,0.0095426105,58241700
20100317,14:45:00.000,BBG000BWQFY7,-0.00241245,0.008255093,22331618
20100317,14:45:00.000,BBG000BJDB15,-0.009904523,0.0007298608,7728442
20100317,14:45:00.000,BBG000BPH459,0.004444932,0.00885032,37978440
20100317,14:45:00.000,BBG000C6CFJ5,-0.004039538,0.004173623,5726185
20100317,14:45:00.000,BBG000DMBXR2,0.004838027,0.015966587,24261220
20100317,14:45:00.000,BBG000BHSKN9,-0.005761036,0.00231773,1807593
20100317,14:45:00.000,BBG000GZQ728,0.0037553115,0.014709208,24275740
20100317,14:45:00.000,BBG000BCTLF6,-0.002375517,0.01290747,88938528
20100317,14:45:00.000,BBG000B9XRY4,-0.0036099923,-0.0008020759,9804665
20100317,15:00:00.000,GEN_EQ0021071400001000,-0.023901423,-0.015023696,2266364
20100317,15:00:00.000,GEN_EQ0096849600001000,-0.016327064,0.0043737013,936999
20100317,15:00:00.000,BBG000BJ49H3,-0.015195601,-0.008736234,892274
20100317,15:00:00.000,BBG000BMFD58,-0.010720174,-0.0026604158,6742445
20100317,15:00:00.000,BBG000BFVXX0,-0.0048317886,-1.7807348e-07,1476328
20100317,15:00:00.000,BBG000CHWP52,0.0011771864,0.0052425964,833541
20100317,15:00:00.000,BBG000BT9T73,0.07631486,0.09286324,34930416
20100317,15:00:00.000,BBG000BCQ4P6,0.008851597,0.01644398,993770
20100317,15:00:00.000,BBG000BMLWX8,0.01076753,0.0074013365,2453669
20100317,15:00:00.000,BBG000BP7JB0,-0.0066879163,0.0026368708,3168574
20100317,15:00:00.000,BBG000BNW1S8,-0.014351259,-0.0021389325,1047801
20100317,15:00:00.000,BBG000MQ1SN9,0.004639884,0.009174308,764722
20100317,15:00:00.000,BBG000BVB8Q0,-0.016905783,-0.009828081,1597769
20100317,15:00:00.000,BBG000BSC0K9,-0.0074456953,-0.0043178597,521510
20100317,15:00:00.000,BBG000C7LMS8,0.012512424,0.02127366,476976
20100317,15:00:00.000,BBG000BB5792,0.010838805,0.017852142,1932407
20100317,15:00:00.000,BBG000BFDLV8,0.015453591,0.021265645,446350
20100317,15:00:00.000,BBG000BTLMX5,0.001744702,0.008546273,736694
20100317,15:00:00.000,BBG000CQB185,0.012766366,0.018194329,1352289
20100317,15:00:00.000,BBG000BKVJK4,0.004954783,0.007796784,869692
20100317,15:00:00.000,BBG000BQC9V2,0.012848051,0.018704327,4419603
20100317,15:00:00.000,BBG000CC53X1,0.015436879,0.022577891,893341
20100317,15:00:00.000,BBG000C45984,-0.0042121382,0.00039716795,1183413
20100317,15:00:00.000,BBG000BJNGN9,0.00046124044,0.008477184,2015247
20100317,15:00:00.000,BBG000FQRVM3,0.0012715161,0.003994227,576621
20100317,15:00:00.000,BBG000D2M0Z7,-0.008454992,-0.0013761142,442559
20100317,15:00:00.000,BBG000K82ZT8,-0.012420373,-0.007386311,1002327
20100317,15:00:00.000,BBG000BF5RY1,-0.0027048201,-0.0025618132,5720383
20100317,15:00:00.000,BBG000BNMHS4,0.002755665,0.011872977,732431
20100317,15:00:00.000,BBG000CPHYL4,-0.006375148,-0.001747028,7121945
20100317,15:00:00.000,GEN_EQ0000000000852052,-0.0009868172,0.013240505,1026331
20100317,15:00:00.000,BBG000BCHG15,0.016665252,0.023547433,605091
20100317,15:00:00.000,BBG000BNNKG9,0.0109110605,0.01893551,2267511
20100317,15:00:00.000,BBG000DR22B6,-0.019808,-0.011875275,2042542
20100317,15:00:00.000,BBG000BHK836,-0.011360855,-0.0029864176,1356851
20100317,15:00:00.000,BBG000BV4DR6,0.011045974,0.027294515,4175934
20100317,15:00:00.000,BBG000BC9938,-0.017530117,-0.009992587,1192687
20100317,15:00:00.000,BBG000DSMS70,-0.009596362,-0.009096619,489958
20100317,15:00:00.000,BBG000BWCKB6,-0.0005511083,0.005259137,517076
20100317,15:00:00.000,BBG000BP5YT0,-0.011817804,0.0026088934,4459071
20100317,15:00:00.000,BBG000BGYWY6,0.0046687904,0.015936539,1222778
20100317,15:00:00.000,GEN_EQ0010580600001000,0.006185747,0.017352562,1558552
20100317,15:00:00.000,BBG000BFJ645,0.016655067,0.01809111,3153328
20100317,15:00:00.000,BBG000PV2L86,0.0045269304,0.0049874606,1837709
20100317,15:00:00.000,BBG000BXBHJ4,-0.011889548,-0.005340266,842119
20100317,15:00:00.000,BBG000BB29X4,-0.0021440194,0.0014243599,845956
20100317,15:00:00.000,BBG000BBBP59,0.0008489062,0.0061205677,408685
20100317,15:00:00.000,BBG000BVHBM1,0.0026163557,-0.0019575353,1958962
20100317,15:00:00.000,BBG000BWGYF8,0.027983094,0.062997304,3340465
20100317,15:00:00.000,BBG000BBL8V7,0.014807609,0.024658857,2423372
20100317,15:00:00.000,BBG000BPNP00,-0.0077719907,0.008738098,983452
20100317,15:00:00.000,BBG000RGM5P1,,,1509106
20100317,15:00:00.000,BBG000FKYVH4,0.0050468585,0.011234749,921782
20100317,15:00:00.000,BBG000BGXZB5,0.0027762086,0.0005274668,3337117
20100317,15:00:00.000,BBG000BTQ9G8,-0.0016903968,0.0040378184,1910629
20100317,15:00:00.000,BBG000BCTQ65,0.0054140682,0.0075135,1200673
20100317,15:00:00.000,BBG000BK2F42,0.006889382,0.016160125,2026780
20100317,15:00:00.000,BBG000F7RCJ1,-0.0060735103,0.004727105,729987
20100317,15:00:00.000,BBG000C2YHG9,-0.009873483,-0.010211907,1350642
20100317,15:00:00.000,BBG000BRJL00,-0.00083945086,0.0058803414,1497069
20100317,15:00:00.000,BBG000BQT4L6,-0.008280197,0.0006428829,2819378
20100317,15:00:00.000,BBG000FDBX90,-0.0021603035,0.0006915711,1414728
20100317,15:00:00.000,BBG000BKR1D6,-0.004462163,0.0056603677,338794
20100317,15:00:00.000,GEN_EQ0010003600001000,-0.0014641745,0.005091959,1294816
20100317,15:00:00.000,BBG000BPXVJ6,-0.005449263,-0.0031178673,2021993
20100317,15:00:00.000,BBG000BN84F3,0.0044934107,0.00974192,868384
20100317,15:00:00.000,BBG000DSZTN6,0.010806529,0.02119794,1526830
20100317,15:00:00.000,BBG000BBCDZ2,-0.0074833925,-0.00027177084,577871
20100317,15:00:00.000,BBG000PQ6YJ3,-0.012412527,-0.0041835443,278148
20100317,15:00:00.000,BBG000HQ7GC7,-0.016737435,-0.0031787495,1590968
20100317,15:00:00.000,BBG000BC15S7,-0.0029014866,0.0020301868,821061
20100317,15:00:00.000,BBG000PX3XC0,-0.00041224784,0.011150238,512938
20100317,15:00:00.000,BBG000BSXQV7,0.0056855977,0.014527151,660822
20100317,15:00:00.000,BBG000BP1Q11,0.008371563,0.010608224,812991
20100317,15:00:00.000,GEN_EQ0010206100001000,-0.013537767,-0.016604617,5090614
20100317,15:00:00.000,BBG000C3GN47,0.0054934327,0.013849605,995445
20100317,15:00:00.000,BBG000BN7277,0.0010202129,0.007365044,1906731
20100317,15:00:00.000,BBG000C3NTN5,-0.0035815106,-0.0041718693,2083957
20100317,15:00:00.000,BBG000DWB323,-0.0010259784,0.010796279,2604808
20100317,15:00:00.000,BBG000BR1W32,-0.0050456594,0.0060928413,1060585
20100317,15:00:00.000,BBG000BF2KK4,-0.0037612366,0.0023238286,1243357
20100317,15:00:00.000,BBG000BNBPQ0,0.010909634,0.027985308,1955968
20100317,15:00:00.000,BBG000BWXL85,0.0005338316,0.004739932,1377559
20100317,15:00:00.000,GEN_EQ0010624300001000,0.005651323,0.00065802224,1503408
20100317,15:00:00.000,BBG000JBN3X6,-0.0039086156,-0.016763821,4627607
20100317,15:00:00.000,BBG000BFNR17,0.001074596,0.011863548,1297155
20100317,15:00:00.000,BBG000CXYSZ6,0.030156678,0.031182444,954769
20100317,15:00:00.000,BBG000FV1Z23,-0.015866442,-0.015069825,1942062
20100317,15:00:00.000,GEN_EQ0010548100001000,0.03375289,0.04884117,7641178
20100317,15:00:00.000,GEN_EQ0010141600001000,0.00028362186,0.010739936,1833728
20100317,15:00:00.000,BBG000BW2QX0,-0.003925584,0.0070255967,3689084
20100317,15:00:00.000,BBG000C1S2X2,-0.01900544,-0.024477204,1084204
20100317,15:00:00.000,BBG000BVXPZ8,0.008375065,0.016631823,3228508
20100317,15:00:00.000,BBG000B9ZV28,0.004121516,0.01307613,358595
20100317,15:00:00.000,BBG000CPQZ77,-0.009777776,-2.999711e-07,1264838
20100317,15:00:00.000,BBG000BGD7W6,-0.009975985,-0.007993473,2178774
20100317,15:00:00.000,GEN_EQ0010168800001000,-0.011435168,-0.007797116,17976666
20100317,15:00:00.000,BBG000D9KWL9,0.0005104478,0.011729422,368988
20100317,15:00:00.000,BBG000BR37X2,0.016443133,0.024756178,5465446
20100317,15:00:00.000,BBG000BR54L0,0.0017700533,0.0043872464,3775145
20100317,15:00:00.000,BBG000BLHRS2,-0.012025941,-0.007471525,1228311
20100317,15:00:00.000,BBG000BX3BL3,-0.009196128,0.012761345,868265
20100317,15:00:00.000,BBG000BL5W86,0.0082793785,0.024369074,8057752
20100317,15:00:00.000,BBG000BJKPG0,0.006567238,0.01658891,1069551
20100317,15:00:00.000,BBG000BCYP43,0.0061038705,0.008531691,554949
20100317,15:00:00.000,BBG000MBDGM6,0.010972479,0.02477704,397518
20100317,15:00:00.000,BBG000CGT2S4,-0.011098134,-0.002482939,709860
20100317,15:00:00.000,BBG000BMFFQ0,0.0002114254,0.013186091,1272647
20100317,15:00:00.000,BBG000BWVSR1,-0.00021856646,0.0030971507,987871
20100317,15:00:00.000,BBG000FL0BC8,-0.027329566,-0.020202,2767076
20100317,15:00:00.000,BBG000F86GP6,-0.009756273,0.0003480072,692423
20100317,15:00:00.000,BBG000BHB3M6,0.0050877742,0.0125057,573880
20100317,15:00:00.000,BBG000BDWKC5,0.005070956,0.012700372,2601927
20100317,15:00:00.000,BBG000BJDPC2,0.017365137,0.01976528,1921105
20100317,15:00:00.000,BBG000BP4MH0,-0.005119587,0.00040853702,3572665
20100317,15:00:00.000,BBG000C9W1Y1,,,2838643
20100317,15:00:00.000,BBG000BKSL41,0.0020186247,0.01159889,4556393
20100317,15:00:00.000,BBG000CVWGS6,0.009384099,0.01289159,11854299
20100317,15:00:00.000,BBG000F80SZ5,0.014949564,0.025539447,6354889
20100317,15:00:00.000,BBG000DKCC19,-0.0005224479,0.0022641295,3202533
20100317,15:00:00.000,GEN_EQ0010091900001000,0.02227608,0.024573257,467921
20100317,15:00:00.000,BBG000BG7986,0.009793174,0.0049180225,1502514
20100317,15:00:00.000,BBG000D7RKJ5,0.004380758,0.009597802,1152190
20100317,15:00:00.000,BBG000KLB4Q1,0.01523658,0.029346365,3721180
20100317,15:00:00.000,BBG000DQTXY6,-0.012997381,-0.015332485,3415560
20100317,15:00:00.000,BBG000BFS7D3,0.009575869,0.012819225,1916957
20100317,15:00:00.000,BBG000BV75B7,-0.010204088,-0.014174077,1890493
20100317,15:00:00.000,BBG000C2PW58,0.046538733,0.058338504,681135
20100317,15:00:00.000,BBG000BKZTP3,-0.024335586,-0.0102388,2974833
20100317,15:00:00.000,BBG000CFJL87,0.0050643026,-0.00095881074,1643278
20100317,15:00:00.000,BBG000QY3XZ2,-0.003121058,0.007907133,2732770
20100317,15:00:00.000,BBG000BJ5GK2,-0.0045315297,0.0006663302,767923
20100317,15:00:00.000,BBG000Q0BPZ4,0.030805169,0.04271827,4363600
20100317,15:00:00.000,BBG000NSCNT7,0.017487908,0.03801047,4330380
20100317,15:00:00.000,GEN_EQ0010104800001000,0.0062242635,0.018299224,5870845
20100317,15:00:00.000,BBG000G8N9C6,5.8525042e-05,0.0010075823,1321253
20100317,15:00:00.000,BBG000BHKYH4,-0.012802012,-0.004575053,1192646
20100317,15:00:00.000,BBG000BK1FD3,-0.023439351,-0.01005968,2836073
20100317,15:00:00.000,BBG000BT4T69,-0.0018638932,0.002852558,5792407
20100317,15:00:00.000,GEN_EQ0011591100001000,0.0042941826,0.011025303,1832986
20100317,15:00:00.000,BBG000FFH4P5,-0.001368095,0.0039058088,447790
20100317,15:00:00.000,BBG000BGRKT6,0.009571094,0.010755896,742168
20100317,15:00:00.000,BBG000DN7P92,0.009921873,0.011908764,1276916
20100317,15:00:00.000,BBG000M4SW14,0.013957766,0.021856792,731043
20100317,15:00:00.000,BBG000BNGTQ7,0.00035315103,2.8994722e-07,2665819
20100317,15:00:00.000,BBG000BL79J3,-0.012251844,-0.011947538,2141079
20100317,15:00:00.000,BBG000BDG1Y1,-0.007833784,-0.001397246,1697461
20100317,15:00:00.000,BBG000D9DMK0,0.003973554,0.010332264,771057
20100317,15:00:00.000,BBG000BVPPM1,0.008324816,0.01937597,4697063
20100317,15:00:00.000,BBG000D3MB18,-0.00919102,-0.0034537201,2941159
20100317,15:00:00.000,BBG000DGPR66,0.014969474,0.0228175,928753
20100317,15:00:00.000,BBG000BLDV98,-0.0016202651,-0.004133673,2666635
20100317,15:00:00.000,BBG000C6F3T8,0.003192368,0.008277596,2910671
20100317,15:00:00.000,BBG000BS0ZF1,0.0028443683,0.0072485083,389270
20100317,15:00:00.000,BBG000DNTSP4,-0.0113356365,-0.0022274584,1259499
20100317,15:00:00.000,BBG000LL9LQ5,-0.0049412744,0.0033851862,2266112
20100317,15:00:00.000,GEN_EQ0140919900001000,0.003838368,0.0070977197,1151032
20100317,15:00:00.000,BBG000QRSL13,-0.009605291,0.001679388,7416205
20100317,15:00:00.000,BBG000BRJ809,0.014877032,0.019269157,757198
20100317,15:00:00.000,BBG000D1QCF1,-0.013063707,-0.00078900385,1026116
20100317,15:00:00.000,BBG000BLCPY4,0.011121362,0.008187274,1142892
20100317,15:00:00.000,BBG000CNWNL6,0.006005397,0.026242986,1957018
20100317,15:00:00.000,BBG000DV7MX4,-0.02174144,-0.004947657,11189982
20100317,15:00:00.000,BBG000BP1152,-0.021652903,-0.013788393,4774497
20100317,15:00:00.000,BBG000BHCP19,-0.009213741,0.007407766,2515972
20100317,15:00:00.000,BBG000BGKHZ3,-0.012185033,1.988156e-08,1148408
20100317,15:00:00.000,BBG000BMB7R1,0.0011364737,0.005168554,771996
20100317,15:00:00.000,BBG000BHLYS1,-0.0003035447,0.0013496799,1018347
20100317,15:00:00.000,BBG000BKWSR6,0.0319876,0.045330193,20276332
20100317,15:00:00.000,BBG000JN9BQ6,0.017396104,0.018660817,1074960
20100317,15:00:00.000,BBG000BRZBT3,0.002883429,0.00505439,2153830
20100317,15:00:00.000,BBG000FBK808,0.011394598,0.021012574,9775182
20100317,15:00:00.000,BBG000BXRPH1,-0.016166944,-0.006134148,1202869
20100317,15:00:00.000,BBG000BQSQ38,-0.0075258724,0.002786892,1673417
20100317,15:00:00.000,BBG000BVMPN3,0.010782838,0.022936286,1096921
20100317,15:00:00.000,BBG000BGFLL5,0.008129506,0.022203011,2565418
20100317,15:00:00.000,BBG000BJ98Z0,0.036528375,0.033296444,1487070
20100317,15:00:00.000,BBG000NDZ417,-0.0062585645,0.0023483974,1379350
20100317,15:00:00.000,BBG000BKPL53,-0.005211324,-0.002336557,1406208
20100317,15:00:00.000,BBG000BD0TF8,0.014117744,0.026218753,813756
20100317,15:00:00.000,BBG000BY2Y78,0.02177407,0.036042277,3972536
20100317,15:00:00.000,BBG000BPMH90,0.003591135,0.01554113,1240793
20100317,15:00:00.000,BBG000BBNYF6,0.012600239,0.02148708,1293741
20100317,15:00:00.000,BBG000FJRZ68,-0.007228167,-0.009844697,1514607
20100317,15:00:00.000,BBG000FKJRC5,0.0033691279,0.006538337,564291
20100317,15:00:00.000,BBG000CL9VN6,-0.0026606608,0.0023352169,459439
20100317,15:00:00.000,BBG000BK6G19,-0.0003744718,0.0059935907,861468
20100317,15:00:00.000,BBG000C23KJ3,-0.012683455,-0.0067376164,6403503
20100317,15:00:00.000,BBG000BB5BF6,0.0027896161,0.012367742,4119016
20100317,15:00:00.000,BBG000BK5DP1,0.014374217,0.021335822,2769754
20100317,15:00:00.000,BBG000BJVZF7,0.007547428,0.00780524,1239879
20100317,15:00:00.000,BBG000BN5HF7,-0.0074799997,-0.0035783674,3284734
20100317,15:00:00.000,BBG000BL9439,-0.0043650344,0.0010568283,1127417
20100317,15:00:00.000,BBG000BJQWD2,0.005053192,0.015790246,2561542
20100317,15:00:00.000,BBG000D8RG11,-0.0053673913,-0.00044322672,1897237
20100317,15:00:00.000,BBG000BS9489,0.0113736745,0.014531525,1182331
20100317,15:00:00.000,BBG000BH5DV1,-0.0069896476,-0.0033196965,2388157
20100317,15:00:00.000,BBG000BMKDM3,-0.0019856934,0.001419153,1458944
20100317,15:00:00.000,BBG000C75N77,0.0051424215,0.015781403,2600275
20100317,15:00:00.000,BBG000BKXFN7,-0.018807726,-0.01749124,4751281
20100317,15:00:00.000,BBG000BTCH57,0.0026685912,0.0063285273,1405257
20100317,15:00:00.000,BBG000BM7HL0,-0.002281653,0.008364197,2140725
20100317,15:00:00.000,BBG000BNFLM9,-0.007401683,0.0042952825,2271524
20100317,15:00:00.000,BBG000BBVCN6,0.0021279918,-0.0014410747,501118
20100317,15:00:00.000,BBG000LD9JQ8,-0.014196355,-0.009712557,2670048
20100317,15:00:00.000,BBG000MDCQC2,-0.009342673,-0.004231124,2169140
20100317,15:00:00.000,BBG000BLBXT4,-0.004957473,-0.0030598803,1962303
20100317,15:00:00.000,BBG000BDXGP9,0.002720722,0.0046867253,1947057
20100317,15:00:00.000,BBG000BR3KL6,0.009495348,0.013731766,1076644
20100317,15:00:00.000,BBG000BX9WL1,0.025225194,0.042352576,10018250
20100317,15:00:00.000,BBG000BQ74K1,0.0074493894,0.017439555,1105522
20100317,15:00:00.000,BBG000BWSV34,0.005520092,0.00834324,688099
20100317,15:00:00.000,BBG000BQZMH4,-0.007984681,-0.005141325,2523921
20100317,15:00:00.000,GEN_EQ0010066700001000,-0.0081046065,-0.007290781,1228871
20100317,15:00:00.000,BBG000BQVTF5,0.008688816,0.017251892,2324296
20100317,15:00:00.000,BBG000LC1FS4,0.012105564,0.019109357,1293075
20100317,15:00:00.000,GEN_EQ0010050500001000,-0.009158603,-6.8213595e-08,5865384
20100317,15:00:00.000,BBG000G3QLY3,0.012981126,0.01752368,1096763
20100317,15:00:00.000,BBG000QBR5J5,-0.020530771,-0.011115802,8177731
20100317,15:00:00.000,BBG000BTQR96,0.0106115425,0.013507153,1543094
20100317,15:00:00.000,GEN_EQ0012661800001000,-0.0118358815,-0.013553431,1486677
20100317,15:00:00.000,BBG000CKJ0P3,-0.003281154,-0.0037425347,676264
20100317,15:00:00.000,BBG000HGYNZ9,-0.004889735,-0.0016480868,3775927
20100317,15:00:00.000,BBG000BV7LP7,0.003298654,0.010389732,2408239
20100317,15:00:00.000,BBG000BBVK30,-0.0040958845,-0.014486238,8517719
20100317,15:00:00.000,BBG000BFXHL6,-0.01340913,-0.013811171,2792004
20100317,15:00:00.000,BBG000BGLRN3,0.005105911,0.008901698,1673385
20100317,15:00:00.000,BBG000C2V3D6,-0.0072698332,0.0014952819,1719449
20100317,15:00:00.000,BBG000BGVW60,0.01440908,0.015035767,4510764
20100317,15:00:00.000,BBG000BTVJ25,0.0052143326,0.013270791,2905235
20100317,15:00:00.000,GEN_EQ0010020500001000,0.0040308926,0.014781032,2548654
20100317,15:00:00.000,BBG000BHQ1H0,0.010425551,0.009214803,756214
20100317,15:00:00.000,BBG000BNC3Y9,0.03774514,0.054119866,7549703
20100317,15:00:00.000,BBG000BVVQQ8,-0.0064542796,0.0061098826,2198459
20100317,15:00:00.000,GEN_EQ0010281900001000,-0.0034399992,-0.0028242485,883494
20100317,15:00:00.000,BBG000C1FB75,-0.006273775,0.006073231,387177
20100317,15:00:00.000,BBG000BFTJ91,0.0064841886,0.0053945854,4613617
20100317,15:00:00.000,BBG000C1FQS9,-0.004019502,0.000374209,848611
20100317,15:00:00.000,BBG000BSBZH7,0.0018927119,-0.0012917436,1547142
20100317,15:00:00.000,BBG000F15NW9,-0.016825011,-0.017458595,3541887
20100317,15:00:00.000,BBG000BPT0C6,0.024286551,0.03174601,1689225
20100317,15:00:00.000,GEN_EQ0010145600001000,9.599236e-05,-0.0033596351,4796207
20100317,15:00:00.000,BBG000H89QJ6,0.0048681158,0.0046355966,1422633
20100317,15:00:00.000,BBG000BR14K5,0.0017221372,0.008590088,1504055
20100317,15:00:00.000,BBG000BP6L99,0.017411431,0.021562941,21499282
20100317,15:00:00.000,BBG000BQWPC5,0.00079508906,0.0015032812,1021489
20100317,15:00:00.000,BBG000BNNYW1,-0.00217675,0.0017302864,1394466
20100317,15:00:00.000,BBG000BJ3PD2,0.0009242491,0.004558728,802659
20100317,15:00:00.000,BBG000PVRDL2,0.023818735,0.030905316,6843985
20100317,15:00:00.000,BBG000C2ZCH8,-0.0009374945,-0.0019871965,1064371
20100317,15:00:00.000,BBG000TK7PB8,0.010400699,0.02461302,5695803
20100317,15:00:00.000,BBG000BB6M98,-0.0008133838,0.004005827,1509918
20100317,15:00:00.000,BBG000HW5GX3,0.0072990945,0.01337527,1136831
20100317,15:00:00.000,BBG000BLKK03,0.010142012,0.00891503,1477575
20100317,15:00:00.000,BBG000BCZYD3,0.0020310641,0.0024691925,523960
20100317,15:00:00.000,BBG000CSY9H9,-0.011994885,-0.003476204,1293625
20100317,15:00:00.000,BBG000BB9KF2,-0.0031316017,-0.00014369558,1116438
20100317,15:00:00.000,BBG000BMQPL1,0.018013163,0.031189386,14894649
20100317,15:00:00.000,BBG000BMTFR4,-0.0050764857,0.0094758645,2660704
20100317,15:00:00.000,BBG000H9G7X2,0.010909884,0.011268303,1328490
20100317,15:00:00.000,BBG000BCNYT9,0.007677899,0.011396067,1890211
20100317,15:00:00.000,BBG000C0MF34,-0.007968642,-0.0054938574,723219
20100317,15:00:00.000,BBG000BN2DC2,-0.010225408,-0.0034535655,906005
20100317,15:00:00.000,BBG000BN9WT5,-0.0027619563,0.012466193,4505163
20100317,15:00:00.000,BBG000BQ5DS5,0.0031224538,-0.0021767162,1249231
20100317,15:00:00.000,BBG000BCGY17,-0.0033037385,-0.0015585902,1170925
20100317,15:00:00.000,BBG000BB6G37,-0.001801555,0.012660366,2477234
20100317,15:00:00.000,BBG000CHPY97,-0.029912537,-0.023856118,4618750
20100317,15:00:00.000,BBG000TWC2V5,0.0057268683,0.0060683927,1383869
20100317,15:00:00.000,GEN_EQ0117562400001000,-0.0059967064,-0.0055707814,10092181
20100317,15:00:00.000,BBG000BP0KQ8,0.0034184838,0.012844993,4682871
20100317,15:00:00.000,BBG000BB5373,0.024108745,0.03581787,7327059
20100317,15:00:00.000,BBG000BM6788,-0.02091699,-0.017074648,2903806
20100317,15:00:00.000,BBG000BH3JF8,-0.0108484,-0.009359088,1887303
20100317,15:00:00.000,GEN_EQ0085215200001000,0.009960562,0.018652335,4724511
20100317,15:00:00.000,BBG000BQ2C28,0.001048007,0.0045634457,981904
20100317,15:00:00.000,BBG000BX5ZF5,-0.024625609,-0.017830575,13047103
20100317,15:00:00.000,BBG000BMDV41,0.009873587,0.012939791,1773963
20100317,15:00:00.000,GEN_EQ0010319800003000,-0.01703951,-0.029734002,3770530
20100317,15:00:00.000,BBG000BG14P4,0.00018567851,0.0066981125,1030884
20100317,15:00:00.000,BBG000GC80B4,,,2246770
20100317,15:00:00.000,BBG000BB2DM7,-0.009774105,-0.0016514974,5571459
20100317,15:00:00.000,BBG000BWJFZ4,-0.014733989,-0.014126377,1881761
20100317,15:00:00.000,BBG000BHGDH5,-0.00068571983,0.0006017041,4747804
20100317,15:00:00.000,BBG000BZ2GG4,-0.0029967586,0.0060205935,2458268
20100317,15:00:00.000,BBG000D898T9,0.0024615985,0.006233262,1921065
20100317,15:00:00.000,BBG000BMF5J0,-0.0042260457,0.0021160874,2036852
20100317,15:00:00.000,BBG000BKLH74,-0.003849298,-0.0068708644,4659361
20100317,15:00:00.000,BBG000BGPTV6,-0.0140646985,-0.006422632,2222406
20100317,15:00:00.000,BBG000BH3GZ2,0.0146776,0.025773624,4231111
20100317,15:00:00.000,BBG000BVWLJ6,-0.015477762,-0.008589345,2805557
20100317,15:00:00.000,BBG000C496P7,-0.021805927,-0.01625521,6590626
20100317,15:00:00.000,BBG000JG0547,0.005452426,0.01051132,1943766
20100317,15:00:00.000,BBG000DYGNW7,0.02061671,0.023078958,1811341
20100317,15:00:00.000,BBG000BNJHS8,-0.0023384166,-0.012144317,5658179
20100317,15:00:00.000,BBG000BPQD31,0.0010511645,0.0027169404,2099804
20100317,15:00:00.000,BBG000BT9DW0,0.0030540526,0.0039134,2225734
20100317,15:00:00.000,BBG000BB2KW0,-0.012265883,-0.014919955,881577
20100317,15:00:00.000,BBG000BK67C7,0.014154736,0.01410574,1358885
20100317,15:00:00.000,BBG000DHSPT0,-0.0070269606,-0.005268897,1402371
20100317,15:00:00.000,BBG000BFMBQ6,-0.00249768,-0.006005364,1372139
20100317,15:00:00.000,BBG000B9WJ73,-0.0027609286,0.011147834,6771225
20100317,15:00:00.000,BBG000FVXD63,-0.0058518844,0.0031623805,2121931
20100317,15:00:00.000,BBG000B9XYV2,-0.00527742,-0.005306125,2396190
20100317,15:00:00.000,BBG000BMBL90,0.0072781993,0.012000514,3160781
20100317,15:00:00.000,BBG000BB1TH9,-0.0009887023,0.009046917,1260387
20100317,15:00:00.000,BBG000BVMGF2,-0.005782806,0.00548115,4339949
20100317,15:00:00.000,BBG000BSD7C2,-0.0033479903,-0.0022882961,1081185
20100317,15:00:00.000,BBG000J5Q6L2,-0.027662419,-0.01146985,6382607
20100317,15:00:00.000,BBG000BC4JJ4,-0.0050579403,-0.0022036645,1226121
20100317,15:00:00.000,BBG000BM5SR2,0.029967712,0.060343724,11210074
20100317,15:00:00.000,BBG000BJPDZ1,0.0031208706,0.00097061665,298147
20100317,15:00:00.000,BBG000BZTW70,-0.010818272,-0.0111159785,4540476
20100317,15:00:00.000,BBG000C5HS04,0.0031477949,0.006392401,1870639
20100317,15:00:00.000,BBG000M65M61,-0.024723021,-0.032697827,9103642
20100317,15:00:00.000,BBG000BY29C7,0.0041681114,0.0111042755,1530727
20100317,15:00:00.000,BBG000BB6WG8,0.0068866364,0.01469794,3442144
20100317,15:00:00.000,GEN_EQ0010172300001000,-0.0066195084,-0.006978788,923533
20100317,15:00:00.000,BBG000C2BXK4,-0.0049217115,0.004069319,25453558
20100317,15:00:00.000,BBG000BBBNC6,-0.0044149,0.014612488,1740241
20100317,15:00:00.000,BBG000PM7GJ0,0.021455172,0.032875463,3225479
20100317,15:00:00.000,BBG000Q3JN03,0.0059949053,0.021319157,20242812
20100317,15:00:00.000,BBG000C0LW92,-0.029930968,-0.023994192,52915984
20100317,15:00:00.000,BBG000BF1R66,0.006484945,0.012684636,1809017
20100317,15:00:00.000,BBG000NSQ9M0,-0.009307621,-0.0009806029,7748665
20100317,15:00:00.000,BBG000FQ6PY6,-0.03864037,-0.036064688,11918196
20100317,15:00:00.000,BBG000BWVCP8,-0.011762366,1.1321229e-06,4648773
20100317,15:00:00.000,BBG000BJSBJ0,-0.001495471,0.0017754849,1248866
20100317,15:00:00.000,BBG000BLM0V1,,,1150152
20100317,15:00:00.000,BBG000BMY992,-0.0009998071,0.0049339267,4563052
20100317,15:00:00.000,BBG000BVDLH9,0.007595719,0.008282109,2144000
20100317,15:00:00.000,BBG000C0F570,0.0013690293,0.014479515,3824291
20100317,15:00:00.000,BBG000BBQCY0,0.018576955,0.028769452,18378056
20100317,15:00:00.000,GEN_EQ0000000001064567,-0.0009124636,0.008943095,1408396
20100317,15:00:00.000,BBG000BKCFC2,-0.0059280684,-0.0044352254,1165754
20100317,15:00:00.000,BBG000CGQ6M4,0.014720207,0.015143759,1318197
20100317,15:00:00.000,BBG000C17X76,-0.0051861824,-0.006361166,1172031
20100317,15:00:00.000,BBG000DTMH63,,,2779679
20100317,15:00:00.000,BBG000R7Z112,0.0036419374,-0.0023128039,6578621
20100317,15:00:00.000,BBG000BBMSJ6,-0.008137836,0.0047218683,4922488
20100317,15:00:00.000,BBG000BY33P5,0.0033109055,0.0072420444,3113989
20100317,15:00:00.000,BBG000BV8DN6,0.0015590112,-0.0010412863,1896773
20100317,15:00:00.000,GEN_EQ0010135600001000,0.0063940086,0.016003678,4493655
20100317,15:00:00.000,BBG000JN8R00,-0.008473325,0.00084303477,1417672
20100317,15:00:00.000,BBG000K14Q84,-0.018808804,-0.0078712385,1795100
20100317,15:00:00.000,BBG000BBDV81,-0.0018725261,0.008000514,1416857
20100317,15:00:00.000,BBG000BMW2Z0,0.0040637045,0.0059504732,2086694
20100317,15:00:00.000,BBG000DLVDK3,0.00053171755,0.0070226467,2055568
20100317,15:00:00.000,BBG000CKVSG8,-0.0066266083,0.0051305294,3368599
20100317,15:00:00.000,BBG000G0Z878,0.03557024,0.050284438,17547558
20100317,15:00:00.000,BBG000BGJRC8,-0.0024595268,-0.008531067,1586905
20100317,15:00:00.000,BBG000BL8GJ6,-0.01420007,-0.007048083,6205409
20100317,15:00:00.000,BBG000HCJMF9,-0.0047125537,0.009639551,2388830
20100317,15:00:00.000,BBG000BB6KF5,-0.002109605,0.007967296,4102381
20100317,15:00:00.000,BBG000BYYLS8,0.0032200303,0.010764416,5025919
20100317,15:00:00.000,BBG000FJLFX8,-0.0035057585,-0.005942089,2796222
20100317,15:00:00.000,BBG000D9D830,-0.0035108696,0.0045227967,3912913
20100317,15:00:00.000,BBG000BHX7N2,-0.0012442033,0.002874728,1709195
20100317,15:00:00.000,BBG000CTQBF3,-0.0020940588,0.011477226,7336158
20100317,15:00:00.000,BBG000BBD070,0.0062721716,0.018321948,1966116
20100317,15:00:00.000,BBG000BH2JM1,-0.017683571,-0.012156665,10693967
20100317,15:00:00.000,BBG000CS7CT9,-0.0008728032,0.0011811708,2268540
20100317,15:00:00.000,BBG000BFL116,-0.011636852,-0.006157758,824511
20100317,15:00:00.000,BBG000BFC8J2,0.026117897,0.023478359,2718832
20100317,15:00:00.000,BBG000C15T95,-0.008126103,-0.008679819,914799
20100317,15:00:00.000,BBG000FP1N32,-0.010365543,-0.004069192,2757219
20100317,15:00:00.000,BBG000JWD753,-0.020078147,-0.013463508,30186038
20100317,15:00:00.000,BBG000BWNFZ9,0.010381991,0.01710492,4943638
20100317,15:00:00.000,BBG000BSLZY7,-0.011034831,-0.0016244047,9839399
20100317,15:00:00.000,BBG000BCBCM7,-0.0015222458,-0.0021138322,5381916
20100317,15:00:00.000,BBG000BBGGQ1,-0.0032603506,0.0048630643,7816005
20100317,15:00:00.000,BBG000BCWCG1,-0.0021945783,0.0075840745,3333946
20100317,15:00:00.000,BBG000BLBVN4,0.00094650895,0.0058334805,649767
20100317,15:00:00.000,BBG000C46HM9,-0.011144986,-0.00877018,5231711
20100317,15:00:00.000,BBG000BTKGG8,0.010940874,0.02412667,5119230
20100317,15:00:00.000,GEN_EQ0010059600001000,0.0449093,0.05791085,8616358
20100317,15:00:00.000,BBG000C8H633,0.006508444,0.017048027,4454958
20100317,15:00:00.000,BBG000BTR593,0.0071591483,0.012210439,4079216
20100317,15:00:00.000,GEN_EQ0000000000158587,0.005218645,0.007884157,1650448
20100317,15:00:00.000,BBG000F6H8W8,-0.00089720584,0.0058292532,1924601
20100317,15:00:00.000,BBG000BFQYY3,-0.003557162,-0.0027186968,1839461
20100317,15:00:00.000,BBG000BNBDC2,-0.0006023107,-0.002209797,4367572
20100317,15:00:00.000,BBG000BSJTT0,0.004512049,0.014179615,3751047
20100317,15:00:00.000,BBG000BJL3N0,0.0061035375,0.016387861,10533815
20100317,15:00:00.000,BBG000BYWTX7,-0.010174257,0.001469119,11795153
20100317,15:00:00.000,BBG000BD8PN9,0.0018689183,0.009590926,4334960
20100317,15:00:00.000,BBG000BHLYP4,-0.0051217675,0.0034042767,228556
20100317,15:00:00.000,BBG000C1BW00,0.0018450957,0.0015955449,1928476
20100317,15:00:00.000,BBG000J6XT05,-0.006187702,-0.0011015122,2406368
20100317,15:00:00.000,BBG000BJX8C8,0.0021755716,0.014964142,2984605
20100317,15:00:00.000,BBG000BCVJ77,0.0054676183,0.0035298206,1729800
20100317,15:00:00.000,BBG000BZ9223,-0.010604035,-0.006733649,1884166
20100317,15:00:00.000,BBG000H556T9,-0.011345383,-0.008140897,3740885
20100317,15:00:00.000,BBG000BJF1Z8,0.0056463648,0.0072764307,3231813
20100317,15:00:00.000,BBG000BB5006,0.008005277,0.013423489,6638891
20100317,15:00:00.000,BBG000F0KF42,,,9582160
20100317,15:00:00.000,BBG000BKFBD7,0.00946866,0.023629658,3783281
20100317,15:00:00.000,BBG000BFDXW1,-0.0081698205,0.001940755,2875375
20100317,15:00:00.000,BBG000BW3299,0.0017837922,-0.006400658,3284066
20100317,15:00:00.000,BBG000F0PF65,0.0003754349,0.0041847927,3813342
20100317,15:00:00.000,BBG000BNWG87,-0.0059036873,-0.006651164,4216992
20100317,15:00:00.000,BBG000BH13K9,0.010334276,0.014753421,4517590
20100317,15:00:00.000,BBG000BH1NH9,0.0025844092,0.009075042,2798023
20100317,15:00:00.000,BBG000DY8ZS4,-0.012432954,-0.00057315646,10812612
20100317,15:00:00.000,BBG000BP8Z50,-0.02385107,-0.016271824,17227858
20100317,15:00:00.000,BBG000BJ81C1,-0.0013574023,0.0020804154,3415010
20100317,15:00:00.000,BBG000BBVJZ8,-0.011186921,-0.006346705,6324339
20100317,15:00:00.000,BBG000BQ8KV2,-0.020849157,-0.017899485,5432770
20100317,15:00:00.000,BBG000BGKTF9,-0.019408531,-0.0052009895,3976869
20100317,15:00:00.000,BBG000BFRF55,-0.0125266025,-0.007924617,4194911
20100317,15:00:00.000,BBG000BRK7L6,0.020042622,0.030415723,9894764
20100317,15:00:00.000,BBG000BWLMJ4,-0.0062624672,0.0014491872,3810492
20100317,15:00:00.000,BBG000BD4VG8,0.0052895886,0.016854662,3007193
20100317,15:00:00.000,BBG000FW00S1,0.0139473695,0.025817057,6186947
20100317,15:00:00.000,BBG000BBJQV0,0.0056122295,0.018585948,12941071
20100317,15:00:00.000,BBG000C5Z1S3,0.007508538,0.023494828,21281118
20100317,15:00:00.000,BBG000BC40Y8,0.010177293,0.017536236,3572238
20100317,15:00:00.000,BBG000DWYF03,-0.002747375,-0.0007133975,11933811
20100317,15:00:00.000,BBG000BRD0D8,0.009860374,0.019632384,4016409
20100317,15:00:00.000,BBG000H8TVT2,-0.0046848804,-0.0046783844,2069185
20100317,15:00:00.000,BBG000BP6LJ8,-0.00020351449,-0.0014751935,7717116
20100317,15:00:00.000,BBG000BKFZM4,0.014610998,0.01839357,15761763
20100317,15:00:00.000,BBG000BHBK84,-0.0059829894,-0.0009861042,6393744
20100317,15:00:00.000,BBG000FG3C43,-0.021670979,-0.0152092865,5460321
20100317,15:00:00.000,BBG000BH23R1,0.012758065,0.021655902,26151272
20100317,15:00:00.000,BBG000F1ZSQ2,-0.016639063,-0.009037213,761497
20100317,15:00:00.000,BBG000GFFQN9,-0.0026846305,0.008554277,10655984
20100317,15:00:00.000,BBG000BNDN65,0.00019329364,0.007588995,8402907
20100317,15:00:00.000,BBG000C43RR5,0.0014371448,0.010076832,12178992
20100317,15:00:00.000,BBG000BP52R2,0.0009701473,0.0055718007,2794861
20100317,15:00:00.000,BBG000BBPFB9,0.0009426097,0.01204342,21555640
20100317,15:00:00.000,BBG000BC2C10,0.009690339,0.015297223,1769225
20100317,15:00:00.000,BBG000BFT2L4,0.004114371,0.0022854942,10568878
20100317,15:00:00.000,BBG000L9CV04,0.0024496194,0.0031224273,3978123
20100317,15:00:00.000,BBG000FL1TC8,-0.007952468,-0.011962871,4869924
20100317,15:00:00.000,BBG000FFDM15,-0.008635766,0.000765779,8220568
20100317,15:00:00.000,BBG000BH4R78,-0.0017136788,-0.0038534268,5632333
20100317,15:00:00.000,BBG000B9ZXB4,0.00010319162,-0.004205363,5088023
20100317,15:00:00.000,BBG000BGRY34,0.008174021,0.011733204,5301877
20100317,15:00:00.000,BBG000G2R6M0,-0.006216124,-7.360973e-07,6135157
20100317,15:00:00.000,BBG000BCSST7,0.0073033925,0.005236943,4349414
20100317,15:00:00.000,BBG000BVV7G1,-0.0070011835,0.0052711614,9050856
20100317,15:00:00.000,BBG000BW8S60,-0.002868648,-0.003866271,2938829
20100317,15:00:00.000,BBG000BL4504,-0.020983018,-0.012197822,12062504
20100317,15:00:00.000,BBG000DQLV23,0.0006525455,-0.0038472104,9449635
20100317,15:00:00.000,BBG000BBS2Y0,0.00089172216,-0.0033944256,3439748
20100317,15:00:00.000,BBG000BHVJJ3,-0.0074536833,-0.0047926665,16153123
20100317,15:00:00.000,BBG000J2XL74,0.006705542,0.00936652,3622910
20100317,15:00:00.000,BBG000CH5208,-0.009818065,-0.012702399,8024561
20100317,15:00:00.000,BBG000BCQZS4,-0.007410136,-0.0004884551,6037004
20100317,15:00:00.000,BBG000BFWKC0,0.009285946,0.005552058,6304844
20100317,15:00:00.000,BBG000BCG930,0.0009920477,-0.004439252,4621793
20100317,15:00:00.000,BBG000PSKYX7,-0.0074489615,-0.0009832631,2560173
20100317,15:00:00.000,BBG000BPWXK1,-0.0057158093,0.00126511,4557026
20100317,15:00:00.000,BBG000BWXBC2,-0.0028344092,-0.0012490755,9279261
20100317,15:00:00.000,BBG000BQQ2S6,0.006646262,0.010078194,3235097
20100317,15:00:00.000,BBG000BH5LT6,-0.004315797,-0.010187793,4511371
20100317,15:00:00.000,BBG000DWG505,0.0015536327,-0.00085165247,2922754
20100317,15:00:00.000,BBG000BF0K17,0.0066123726,0.0126145305,5232483
20100317,15:00:00.000,BBG000BKTFN2,0.018820882,0.027116394,11399465
20100317,15:00:00.000,BBG000BB07P9,-0.001396426,0.0033695872,7042477
20100317,15:00:00.000,BBG000BNSZP1,-0.00215096,0.005150146,3638114
20100317,15:00:00.000,BBG000BKZB36,-0.007816742,-0.0018444877,9415433
20100317,15:00:00.000,BBG000CKGBP2,-0.006423228,-0.011163779,5359885
20100317,15:00:00.000,BBG000DH7JK6,0.0014665527,0.0015138607,4198790
20100317,15:00:00.000,BBG000D4LWF6,-0.0012844834,-0.0006736479,7762448
20100317,15:00:00.000,BBG000BQQH30,0.012680241,0.017246483,8350505
20100317,15:00:00.000,BBG000B9WH86,0.04349851,0.052190963,63304144
20100317,15:00:00.000,BBG000BQLTW7,0.009162482,0.009915455,23828836
20100317,15:00:00.000,BBG000HS77T5,0.0062451623,0.007349172,10660500
20100317,15:00:00.000,GEN_EQ0011904200001000,0.0062705,0.010304453,16161534
20100317,15:00:00.000,BBG000BLZRJ2,-0.014168073,-0.005282195,11358012
20100317,15:00:00.000,BBG000BMX289,0.0036227389,0.0035377084,6763394
20100317,15:00:00.000,BBG000BPD168,0.00093211763,-0.0047448305,7395201
20100317,15:00:00.000,BBG000BT41Q8,0.008337768,0.016096551,9004597
20100317,15:00:00.000,BBG000BMHYD1,0.004833507,0.0017060749,5895653
20100317,15:00:00.000,BBG000BR2TH3,0.0057205576,0.0059803296,5934184
20100317,15:00:00.000,BBG000KHWT55,-0.0015703673,0.0019092469,9520086
20100317,15:00:00.000,BBG000BTZQC4,-0.0036400189,-0.007845784,5447159
20100317,15:00:00.000,BBG000BSJK37,0.0027497578,0.0019341832,13324965
20100317,15:00:00.000,BBG000BLNNH6,-0.007549466,-0.004547833,3856473
20100317,15:00:00.000,BBG000K4ND22,0.0034065633,0.009528287,7707162
20100317,15:00:00.000,BBG000BX3TD3,-0.019212471,-0.013991061,11007522
20100317,15:00:00.000,BBG000CR90K4,-0.0055580176,-0.009318799,6170575
20100317,15:00:00.000,BBG000BVPV84,-0.00067722826,-3.8610604e-05,2895149
20100317,15:00:00.000,BBG000CGC1X8,-0.0077331285,-0.0066691884,17771880
20100317,15:00:00.000,BBG000BR2B91,-0.0025694906,-0.0046331603,38235856
20100317,15:00:00.000,BBG000BQPC32,0.04233433,0.039302714,98788408
20100317,15:00:00.000,BBG000BK6MB5,-0.0065025,0.0005536549,123342680
20100317,15:00:00.000,BBG000C3J3C9,0.0047155214,0.003822909,25051802
20100317,15:00:00.000,BBG000C0G1D1,-0.0025625804,0.005452563,60902348
20100317,15:00:00.000,BBG000BWQFY7,-0.0032547861,0.0029718906,23727768
20100317,15:00:00.000,BBG000BJDB15,-0.010053695,-0.0038954616,8341386
20100317,15:00:00.000,BBG000BPH459,0.0044731637,0.007148258,39794272
20100317,15:00:00.000,BBG000C6CFJ5,-0.006484296,-0.0029515657,6238074
20100317,15:00:00.000,BBG000DMBXR2,0.0058715744,0.012032983,25282452
20100317,15:00:00.000,BBG000BHSKN9,-0.00443428,0.00160994,1951208
20100317,15:00:00.000,BBG000GZQ728,0.0026972871,0.01185758,25957848
20100317,15:00:00.000,BBG000BCTLF6,-0.00039936602,0.00997411,94783880
20100317,15:00:00.000,BBG000B9XRY4,-0.0034971226,-0.0043428354,10708843
20100317,15:15:00.000,GEN_EQ0021071400001000,-0.02431159,-0.013868046,2405569
20100317,15:15:00.000,GEN_EQ0096849600001000,-0.016384289,0.0067596203,1004658
20100317,15:15:00.000,BBG000BJ49H3,-0.016119555,-0.008601869,965211
20100317,15:15:00.000,BBG000BMFD58,-0.010337692,-0.0005322426,6877007
20100317,15:15:00.000,BBG000BFVXX0,-0.004276936,0.0012693416,1555889
20100317,15:15:00.000,BBG000CHWP52,-0.00016800087,0.0049341125,873965
20100317,15:15:00.000,BBG000BT9T73,0.07365022,0.091143705,36176736
20100317,15:15:00.000,BBG000BCQ4P6,0.006516899,0.014976044,1126948
20100317,15:15:00.000,BBG000BMLWX8,0.011798248,0.009678856,2541468
20100317,15:15:00.000,BBG000BP7JB0,-0.007691362,0.0035159222,3252530
20100317,15:15:00.000,BBG000BNW1S8,-0.0103853885,0.0029194562,1121189
20100317,15:15:00.000,BBG000MQ1SN9,0.0050630523,0.009493424,789207
20100317,15:15:00.000,BBG000BVB8Q0,-0.016712835,-0.009281732,1765696
20100317,15:15:00.000,BBG000BSC0K9,-0.007982811,-0.0046703224,569965
20100317,15:15:00.000,BBG000C7LMS8,0.010620429,0.01985524,509138
20100317,15:15:00.000,BBG000BB5792,0.008884263,0.017852126,2027224
20100317,15:15:00.000,BBG000BFDLV8,0.01423897,0.020856455,465172
20100317,15:15:00.000,BBG000BTLMX5,0.0013760253,0.009115918,770294
20100317,15:15:00.000,BBG000CQB185,0.016024714,0.02519207,1688009
20100317,15:15:00.000,BBG000BKVJK4,0.0049406015,0.008589682,933410
20100317,15:15:00.000,BBG000BQC9V2,0.012641114,0.019349262,4567389
20100317,15:15:00.000,BBG000CC53X1,0.016418038,0.02447009,958525
20100317,15:15:00.000,BBG000C45984,-0.0044481778,0.0011954721,1334085
20100317,15:15:00.000,BBG000BJNGN9,0.0027329077,0.012433177,2098228
20100317,15:15:00.000,BBG000FQRVM3,0.0013716957,0.0043781986,618126
20100317,15:15:00.000,BBG000D2M0Z7,-0.008411619,-0.00027536135,471327
20100317,15:15:00.000,BBG000K82ZT8,-0.013955161,-0.008255326,1068118
20100317,15:15:00.000,BBG000BF5RY1,-0.008314945,-0.0062215663,6176104
20100317,15:15:00.000,BBG000BNMHS4,-0.0009677811,0.009205898,775880
20100317,15:15:00.000,BBG000CPHYL4,-0.0058285454,-3.4225658e-07,7645666
20100317,15:15:00.000,GEN_EQ0000000000852052,-0.000995769,0.014195935,1130579
20100317,15:15:00.000,BBG000BCHG15,0.019444767,0.028716343,654997
20100317,15:15:00.000,BBG000BNNKG9,0.009680326,0.018935498,2420612
20100317,15:15:00.000,BBG000DR22B6,-0.023514815,-0.014332394,2242166
20100317,15:15:00.000,BBG000BHK836,-0.012246196,-0.0037330182,1425609
20100317,15:15:00.000,BBG000BV4DR6,0.012052191,0.030118268,4541642
20100317,15:15:00.000,BBG000BC9938,-0.017491713,-0.008604679,1246682
20100317,15:15:00.000,BBG000DSMS70,-0.006916559,-0.006355138,524646
20100317,15:15:00.000,BBG000BWCKB6,0.0013552854,0.007951537,553330
20100317,15:15:00.000,BBG000BP5YT0,-0.009277167,0.0065227738,4616912
20100317,15:15:00.000,BBG000BGYWY6,0.005313444,0.016909786,1321231
20100317,15:15:00.000,GEN_EQ0010580600001000,0.006383938,0.01992324,1658133
20100317,15:15:00.000,BBG000BFJ645,0.015019315,0.01809111,3230488
20100317,15:15:00.000,BBG000PV2L86,0.0049672234,0.007896118,1923230
20100317,15:15:00.000,BBG000BXBHJ4,-0.012510019,-0.005205043,866039
20100317,15:15:00.000,BBG000BB29X4,-0.0006013906,0.003397212,901321
20100317,15:15:00.000,BBG000BBBP59,0.00093393767,0.008288392,432642
20100317,15:15:00.000,BBG000BVHBM1,0.0013263666,-0.0024466664,2070144
20100317,15:15:00.000,BBG000BWGYF8,0.03314779,0.07052264,3540598
20100317,15:15:00.000,BBG000BBL8V7,0.013273721,0.024658803,2607443
20100317,15:15:00.000,BBG000BPNP00,-0.009641247,0.0077100764,1131916
20100317,15:15:00.000,BBG000RGM5P1,,,1584248
20100317,15:15:00.000,BBG000FKYVH4,0.0039808797,0.011796649,957306
20100317,15:15:00.000,BBG000BGXZB5,0.0033061458,0.001053743,3482781
20100317,15:15:00.000,BBG000BTQ9G8,0.0005877858,0.0063452665,2039091
20100317,15:15:00.000,BBG000BCTQ65,0.0053622704,0.0075135212,1250306
20100317,15:15:00.000,BBG000BK2F42,0.0067707673,0.016160129,2098908
20100317,15:15:00.000,BBG000F7RCJ1,-0.0067113526,0.0047270064,824639
20100317,15:15:00.000,BBG000C2YHG9,-0.013614726,-0.011604333,1474317
20100317,15:15:00.000,BBG000BRJL00,0.00022248458,0.006918106,1563704
20100317,15:15:00.000,BBG000BQT4L6,-0.007900522,0.0012857196,2976262
20100317,15:15:00.000,BBG000FDBX90,-0.000808225,0.002768263,1550212
20100317,15:15:00.000,BBG000BKR1D6,-0.0042478307,0.006449025,363983
20100317,15:15:00.000,GEN_EQ0010003600001000,-0.0037765324,0.0029711465,1373822
20100317,15:15:00.000,BBG000BPXVJ6,-0.0052491967,-0.0024245186,2162694
20100317,15:15:00.000,BBG000BN84F3,0.0041270223,0.009127561,951028
20100317,15:15:00.000,BBG000DSZTN6,0.0100355735,0.02155408,1600943
20100317,15:15:00.000,BBG000BBCDZ2,-0.0049817353,0.003432243,604226
20100317,15:15:00.000,BBG000PQ6YJ3,-0.0127610555,-0.004183566,301080
20100317,15:15:00.000,BBG000HQ7GC7,-0.016332729,-0.0013626673,1775349
20100317,15:15:00.000,BBG000BC15S7,-0.004847776,0.0020301044,860751
20100317,15:15:00.000,BBG000PX3XC0,0.001001777,0.013467796,551244
20100317,15:15:00.000,BBG000BSXQV7,0.0040805587,0.013451091,721405
20100317,15:15:00.000,BBG000BP1Q11,0.008851644,0.01258856,909848
20100317,15:15:00.000,GEN_EQ0010206100001000,-0.013467108,-0.01573062,5229590
20100317,15:15:00.000,BBG000C3GN47,0.0042414423,0.013363521,1069136
20100317,15:15:00.000,BBG000BN7277,0.0009466777,0.008101665,1993505
20100317,15:15:00.000,BBG000C3NTN5,-0.0045080795,-0.004172096,2265999
20100317,15:15:00.000,BBG000DWB323,-0.0014849538,0.012066499,2725902
20100317,15:15:00.000,BBG000BR1W32,-0.0042262813,0.008837755,1103734
20100317,15:15:00.000,BBG000BF2KK4,-0.0038294555,0.0030630073,1300093
20100317,15:15:00.000,BBG000BNBPQ0,0.0123335235,0.03137748,2099254
20100317,15:15:00.000,BBG000BWXL85,0.00026261108,0.0053938474,1484179
20100317,15:15:00.000,GEN_EQ0010624300001000,0.0053874403,0.0009873984,1597414
20100317,15:15:00.000,BBG000JBN3X6,-0.007853455,-0.01676379,4843886
20100317,15:15:00.000,BBG000BFNR17,0.0021980475,0.013992736,1404544
20100317,15:15:00.000,BBG000CXYSZ6,0.03096651,0.033981048,1008500
20100317,15:15:00.000,BBG000FV1Z23,-0.01669568,-0.014316364,2080500
20100317,15:15:00.000,GEN_EQ0010548100001000,0.026340885,0.042579405,8366689
20100317,15:15:00.000,GEN_EQ0010141600001000,0.00041920537,0.012061932,1919783
20100317,15:15:00.000,BBG000BW2QX0,-0.0016074873,0.011985199,3906206
20100317,15:15:00.000,BBG000C1S2X2,-0.019273056,-0.024477182,1203520
20100317,15:15:00.000,BBG000BVXPZ8,0.00877133,0.01841361,3465542
20100317,15:15:00.000,BBG000B9ZV28,0.004071576,0.013329237,364720
20100317,15:15:00.000,BBG000CPQZ77,-0.009500255,0.0005437017,1347073
20100317,15:15:00.000,BBG000BGD7W6,-0.0069265333,-0.0034756751,2275671
20100317,15:15:00.000,GEN_EQ0010168800001000,-0.01383895,-0.009096716,18389424
20100317,15:15:00.000,BBG000D9KWL9,0.0019594769,0.014615747,401297
20100317,15:15:00.000,BBG000BR37X2,0.017874772,0.02878724,5693131
20100317,15:15:00.000,BBG000BR54L0,0.0052290154,0.008775137,3974611
20100317,15:15:00.000,BBG000BLHRS2,-0.01238584,-0.0065519405,1296569
20100317,15:15:00.000,BBG000BX3BL3,-0.009710526,0.015000245,904779
20100317,15:15:00.000,BBG000BL5W86,0.008399473,0.026109746,8439572
20100317,15:15:00.000,BBG000BJKPG0,0.004108684,0.014614093,1110751
20100317,15:15:00.000,BBG000BCYP43,0.0055631273,0.008231202,581701
20100317,15:15:00.000,BBG000MBDGM6,0.012688444,0.026588779,414249
20100317,15:15:00.000,BBG000CGT2S4,-0.010798381,-0.0017588639,737178
20100317,15:15:00.000,BBG000BMFFQ0,6.9177695e-05,0.015232064,1377935
20100317,15:15:00.000,BBG000BWVSR1,0.00017446083,0.004277044,1028297
20100317,15:15:00.000,BBG000FL0BC8,-0.029444618,-0.020880168,2888137
20100317,15:15:00.000,BBG000F86GP6,-0.009744623,0.0020899074,729063
20100317,15:15:00.000,BBG000BHB3M6,0.0052233976,0.013368172,603584
20100317,15:15:00.000,BBG000BDWKC5,0.0051710648,0.0135611845,2735381
20100317,15:15:00.000,BBG000BJDPC2,0.014858654,0.01750628,2062097
20100317,15:15:00.000,BBG000BP4MH0,-0.003825653,0.0032664738,3711248
20100317,15:15:00.000,BBG000C9W1Y1,,,3079791
20100317,15:15:00.000,BBG000BKSL41,0.0042206743,0.014498423,5050632
20100317,15:15:00.000,BBG000CVWGS6,0.00879357,0.012891583,12517741
20100317,15:15:00.000,BBG000F80SZ5,0.0155901015,0.02908677,6665607
20100317,15:15:00.000,BBG000DKCC19,-0.0006372725,0.0033957958,3333582
20100317,15:15:00.000,GEN_EQ0010091900001000,0.020162182,0.023549505,490796
20100317,15:15:00.000,BBG000BG7986,0.0099252695,0.005269507,1630528
20100317,15:15:00.000,BBG000D7RKJ5,0.0029557343,0.008725267,1318593
20100317,15:15:00.000,BBG000KLB4Q1,0.017438103,0.033174224,3861111
20100317,15:15:00.000,BBG000DQTXY6,-0.010975391,-0.012266067,3580590
20100317,15:15:00.000,BBG000BFS7D3,0.008161095,0.0118811615,1994691
20100317,15:15:00.000,BBG000BV75B7,-0.009257616,-0.012506633,1954499
20100317,15:15:00.000,BBG000C2PW58,0.04212183,0.05487204,717566
20100317,15:15:00.000,BBG000BKZTP3,-0.024068708,-0.0077673793,3126069
20100317,15:15:00.000,BBG000CFJL87,0.005162524,0.00096080254,1728487
20100317,15:15:00.000,BBG000QY3XZ2,-0.002778636,0.007907088,2836199
20100317,15:15:00.000,BBG000BJ5GK2,-0.004162142,0.0017331616,808513
20100317,15:15:00.000,BBG000Q0BPZ4,0.02839024,0.042167377,4529954
20100317,15:15:00.000,BBG000NSCNT7,0.01643454,0.039873775,4611857
20100317,15:15:00.000,GEN_EQ0010104800001000,0.0072491653,0.020332564,6240150
20100317,15:15:00.000,BBG000G8N9C6,0.0002814222,0.0020153217,1487283
20100317,15:15:00.000,BBG000BHKYH4,-0.012410572,-0.0036596719,1302871
20100317,15:15:00.000,BBG000BK1FD3,-0.02235251,-0.00718553,2918097
20100317,15:15:00.000,BBG000BT4T69,-0.0016023021,0.0042786025,6207161
20100317,15:15:00.000,GEN_EQ0011591100001000,0.0054157916,0.012721298,1926148
20100317,15:15:00.000,BBG000FFH4P5,-0.0013041965,0.0058353376,463496
20100317,15:15:00.000,BBG000BGRKT6,0.008750055,0.010702186,785022
20100317,15:15:00.000,BBG000DN7P92,0.010256913,0.012811065,1356694
20100317,15:15:00.000,BBG000M4SW14,0.020726157,0.03091934,827385
20100317,15:15:00.000,BBG000BNGTQ7,0.0010240278,0.0008092943,2830427
20100317,15:15:00.000,BBG000BL79J3,-0.012096597,-0.011947476,2253895
20100317,15:15:00.000,BBG000BDG1Y1,-0.010098227,-0.0031757157,1799094
20100317,15:15:00.000,BBG000D9DMK0,0.0029602796,0.009199182,813047
20100317,15:15:00.000,BBG000BVPPM1,0.010036099,0.022246469,5019928
20100317,15:15:00.000,BBG000D3MB18,-0.00782272,-4.0765096e-07,3167855
20100317,15:15:00.000,BBG000DGPR66,0.016208956,0.0248995,1019864
20100317,15:15:00.000,BBG000BLDV98,-0.004505126,-0.006495685,2939749
20100317,15:15:00.000,BBG000C6F3T8,0.0029162401,0.008868817,3147826
20100317,15:15:00.000,BBG000BS0ZF1,0.0032602928,0.0082931975,421135
20100317,15:15:00.000,BBG000DNTSP4,-0.009996648,0.00044592682,1363059
20100317,15:15:00.000,BBG000LL9LQ5,-0.004720953,0.004739004,2357018
20100317,15:15:00.000,GEN_EQ0140919900001000,0.0033722972,0.0068442365,1231065
20100317,15:15:00.000,BBG000QRSL13,-0.013485665,-0.0016792287,7785522
20100317,15:15:00.000,BBG000BRJ809,0.014254513,0.019501321,817401
20100317,15:15:00.000,BBG000D1QCF1,-0.01184235,0.00071044575,1075911
20100317,15:15:00.000,BBG000BLCPY4,0.010081303,0.007332062,1272131
20100317,15:15:00.000,BBG000CNWNL6,0.0055709663,0.029028405,2066636
20100317,15:15:00.000,BBG000DV7MX4,-0.022815911,-0.004947813,12264759
20100317,15:15:00.000,BBG000BP1152,-0.020969687,-0.011281185,4935122
20100317,15:15:00.000,BBG000BHCP19,-0.0072125234,0.010229928,2596858
20100317,15:15:00.000,BBG000BGKHZ3,-0.012695456,1.7394594e-08,1198437
20100317,15:15:00.000,BBG000BMB7R1,0.001758584,0.006859889,826353
20100317,15:15:00.000,BBG000BHLYS1,6.208965e-05,0.0020244059,1097980
20100317,15:15:00.000,BBG000BKWSR6,0.031069512,0.047143508,21458528
20100317,15:15:00.000,BBG000JN9BQ6,0.016890144,0.020267349,1152364
20100317,15:15:00.000,BBG000BRZBT3,0.0032516313,0.006137643,2257475
20100317,15:15:00.000,BBG000FBK808,0.011748555,0.022286253,10044686
20100317,15:15:00.000,BBG000BXRPH1,-0.017387565,-0.0062270216,1264560
20100317,15:15:00.000,BBG000BQSQ38,-0.0059657814,0.0046446254,1839415
20100317,15:15:00.000,BBG000BVMPN3,0.010365588,0.02442177,1210015
20100317,15:15:00.000,BBG000BGFLL5,0.010282796,0.02601904,2806710
20100317,15:15:00.000,BBG000BJ98Z0,0.037070923,0.03553046,1528268
20100317,15:15:00.000,BBG000NDZ417,-0.006381028,0.0029789964,1457956
20100317,15:15:00.000,BBG000BKPL53,-0.0065766834,-0.0029422254,1495075
20100317,15:15:00.000,BBG000BD0TF8,0.013899324,0.028009266,872023
20100317,15:15:00.000,BBG000BY2Y78,0.022258949,0.038461182,4273469
20100317,15:15:00.000,BBG000BPMH90,0.0048592477,0.01755242,1295071
20100317,15:15:00.000,BBG000BBNYF6,0.010898621,0.021369757,1366396
20100317,15:15:00.000,BBG000FJRZ68,-0.0066601345,-0.009222469,1571957
20100317,15:15:00.000,BBG000FKJRC5,0.0038536536,0.008192542,619491
20100317,15:15:00.000,BBG000CL9VN6,-0.0027740577,0.0016273285,488841
20100317,15:15:00.000,BBG000BK6G19,-0.00043779062,0.007284593,906374
20100317,15:15:00.000,BBG000C23KJ3,-0.014664198,-0.0075797234,6549044
20100317,15:15:00.000,BBG000BB5BF6,0.009994762,0.02009773,4729918
20100317,15:15:00.000,BBG000BK5DP1,0.014807468,0.024993092,3001707
20100317,15:15:00.000,BBG000BJVZF7,0.006473345,0.0074866186,1447233
20100317,15:15:00.000,BBG000BN5HF7,-0.0070654536,-0.0017889041,3460920
20100317,15:15:00.000,BBG000BL9439,-0.0040574726,0.0025361509,1178616
20100317,15:15:00.000,BBG000BJQWD2,0.0042534247,0.015790457,2701022
20100317,15:15:00.000,BBG000D8RG11,-0.0046389876,0.00044525857,2006843
20100317,15:15:00.000,BBG000BS9489,0.010461881,0.015041336,1267175
20100317,15:15:00.000,BBG000BH5DV1,-0.008055889,-0.0038971943,2516051
20100317,15:15:00.000,BBG000BMKDM3,-0.0024174743,0.0019869648,1541537
20100317,15:15:00.000,BBG000C75N77,0.0047901366,0.017240075,2766656
20100317,15:15:00.000,BBG000BKXFN7,-0.018728992,-0.016818427,5040427
20100317,15:15:00.000,BBG000BTCH57,0.0010858849,0.005243816,1498155
20100317,15:15:00.000,BBG000BM7HL0,-0.0020353086,0.009388347,2203865
20100317,15:15:00.000,BBG000BNFLM9,-0.006983896,0.0068132333,2346623
20100317,15:15:00.000,BBG000BBVCN6,0.0019420648,-0.0011353387,526905
20100317,15:15:00.000,BBG000LD9JQ8,-0.014408779,-0.007946695,2734427
20100317,15:15:00.000,BBG000MDCQC2,-0.009082776,-0.0042310175,2286225
20100317,15:15:00.000,BBG000BLBXT4,-0.004968642,-0.00094161776,2045643
20100317,15:15:00.000,BBG000BDXGP9,0.004500347,0.0078110956,2180933
20100317,15:15:00.000,BBG000BR3KL6,0.0073102745,0.01318893,1144048
20100317,15:15:00.000,BBG000BX9WL1,0.029598365,0.049561728,10433424
20100317,15:15:00.000,BBG000BQ74K1,0.008436175,0.019996058,1202688
20100317,15:15:00.000,BBG000BWSV34,0.005789123,0.009648861,720085
20100317,15:15:00.000,BBG000BQZMH4,-0.008013195,-0.0048198695,2666764
20100317,15:15:00.000,GEN_EQ0010066700001000,-0.007693654,-0.005346672,1288760
20100317,15:15:00.000,BBG000BQVTF5,0.005238404,0.014376582,2654353
20100317,15:15:00.000,BBG000LC1FS4,0.0144903045,0.023474375,1399813
20100317,15:15:00.000,GEN_EQ0010050500001000,-0.008854379,0.001786484,6062248
20100317,15:15:00.000,BBG000G3QLY3,0.015893536,0.021961445,1178521
20100317,15:15:00.000,BBG000QBR5J5,-0.02164518,-0.009808041,8550961
20100317,15:15:00.000,BBG000BTQR96,0.01026303,0.014979072,1583933
20100317,15:15:00.000,GEN_EQ0012661800001000,-0.008730456,-0.008825405,1647577
20100317,15:15:00.000,BBG000CKJ0P3,-0.0032492587,-0.0031811015,765357
20100317,15:15:00.000,BBG000HGYNZ9,-0.004215689,4.7975277e-07,4020340
20100317,15:15:00.000,BBG000BV7LP7,0.0036255964,0.010389688,2529850
20100317,15:15:00.000,BBG000BBVK30,0.0010797797,-0.006209065,8980112
20100317,15:15:00.000,BBG000BFXHL6,-0.014136844,-0.013255681,2916880
20100317,15:15:00.000,BBG000BGLRN3,0.004911764,0.009763147,1771151
20100317,15:15:00.000,BBG000C2V3D6,-0.008311302,0.0014951342,1884384
20100317,15:15:00.000,BBG000BGVW60,0.013373241,0.014283841,4928405
20100317,15:15:00.000,BBG000BTVJ25,0.0063660345,0.013969327,3055511
20100317,15:15:00.000,GEN_EQ0010020500001000,0.004482016,0.015650736,2917126
20100317,15:15:00.000,BBG000BHQ1H0,0.012250722,0.011438969,821971
20100317,15:15:00.000,BBG000BNC3Y9,0.034911003,0.05411993,7914105
20100317,15:15:00.000,BBG000BVVQQ8,-0.008037968,0.0070023555,2403965
20100317,15:15:00.000,GEN_EQ0010281900001000,-0.0011760575,-0.00056496327,940495
20100317,15:15:00.000,BBG000C1FB75,-0.006774109,0.0072233556,409266
20100317,15:15:00.000,BBG000BFTJ91,0.007529381,0.007791856,4953074
20100317,15:15:00.000,BBG000C1FQS9,-0.002998041,0.0018692005,908632
20100317,15:15:00.000,BBG000BSBZH7,4.006149e-06,-0.0035051154,1640977
20100317,15:15:00.000,BBG000F15NW9,-0.01584246,-0.015725058,3693533
20100317,15:15:00.000,BBG000BPT0C6,0.02300399,0.031205397,1759236
20100317,15:15:00.000,GEN_EQ0010145600001000,-0.0010291812,-0.0033595478,4960575
20100317,15:15:00.000,BBG000H89QJ6,0.0048051397,0.006283737,1466882
20100317,15:15:00.000,BBG000BR14K5,-0.00029009522,0.008785425,1567282
20100317,15:15:00.000,BBG000BP6L99,0.010279988,0.01617212,22880588
20100317,15:15:00.000,BBG000BQWPC5,-0.00031690096,0.00057800126,1178841
20100317,15:15:00.000,BBG000BNNYW1,-0.0022847296,0.0025948798,1477670
20100317,15:15:00.000,BBG000BJ3PD2,-0.00015438838,0.0051619653,861920
20100317,15:15:00.000,BBG000PVRDL2,0.022204043,0.030905198,7104896
20100317,15:15:00.000,BBG000C2ZCH8,-0.0011146889,-0.0015898375,1160541
20100317,15:15:00.000,BBG000TK7PB8,0.013947294,0.031012217,5942873
20100317,15:15:00.000,BBG000BB6M98,-0.0023785364,0.0025011252,1638115
20100317,15:15:00.000,BBG000HW5GX3,0.009845686,0.016599132,1197699
20100317,15:15:00.000,BBG000BLKK03,0.009674658,0.008180786,1527233
20100317,15:15:00.000,BBG000BCZYD3,0.0019680979,0.0028490454,554450
20100317,15:15:00.000,BBG000CSY9H9,-0.012336201,-0.0027810088,1367650
20100317,15:15:00.000,BBG000BB9KF2,-0.003687252,-0.00014378822,1204339
20100317,15:15:00.000,BBG000BMQPL1,0.012576133,0.027290763,15633678
20100317,15:15:00.000,BBG000BMTFR4,-0.0027826377,0.013955468,2832537
20100317,15:15:00.000,BBG000H9G7X2,0.011431432,0.011723551,1442695
20100317,15:15:00.000,BBG000BCNYT9,0.007166617,0.011704104,2035570
20100317,15:15:00.000,BBG000C0MF34,-0.006810876,-0.0028718363,801058
20100317,15:15:00.000,BBG000BN2DC2,-0.0087825535,-0.0012380455,959489
20100317,15:15:00.000,BBG000BN9WT5,-0.003607948,0.012466171,4712892
20100317,15:15:00.000,BBG000BQ5DS5,0.003976757,-3.7196486e-07,1315038
20100317,15:15:00.000,BBG000BCGY17,-0.0021505684,0.00052031025,1219165
20100317,15:15:00.000,BBG000BB6G37,-0.002044014,0.013326674,2621206
20100317,15:15:00.000,BBG000CHPY97,-0.027919156,-0.021440288,4753251
20100317,15:15:00.000,BBG000TWC2V5,0.003880867,0.00587244,1439785
20100317,15:15:00.000,GEN_EQ0117562400001000,-0.0062329867,-0.003713676,10685869
20100317,15:15:00.000,BBG000BP0KQ8,0.006092812,0.016195947,4809581
20100317,15:15:00.000,BBG000BB5373,0.024001738,0.03581776,7694488
20100317,15:15:00.000,BBG000BM6788,-0.020385921,-0.0145553285,3208567
20100317,15:15:00.000,BBG000BH3JF8,-0.010006389,-0.0075641833,2010753
20100317,15:15:00.000,GEN_EQ0085215200001000,0.010402097,0.019584903,4944846
20100317,15:15:00.000,BBG000BQ2C28,0.0012583663,0.005491799,1050465
20100317,15:15:00.000,BBG000BX5ZF5,-0.026785107,-0.018821105,13532675
20100317,15:15:00.000,BBG000BMDV41,0.010936924,0.015780004,1966760
20100317,15:15:00.000,GEN_EQ0010319800003000,-0.011997124,-0.021546055,3993082
20100317,15:15:00.000,BBG000BG14P4,0.0015698337,0.010011923,1075359
20100317,15:15:00.000,BBG000GC80B4,,,2353231
20100317,15:15:00.000,BBG000BB2DM7,-0.00943118,-0.00055045955,5662837
20100317,15:15:00.000,BBG000BWJFZ4,-0.014272843,-0.013289205,2026658
20100317,15:15:00.000,BBG000BHGDH5,-0.0009846436,0.0006017041,4885609
20100317,15:15:00.000,BBG000BZ2GG4,-0.0017386382,0.007838456,2526525
20100317,15:15:00.000,BBG000D898T9,0.0016797472,0.0056667086,2007164
20100317,15:15:00.000,BBG000BMF5J0,-0.003486417,0.0034182146,2136739
20100317,15:15:00.000,BBG000BKLH74,-0.0042516314,-0.0073001464,5004088
20100317,15:15:00.000,BBG000BGPTV6,-0.011988796,-0.004116536,2383281
20100317,15:15:00.000,BBG000BH3GZ2,0.018987833,0.03161927,5016722
20100317,15:15:00.000,BBG000BVWLJ6,-0.019007407,-0.011005098,3238705
20100317,15:15:00.000,BBG000C496P7,-0.020613812,-0.012868951,6793794
20100317,15:15:00.000,BBG000JG0547,0.0042680516,0.0100591285,2075716
20100317,15:15:00.000,BBG000DYGNW7,0.019352743,0.021937262,1966898
20100317,15:15:00.000,BBG000BNJHS8,-0.0037311618,-0.011385374,5890956
20100317,15:15:00.000,BBG000BPQD31,-0.00019495524,0.0022640636,2181255
20100317,15:15:00.000,BBG000BT9DW0,0.0019635872,0.0033115405,2467932
20100317,15:15:00.000,BBG000BB2KW0,-0.009963443,-0.011827692,969072
20100317,15:15:00.000,BBG000BK67C7,0.014308069,0.015394427,1443763
20100317,15:15:00.000,BBG000DHSPT0,-0.00975176,-0.006226664,1575863
20100317,15:15:00.000,BBG000BFMBQ6,-0.0026176542,-0.005862538,1449889
20100317,15:15:00.000,BBG000B9WJ73,-0.0002578851,0.015760614,7098541
20100317,15:15:00.000,BBG000FVXD63,-0.004366044,0.005435401,2214638
20100317,15:15:00.000,BBG000B9XYV2,-0.004100321,-0.002821932,2503745
20100317,15:15:00.000,BBG000BMBL90,0.007988956,0.013746804,3348209
20100317,15:15:00.000,BBG000BB1TH9,-0.0018299513,0.010355043,1320364
20100317,15:15:00.000,BBG000BVMGF2,-0.0045165257,0.0090277195,4532035
20100317,15:15:00.000,BBG000BSD7C2,-0.002637382,-0.0005287003,1139969
20100317,15:15:00.000,BBG000J5Q6L2,-0.027139524,-0.007244024,6578042
20100317,15:15:00.000,BBG000BC4JJ4,-0.007534078,-0.00400755,1305405
20100317,15:15:00.000,BBG000BM5SR2,0.033157215,0.06783743,11717313
20100317,15:15:00.000,BBG000BJPDZ1,0.00254851,0.0014626803,303347
20100317,15:15:00.000,BBG000BZTW70,-0.009458255,-0.008847474,4759094
20100317,15:15:00.000,BBG000C5HS04,0.0037204842,0.008025947,1951362
20100317,15:15:00.000,BBG000M65M61,-0.023411669,-0.02774387,9350446
20100317,15:15:00.000,BBG000BY29C7,0.0040158397,0.01216177,1605870
20100317,15:15:00.000,BBG000BB6WG8,0.0076692463,0.016448312,3669126
20100317,15:15:00.000,GEN_EQ0010172300001000,-0.0052635996,-0.0054086344,963983
20100317,15:15:00.000,BBG000C2BXK4,-0.007908768,0.003255218,26428486
20100317,15:15:00.000,BBG000BBBNC6,-0.0036142587,0.018149316,1823791
20100317,15:15:00.000,BBG000PM7GJ0,0.022974469,0.03676615,3343141
20100317,15:15:00.000,BBG000Q3JN03,0.009818335,0.02664901,21209356
20100317,15:15:00.000,BBG000C0LW92,-0.02464344,-0.018348536,54007400
20100317,15:15:00.000,BBG000BF1R66,0.006805328,0.015480548,1930248
20100317,15:15:00.000,BBG000NSQ9M0,-0.00883859,-7.107218e-07,7900679
20100317,15:15:00.000,BBG000FQ6PY6,-0.038476944,-0.03463435,12116381
20100317,15:15:00.000,BBG000BWVCP8,-0.012226484,0.0012990171,4810875
20100317,15:15:00.000,BBG000BJSBJ0,-0.00060741324,0.0030289819,1359467
20100317,15:15:00.000,BBG000BLM0V1,,,1187237
20100317,15:15:00.000,BBG000BMY992,-0.00053156784,0.0049339244,4730495
20100317,15:15:00.000,BBG000BVDLH9,0.008341288,0.009493967,2250216
20100317,15:15:00.000,BBG000C0F570,0.0020829146,0.016335858,3965747
20100317,15:15:00.000,BBG000BBQCY0,0.017499221,0.029835062,18668118
20100317,15:15:00.000,GEN_EQ0000000001064567,0.002542008,0.01290919,1468805
20100317,15:15:00.000,BBG000BKCFC2,-0.0069112503,-0.00436706,1241719
20100317,15:15:00.000,BBG000CGQ6M4,0.014274264,0.015143859,1442520
20100317,15:15:00.000,BBG000C17X76,-0.0052481764,-0.006026437,1267616
20100317,15:15:00.000,BBG000DTMH63,,,2985209
20100317,15:15:00.000,BBG000R7Z112,0.000532673,-0.003083692,6929432
20100317,15:15:00.000,BBG000BBMSJ6,-0.006586566,0.0074761603,5076988
20100317,15:15:00.000,BBG000BY33P5,0.0023790265,0.0079006115,3323523
20100317,15:15:00.000,BBG000BV8DN6,0.0025022742,-0.00034694732,2070035
20100317,15:15:00.000,GEN_EQ0010135600001000,0.0045803348,0.014876632,4738953
20100317,15:15:00.000,BBG000JN8R00,-0.0037119936,0.008149367,1498583
20100317,15:15:00.000,BBG000K14Q84,-0.021805793,-0.0102066565,1916204
20100317,15:15:00.000,BBG000BBDV81,-0.0012030378,0.009366428,1483701
20100317,15:15:00.000,BBG000BMW2Z0,0.003822526,0.006446467,2164592
20100317,15:15:00.000,BBG000DLVDK3,-0.00013408555,0.007106439,2132420
20100317,15:15:00.000,BBG000CKVSG8,-0.0052627483,0.008106586,3661575
20100317,15:15:00.000,BBG000G0Z878,0.035104252,0.0532206,18081084
20100317,15:15:00.000,BBG000BGJRC8,-0.0036584584,-0.007949555,1795658
20100317,15:15:00.000,BBG000BL8GJ6,-0.01479143,-0.006193768,6488833
20100317,15:15:00.000,BBG000HCJMF9,-0.0032741786,0.013758481,2482898
20100317,15:15:00.000,BBG000BB6KF5,-0.00016317511,0.012887015,4363900
20100317,15:15:00.000,BBG000BYYLS8,0.003240932,0.0129806725,5354923
20100317,15:15:00.000,BBG000FJLFX8,-0.0060730525,-0.008444026,2947268
20100317,15:15:00.000,BBG000D9D830,-0.0024430396,0.0059512244,4328869
20100317,15:15:00.000,BBG000BHX7N2,-0.0014642201,0.0039013298,1823621
20100317,15:15:00.000,BBG000CTQBF3,-0.0037640566,0.011477203,7835237
20100317,15:15:00.000,BBG000BBD070,0.006476229,0.01929491,2142993
20100317,15:15:00.000,BBG000BH2JM1,-0.018697938,-0.012156579,11150567
20100317,15:15:00.000,BBG000CS7CT9,-0.000587337,0.0019082059,2385160
20100317,15:15:00.000,BBG000BFL116,-0.011516284,-0.005203696,863673
20100317,15:15:00.000,BBG000BFC8J2,0.025590708,0.023080364,2889048
20100317,15:15:00.000,BBG000C15T95,-0.008827966,-0.008930833,951775
20100317,15:15:00.000,BBG000FP1N32,-0.009934889,-0.002260126,2854921
20100317,15:15:00.000,BBG000JWD753,-0.018200073,-0.009474428,30969512
20100317,15:15:00.000,BBG000BWNFZ9,0.00957917,0.017623251,5164699
20100317,15:15:00.000,BBG000BSLZY7,-0.013207733,-0.0021660146,10241016
20100317,15:15:00.000,BBG000BCBCM7,0.0011538231,0.00042502114,5900556
20100317,15:15:00.000,BBG000BBGGQ1,-0.0022041139,0.007294468,8095716
20100317,15:15:00.000,BBG000BCWCG1,-0.00090849085,0.009859504,3626649
20100317,15:15:00.000,BBG000BLBVN4,0.0008681402,0.0055024987,671925
20100317,15:15:00.000,BBG000C46HM9,-0.010138912,-0.0064620823,5467791
20100317,15:15:00.000,BBG000BTKGG8,0.013206858,0.028147817,5300862
20100317,15:15:00.000,GEN_EQ0010059600001000,0.047975358,0.06408012,8880545
20100317,15:15:00.000,BBG000C8H633,0.005601717,0.017679533,4691326
20100317,15:15:00.000,BBG000BTR593,0.005715038,0.011858212,4219136
20100317,15:15:00.000,GEN_EQ0000000000158587,0.0042707627,0.0069475644,1746717
20100317,15:15:00.000,BBG000F6H8W8,-9.306007e-05,0.0063219587,2021232
20100317,15:15:00.000,BBG000BFQYY3,-0.0034673065,-0.0018909165,1922560
20100317,15:15:00.000,BBG000BNBDC2,0.0006694107,-0.00027582303,4526606
20100317,15:15:00.000,BBG000BSJTT0,0.0033362545,0.016013268,3958417
20100317,15:15:00.000,BBG000BJL3N0,0.0063584438,0.01936715,10909368
20100317,15:15:00.000,BBG000BYWTX7,-0.0079760915,0.005389534,12307789
20100317,15:15:00.000,BBG000BD8PN9,0.0030954753,0.0128982635,4590270
20100317,15:15:00.000,BBG000BHLYP4,-0.004891107,0.005504049,240397
20100317,15:15:00.000,BBG000C1BW00,0.0033548332,0.004196738,2026360
20100317,15:15:00.000,BBG000J6XT05,-0.006128215,-0.0006607228,2558365
20100317,15:15:00.000,BBG000BJX8C8,0.0024596672,0.015870957,3122156
20100317,15:15:00.000,BBG000BCVJ77,0.005408843,0.0040463894,1819677
20100317,15:15:00.000,BBG000BZ9223,-0.012253944,-0.007458803,2036798
20100317,15:15:00.000,BBG000H556T9,-0.009337888,-0.004652438,3990307
20100317,15:15:00.000,BBG000BJF1Z8,0.0067688366,0.009758275,3457909
20100317,15:15:00.000,BBG000BB5006,0.008875,0.015422847,6856644
20100317,15:15:00.000,BBG000F0KF42,,,9930531
20100317,15:15:00.000,BBG000BKFBD7,0.013475102,0.029842323,4100486
20100317,15:15:00.000,BBG000BFDXW1,-0.008948439,0.0028362062,3049421
20100317,15:15:00.000,BBG000BW3299,0.0029322447,-0.0037451896,3411094
20100317,15:15:00.000,BBG000F0PF65,-0.00019691559,0.0048285555,4032929
20100317,15:15:00.000,BBG000BNWG87,-0.005604603,-0.0053210417,4395279
20100317,15:15:00.000,BBG000BH13K9,0.010085778,0.015588598,4874224
20100317,15:15:00.000,BBG000BH1NH9,0.0034936073,0.0107713295,2899459
20100317,15:15:00.000,BBG000DY8ZS4,-0.018318286,-0.0063021304,11998194
20100317,15:15:00.000,BBG000BP8Z50,-0.024040664,-0.014915826,17910882
20100317,15:15:00.000,BBG000BJ81C1,8.220258e-05,0.006052814,3607612
20100317,15:15:00.000,BBG000BBVJZ8,-0.012609645,-0.0070847026,6523630
20100317,15:15:00.000,BBG000BQ8KV2,-0.02118763,-0.017031759,5756413
20100317,15:15:00.000,BBG000BGKTF9,-0.018867671,-0.0022289173,4264229
20100317,15:15:00.000,BBG000BFRF55,-0.011192893,-0.004528227,4381025
20100317,15:15:00.000,BBG000BRK7L6,0.016467797,0.027827132,10340563
20100317,15:15:00.000,BBG000BWLMJ4,-0.0068864697,0.00057991524,4104396
20100317,15:15:00.000,BBG000BD4VG8,0.0061761923,0.018226504,3235479
20100317,15:15:00.000,BBG000FW00S1,0.011796396,0.025407188,6472956
20100317,15:15:00.000,BBG000BBJQV0,0.006447938,0.020838939,13653261
20100317,15:15:00.000,BBG000C5Z1S3,0.0072383867,0.025452832,21830652
20100317,15:15:00.000,BBG000BC40Y8,0.010150314,0.018510217,3778649
20100317,15:15:00.000,BBG000DWYF03,-0.006342497,-0.002139406,12330032
20100317,15:15:00.000,BBG000BRD0D8,0.009415766,0.020827578,4288744
20100317,15:15:00.000,BBG000H8TVT2,-0.0048925616,-0.00411705,2210229
20100317,15:15:00.000,BBG000BP6LJ8,-0.0009876873,-0.0009835361,8057532
20100317,15:15:00.000,BBG000BKFZM4,0.013489476,0.018393524,16974212
20100317,15:15:00.000,BBG000BHBK84,-0.005871368,0.0009831438,6663381
20100317,15:15:00.000,BBG000FG3C43,-0.022387506,-0.014028169,5795992
20100317,15:15:00.000,BBG000BH23R1,0.0118053295,0.022354564,26844302
20100317,15:15:00.000,BBG000F1ZSQ2,-0.01629032,-0.007975327,795924
20100317,15:15:00.000,BBG000GFFQN9,-0.0028465667,0.009165231,10923930
20100317,15:15:00.000,BBG000BNDN65,-8.641157e-05,0.008387857,8827870
20100317,15:15:00.000,BBG000C43RR5,0.00020129446,0.010076861,12663066
20100317,15:15:00.000,BBG000BP52R2,0.0015923094,0.007715012,2981661
20100317,15:15:00.000,BBG000BBPFB9,0.00014290081,0.013649205,22016972
20100317,15:15:00.000,BBG000BC2C10,0.010118495,0.016587887,1887900
20100317,15:15:00.000,BBG000BFT2L4,0.005744313,0.0057130493,11155478
20100317,15:15:00.000,BBG000L9CV04,0.0039824885,0.005844982,4180570
20100317,15:15:00.000,BBG000FL1TC8,-0.0076898383,-0.009944943,5097530
20100317,15:15:00.000,BBG000FFDM15,-0.0088697495,0.003064396,8576588
20100317,15:15:00.000,BBG000BH4R78,-0.0018231223,-0.0020747383,5956349
20100317,15:15:00.000,BBG000B9ZXB4,-0.0007094712,-0.004571002,5450410
20100317,15:15:00.000,BBG000BGRY34,0.006861871,0.0103024375,5606379
20100317,15:15:00.000,BBG000G2R6M0,-0.0073006386,-7.4908985e-07,6325565
20100317,15:15:00.000,BBG000BCSST7,0.008047089,0.0081464825,4544697
20100317,15:15:00.000,BBG000BVV7G1,-0.0066875783,0.0066900663,9608228
20100317,15:15:00.000,BBG000BW8S60,-0.0032379632,-0.0028999932,3218009
20100317,15:15:00.000,BBG000BL4504,-0.02206818,-0.012591284,12696857
20100317,15:15:00.000,BBG000DQLV23,-0.00016349365,-0.0038472996,9891327
20100317,15:15:00.000,BBG000BBS2Y0,0.00011146261,-0.003568577,3600853
20100317,15:15:00.000,BBG000BHVJJ3,-0.008717975,-0.004526431,17038460
20100317,15:15:00.000,BBG000J2XL74,0.007978891,0.012098358,3949125
20100317,15:15:00.000,BBG000CH5208,-0.00966478,-0.012097432,8349775
20100317,15:15:00.000,BBG000BCQZS4,-0.00793867,0.0019562866,6492331
20100317,15:15:00.000,BBG000BFWKC0,0.008355511,0.0047888146,6593120
20100317,15:15:00.000,BBG000BCG930,0.0014946717,-0.0037934715,4840452
20100317,15:15:00.000,BBG000PSKYX7,-0.00784167,-0.0007105347,2714907
20100317,15:15:00.000,BBG000BPWXK1,-0.0061017843,0.0020445192,4708261
20100317,15:15:00.000,BBG000BWXBC2,-0.0026548458,-0.0016060564,9741175
20100317,15:15:00.000,BBG000BQQ2S6,0.0065438948,0.011231666,3362069
20100317,15:15:00.000,BBG000BH5LT6,-0.0055014845,-0.010998114,4835839
20100317,15:15:00.000,BBG000DWG505,0.002616615,0.0013371425,3121673
20100317,15:15:00.000,BBG000BF0K17,0.008456533,0.015810153,5608422
20100317,15:15:00.000,BBG000BKTFN2,0.018634,0.027746968,11998511
20100317,15:15:00.000,BBG000BB07P9,0.00014148476,0.0059901574,7315617
20100317,15:15:00.000,BBG000BNSZP1,-0.003012259,0.0056045186,3796670
20100317,15:15:00.000,BBG000BKZB36,-0.0083108395,-0.0012295963,10008788
20100317,15:15:00.000,BBG000CKGBP2,-0.004993363,-0.009478605,5587675
20100317,15:15:00.000,BBG000DH7JK6,0.0017792454,0.0031786892,4398829
20100317,15:15:00.000,BBG000D4LWF6,-0.0023761317,-0.00033701528,8091320
20100317,15:15:00.000,BBG000BQQH30,0.012550041,0.018204626,8962520
20100317,15:15:00.000,BBG000B9WH86,0.043316416,0.052915797,66672912
20100317,15:15:00.000,BBG000BQLTW7,0.0087977545,0.010708506,24462168
20100317,15:15:00.000,BBG000HS77T5,0.0054382444,0.008017265,11259126
20100317,15:15:00.000,GEN_EQ0011904200001000,0.006708561,0.011578923,17793548
20100317,15:15:00.000,BBG000BLZRJ2,-0.011484379,-8.7782877e-07,12589376
20100317,15:15:00.000,BBG000BMX289,0.0034084225,0.004468879,7039300
20100317,15:15:00.000,BBG000BPD168,0.00075199135,-0.0039538364,7772284
20100317,15:15:00.000,BBG000BT41Q8,0.0064356476,0.01502843,9518389
20100317,15:15:00.000,BBG000BMHYD1,0.0049013067,0.0023259933,6145012
20100317,15:15:00.000,BBG000BR2TH3,0.005666102,0.0067671393,6296672
20100317,15:15:00.000,BBG000KHWT55,-0.0019665074,0.0026733305,10032170
20100317,15:15:00.000,BBG000BTZQC4,-0.004267493,-0.0065447018,5590545
20100317,15:15:00.000,BBG000BSJK37,0.0026146702,0.0030944224,13841228
20100317,15:15:00.000,BBG000BLNNH6,-0.01025878,-0.006374546,4423345
20100317,15:15:00.000,BBG000K4ND22,0.0035316888,0.010541872,7989406
20100317,15:15:00.000,BBG000BX3TD3,-0.020979278,-0.014150816,11785210
20100317,15:15:00.000,BBG000CR90K4,-0.0036824257,-0.005724286,6625543
20100317,15:15:00.000,BBG000BVPV84,-0.0006581014,-0.000114550836,3057392
20100317,15:15:00.000,BBG000CGC1X8,-0.006982996,-0.004360582,18319150
20100317,15:15:00.000,BBG000BR2B91,-0.0028940313,-0.0040539564,41416888
20100317,15:15:00.000,BBG000BQPC32,0.044705104,0.045235317,106828912
20100317,15:15:00.000,BBG000BK6MB5,-0.006692422,0.0027667219,127905504
20100317,15:15:00.000,BBG000C3J3C9,0.0036202567,0.004587618,25953576
20100317,15:15:00.000,BBG000C0G1D1,-0.0023314294,0.0072703254,63493840
20100317,15:15:00.000,BBG000BWQFY7,-0.0012076105,0.007264509,24953760
20100317,15:15:00.000,BBG000BJDB15,-0.0098937405,-0.0015217696,8743764
20100317,15:15:00.000,BBG000BPH459,0.0040905173,0.007829171,41073604
20100317,15:15:00.000,BBG000C6CFJ5,-0.004655234,0.0019025279,6764052
20100317,15:15:00.000,BBG000DMBXR2,0.004557161,0.013421448,26253406
20100317,15:15:00.000,BBG000BHSKN9,-0.0057258876,0.00091995375,2034518
20100317,15:15:00.000,BBG000GZQ728,0.0036927203,0.013658852,28191550
20100317,15:15:00.000,BBG000BCTLF6,-0.0015479302,0.011734155,99842144
20100317,15:15:00.000,BBG000B9XRY4,-0.0029881855,-0.0022275608,11315856
20100317,15:30:00.000,GEN_EQ0021071400001000,-0.026087359,-0.020224532,2568047
20100317,15:30:00.000,GEN_EQ0096849600001000,-0.016334616,0.005169013,1083972
20100317,15:30:00.000,BBG000BJ49H3,-0.014001485,-0.0091395145,1076822
20100317,15:30:00.000,BBG000BMFD58,-0.010489078,-0.0021283566,7160981
20100317,15:30:00.000,BBG000BFVXX0,-0.004831567,-0.0019042615,1639414
20100317,15:30:00.000,BBG000CHWP52,-0.0002569683,0.002775279,932617
20100317,15:30:00.000,BBG000BT9T73,0.072982654,0.08942401,37396880
20100317,15:30:00.000,BBG000BCQ4P6,0.005435905,0.011745914,1228097
20100317,15:30:00.000,BBG000BMLWX8,0.012418015,0.005124276,2660123
20100317,15:30:00.000,BBG000BP7JB0,-0.004622699,0.0030763778,3865043
20100317,15:30:00.000,BBG000BNW1S8,-0.013135112,-0.0029173794,1235810
20100317,15:30:00.000,BBG000MQ1SN9,0.0065280013,0.0092541315,831259
20100317,15:30:00.000,BBG000BVB8Q0,-0.014915319,-0.009827856,1870786
20100317,15:30:00.000,BBG000BSC0K9,-0.0061082654,-0.0051109386,606166
20100317,15:30:00.000,BBG000C7LMS8,0.008614704,0.01693009,548978
20100317,15:30:00.000,BBG000BB5792,0.012407209,0.016887372,2178948
20100317,15:30:00.000,BBG000BFDLV8,0.016595785,0.020681173,492829
20100317,15:30:00.000,BBG000BTLMX5,0.00091175525,0.005470105,842588
20100317,15:30:00.000,BBG000CQB185,0.014002991,0.01912752,1872013
20100317,15:30:00.000,BBG000BKVJK4,0.003921671,0.006474993,983815
20100317,15:30:00.000,BBG000BQC9V2,0.009272047,0.012254749,4999386
20100317,15:30:00.000,BBG000CC53X1,0.012867338,0.017280227,1009478
20100317,15:30:00.000,BBG000C45984,-0.0041213376,-0.0011989136,1562642
20100317,15:30:00.000,BBG000BJNGN9,0.0011353559,0.0073469533,2228686
20100317,15:30:00.000,BBG000FQRVM3,0.0006757214,0.0019972215,655719
20100317,15:30:00.000,BBG000D2M0Z7,-0.008125341,-0.0022012743,512583
20100317,15:30:00.000,BBG000K82ZT8,-0.011409541,-0.005937769,1164006
20100317,15:30:00.000,BBG000BF5RY1,-0.0037165666,-0.0036597583,6937672
20100317,15:30:00.000,BBG000BNMHS4,-0.0015539244,0.005850447,845507
20100317,15:30:00.000,BBG000CPHYL4,-0.010373884,-0.008733935,7907668
20100317,15:30:00.000,GEN_EQ0000000000852052,-0.0020441276,0.012148361,1196026
20100317,15:30:00.000,BBG000BCHG15,0.020482771,0.026227627,702522
20100317,15:30:00.000,BBG000BNNKG9,0.006349497,0.01240599,2617810
20100317,15:30:00.000,BBG000DR22B6,-0.021636123,-0.015970347,2533255
20100317,15:30:00.000,BBG000BHK836,-0.010643973,-0.003733075,1498603
20100317,15:30:00.000,BBG000BV4DR6,0.015756454,0.031059567,4922565
20100317,15:30:00.000,BBG000BC9938,-0.016634006,-0.009344852,1298395
20100317,15:30:00.000,BBG000DSMS70,-0.0050202506,-0.0067290263,606117
20100317,15:30:00.000,BBG000BWCKB6,0.00016624607,0.005885014,598789
20100317,15:30:00.000,BBG000BP5YT0,-0.0068254797,0.0052181166,4875758
20100317,15:30:00.000,BBG000BGYWY6,0.0038566135,0.013990179,1452484
20100317,15:30:00.000,GEN_EQ0010580600001000,0.0064059384,0.019066285,1799565
20100317,15:30:00.000,BBG000BFJ645,0.014918975,0.016281925,3388476
20100317,15:30:00.000,BBG000PV2L86,0.0009504468,0.0012474827,2006725
20100317,15:30:00.000,BBG000BXBHJ4,-0.011099272,-0.004596578,911298
20100317,15:30:00.000,BBG000BB29X4,-0.001068825,0.0009859648,973878
20100317,15:30:00.000,BBG000BBBP59,0.001310496,0.0076507395,456142
20100317,15:30:00.000,BBG000BVHBM1,-0.00054695643,-0.00880198,2255894
20100317,15:30:00.000,BBG000BWGYF8,0.030676328,0.06503994,3652938
20100317,15:30:00.000,BBG000BBL8V7,0.009752519,0.019007621,2953663
20100317,15:30:00.000,BBG000BPNP00,-0.010152976,0.0066820118,1248977
20100317,15:30:00.000,BBG000RGM5P1,,,1652844
20100317,15:30:00.000,BBG000FKYVH4,0.0036405292,0.00814554,999506
20100317,15:30:00.000,BBG000BGXZB5,0.004155018,7.1499403e-07,3735116
20100317,15:30:00.000,BBG000BTQ9G8,0.0009919109,0.0040377486,2237800
20100317,15:30:00.000,BBG000BCTQ65,0.0042391983,0.0051654233,1324582
20100317,15:30:00.000,BBG000BK2F42,0.0048203426,0.013183292,2264831
20100317,15:30:00.000,BBG000F7RCJ1,-0.008987352,0.0011814511,909169
20100317,15:30:00.000,BBG000C2YHG9,-0.013414388,-0.0139250895,1642575
20100317,15:30:00.000,BBG000BRJL00,0.0003871764,0.0055346526,1653826
20100317,15:30:00.000,BBG000BQT4L6,-0.0067041013,0.002571502,3110320
20100317,15:30:00.000,BBG000FDBX90,-0.001985912,-0.0006931812,1871689
20100317,15:30:00.000,BBG000BKR1D6,-0.006012723,0.004361269,378296
20100317,15:30:00.000,GEN_EQ0010003600001000,-0.0046108435,0.00042629323,1500932
20100317,15:30:00.000,BBG000BPXVJ6,-0.004252151,-0.0024244331,2297244
20100317,15:30:00.000,BBG000BN84F3,0.0023335463,0.005617173,1031467
20100317,15:30:00.000,BBG000DSZTN6,0.012115771,0.020841392,1704664
20100317,15:30:00.000,BBG000BBCDZ2,-0.0071611735,-0.0013558648,637118
20100317,15:30:00.000,BBG000PQ6YJ3,-0.011686222,-0.0062278756,343126
20100317,15:30:00.000,BBG000HQ7GC7,-0.015692567,-0.004086825,1928832
20100317,15:30:00.000,BBG000BC15S7,-0.005193499,0.0005970874,914349
20100317,15:30:00.000,BBG000PX3XC0,0.0033221294,0.012152242,632542
20100317,15:30:00.000,BBG000BSXQV7,0.0028040765,0.010607164,794755
20100317,15:30:00.000,BBG000BP1Q11,0.006886593,0.008628081,980821
20100317,15:30:00.000,GEN_EQ0010206100001000,-0.0113699315,-0.016167633,5450333
20100317,15:30:00.000,BBG000C3GN47,0.0065779374,0.0127561,1191294
20100317,15:30:00.000,BBG000BN7277,0.002284113,0.0058915787,2087585
20100317,15:30:00.000,BBG000C3NTN5,-0.004567017,-0.0067796796,2497410
20100317,15:30:00.000,BBG000DWB323,-0.0025436832,0.0082558645,3142688
20100317,15:30:00.000,BBG000BR1W32,-0.0029237876,0.006829173,1170328
20100317,15:30:00.000,BBG000BF2KK4,-0.004591692,0.00021207207,1352093
20100317,15:30:00.000,BBG000BNBPQ0,0.011980177,0.027646214,2254376
20100317,15:30:00.000,BBG000BWXL85,-0.0008638257,0.0034322483,1585813
20100317,15:30:00.000,GEN_EQ0010624300001000,0.0044916812,-0.0019773443,1699907
20100317,15:30:00.000,BBG000JBN3X6,-0.009008165,-0.024500709,5400721
20100317,15:30:00.000,BBG000BFNR17,-0.000184197,0.00882181,1576305
20100317,15:30:00.000,BBG000CXYSZ6,0.03125953,0.031422343,1085126
20100317,15:30:00.000,BBG000FV1Z23,-0.016707566,-0.01733037,2161423
20100317,15:30:00.000,GEN_EQ0010548100001000,0.022906894,0.03506535,9162234
20100317,15:30:00.000,GEN_EQ0010141600001000,-7.810136e-05,0.008096372,2033562
20100317,15:30:00.000,BBG000BW2QX0,-0.0040423116,0.0057856147,4092341
20100317,15:30:00.000,BBG000C1S2X2,-0.021019656,-0.027908498,1386240
20100317,15:30:00.000,BBG000BVXPZ8,0.009995853,0.017819498,3734160
20100317,15:30:00.000,BBG000B9ZV28,0.0018809763,0.006917939,382681
20100317,15:30:00.000,BBG000CPQZ77,-0.008039888,-0.00081609405,1447770
20100317,15:30:00.000,BBG000BGD7W6,-0.0076800915,-0.006603356,2389401
20100317,15:30:00.000,GEN_EQ0010168800001000,-0.013427061,-0.010396266,20239924
20100317,15:30:00.000,BBG000D9KWL9,0.0023436195,0.012650699,453575
20100317,15:30:00.000,BBG000BR37X2,0.018371454,0.027635481,6067171
20100317,15:30:00.000,BBG000BR54L0,0.0073572444,0.0061424086,4339746
20100317,15:30:00.000,BBG000BLHRS2,-0.0137360515,-0.009770341,1441460
20100317,15:30:00.000,BBG000BX3BL3,-0.010942659,0.012089744,955884
20100317,15:30:00.000,BBG000BL5W86,0.010056517,0.022628425,8969302
20100317,15:30:00.000,BBG000BJKPG0,0.004062456,0.013429183,1152724
20100317,15:30:00.000,BBG000BCYP43,0.0042933472,0.0061884373,613609
20100317,15:30:00.000,BBG000MBDGM6,0.012422467,0.024581127,437344
20100317,15:30:00.000,BBG000CGT2S4,-0.01210785,-0.0054836385,837965
20100317,15:30:00.000,BBG000BMFFQ0,-0.00053755275,0.012049303,1462676
20100317,15:30:00.000,BBG000BWVSR1,-0.0009241452,0.0019172315,1094157
20100317,15:30:00.000,BBG000FL0BC8,-0.032372907,-0.028001122,3064830
20100317,15:30:00.000,BBG000F86GP6,-0.009521923,-0.0006970704,793985
20100317,15:30:00.000,BBG000BHB3M6,0.0042313053,0.010780494,639846
20100317,15:30:00.000,BBG000BDWKC5,0.004230999,0.011839222,2927301
20100317,15:30:00.000,BBG000BJDPC2,0.017199786,0.017223913,2230105
20100317,15:30:00.000,BBG000BP4MH0,-0.004317279,0.0012254467,3852127
20100317,15:30:00.000,BBG000C9W1Y1,,,3275797
20100317,15:30:00.000,BBG000BKSL41,0.007413009,0.01667307,5921497
20100317,15:30:00.000,BBG000CVWGS6,0.009768129,0.012891497,13325222
20100317,15:30:00.000,BBG000F80SZ5,0.017289964,0.029086772,7401322
20100317,15:30:00.000,BBG000DKCC19,-0.002490972,-0.00056466745,3545289
20100317,15:30:00.000,GEN_EQ0010091900001000,0.019561123,0.02025032,516085
20100317,15:30:00.000,BBG000BG7986,0.010128178,0.0035128163,1837893
20100317,15:30:00.000,BBG000D7RKJ5,0.0020256646,0.006108133,1504250
20100317,15:30:00.000,BBG000KLB4Q1,0.0156082865,0.02998454,4097974
20100317,15:30:00.000,BBG000DQTXY6,-0.010394042,-0.016098974,3780415
20100317,15:30:00.000,BBG000BFS7D3,0.007952835,0.010552223,2122248
20100317,15:30:00.000,BBG000BV75B7,-0.009425454,-0.0156334,2052158
20100317,15:30:00.000,BBG000C2PW58,0.04116614,0.052113034,762945
20100317,15:30:00.000,BBG000BKZTP3,-0.023695884,-0.012003942,3332576
20100317,15:30:00.000,BBG000CFJL87,0.007537325,-0.0004100668,1848577
20100317,15:30:00.000,BBG000QY3XZ2,-0.0034763615,0.0052714897,3062547
20100317,15:30:00.000,BBG000BJ5GK2,-0.004511096,0.00039979274,847548
20100317,15:30:00.000,BBG000Q0BPZ4,0.03200392,0.041340426,4881224
20100317,15:30:00.000,BBG000NSCNT7,0.014784389,0.03279353,5065053
20100317,15:30:00.000,GEN_EQ0010104800001000,0.007998986,0.01965477,6930972
20100317,15:30:00.000,BBG000G8N9C6,-0.0014536547,-0.002771406,1646020
20100317,15:30:00.000,BBG000BHKYH4,-0.013739533,-0.006634082,1430837
20100317,15:30:00.000,BBG000BK1FD3,-0.022490881,-0.010777992,3105265
20100317,15:30:00.000,BBG000BT4T69,-0.0011091664,0.0028526566,6896350
20100317,15:30:00.000,GEN_EQ0011591100001000,0.003950165,0.010783057,2058851
20100317,15:30:00.000,BBG000FFH4P5,-0.002197799,0.001834882,486679
20100317,15:30:00.000,BBG000BGRKT6,0.007377991,0.0082286,827559
20100317,15:30:00.000,BBG000DN7P92,0.010623778,0.011728408,1493137
20100317,15:30:00.000,BBG000M4SW14,0.023827642,0.029244056,911188
20100317,15:30:00.000,BBG000BNGTQ7,0.0011343436,-0.0020218422,3059712
20100317,15:30:00.000,BBG000BL79J3,-0.010732811,-0.012496549,2397435
20100317,15:30:00.000,BBG000BDG1Y1,-0.0087966155,-0.0021594379,1919468
20100317,15:30:00.000,BBG000D9DMK0,0.0025312898,0.006866343,852145
20100317,15:30:00.000,BBG000BVPPM1,0.008225214,0.016505564,5372284
20100317,15:30:00.000,BBG000D3MB18,-0.0041381554,-0.00057570834,3475427
20100317,15:30:00.000,BBG000DGPR66,0.017512145,0.0237336,1117633
20100317,15:30:00.000,BBG000BLDV98,-0.0038163157,-0.0070863073,3220489
20100317,15:30:00.000,BBG000C6F3T8,0.0021114356,0.005912915,3388035
20100317,15:30:00.000,BBG000BS0ZF1,0.0039151716,0.006573041,475018
20100317,15:30:00.000,BBG000DNTSP4,-0.0102404365,-0.0022273038,1480175
20100317,15:30:00.000,BBG000LL9LQ5,-0.0068340134,-0.001352561,2581095
20100317,15:30:00.000,GEN_EQ0140919900001000,0.004266428,0.00633722,1368353
20100317,15:30:00.000,BBG000QRSL13,-0.01549597,-0.0067170146,8441614
20100317,15:30:00.000,BBG000BRJ809,0.013850961,0.016560642,873104
20100317,15:30:00.000,BBG000D1QCF1,-0.010478708,7.897009e-05,1149829
20100317,15:30:00.000,BBG000BLCPY4,0.008255811,0.0037885047,1360041
20100317,15:30:00.000,BBG000CNWNL6,0.002369312,0.022870975,2211214
20100317,15:30:00.000,BBG000DV7MX4,-0.020242333,-0.0037110853,13079420
20100317,15:30:00.000,BBG000BP1152,-0.02236896,-0.016922055,5177420
20100317,15:30:00.000,BBG000BHCP19,-0.007315823,0.009524299,2718393
20100317,15:30:00.000,BBG000BGKHZ3,-0.014002787,-0.0029901925,1316178
20100317,15:30:00.000,BBG000BMB7R1,0.0017292076,0.0050745886,873828
20100317,15:30:00.000,BBG000BHLYS1,1.02057365e-05,0.00044982755,1189127
20100317,15:30:00.000,BBG000BKWSR6,0.035057172,0.047143493,23403514
20100317,15:30:00.000,BBG000JN9BQ6,0.017374082,0.017177828,1247603
20100317,15:30:00.000,BBG000BRZBT3,0.004373474,0.0046934625,2484152
20100317,15:30:00.000,BBG000FBK808,0.011946454,0.019102646,10252373
20100317,15:30:00.000,BBG000BXRPH1,-0.0174811,-0.00985193,1328041
20100317,15:30:00.000,BBG000BQSQ38,-0.0061360206,0.003405929,2008940
20100317,15:30:00.000,BBG000BVMPN3,0.00963619,0.021357387,1342541
20100317,15:30:00.000,BBG000BGFLL5,0.008090994,0.021509003,2979519
20100317,15:30:00.000,BBG000BJ98Z0,0.03891989,0.034785837,1594761
20100317,15:30:00.000,BBG000NDZ417,-0.0095976405,-0.0033279436,1623820
20100317,15:30:00.000,BBG000BKPL53,-0.0068772845,-0.004673216,1612491
20100317,15:30:00.000,BBG000BD0TF8,0.011883246,0.023647435,962074
20100317,15:30:00.000,BBG000BY2Y78,0.022346761,0.035558477,4586788
20100317,15:30:00.000,BBG000BPMH90,0.003453208,0.0137129035,1349845
20100317,15:30:00.000,BBG000BBNYF6,0.011955122,0.019960782,1440335
20100317,15:30:00.000,BBG000FJRZ68,-0.006562336,-0.010636994,1667206
20100317,15:30:00.000,BBG000FKJRC5,0.0026754453,0.0046477555,666757
20100317,15:30:00.000,BBG000CL9VN6,-0.00063728937,0.0016981232,517620
20100317,15:30:00.000,BBG000BK6G19,-0.0020952302,0.0023048264,995767
20100317,15:30:00.000,BBG000C23KJ3,-0.013014015,-0.009263937,6967829
20100317,15:30:00.000,BBG000BB5BF6,0.010864698,0.019067137,5206780
20100317,15:30:00.000,BBG000BK5DP1,0.013267653,0.018287918,3247582
20100317,15:30:00.000,BBG000BJVZF7,0.0056346287,0.005575084,1528260
20100317,15:30:00.000,BBG000BN5HF7,-0.008570236,-0.008350233,3673778
20100317,15:30:00.000,BBG000BL9439,-0.0036591426,0.0012682958,1248296
20100317,15:30:00.000,BBG000BJQWD2,0.0039098267,0.012632614,2857730
20100317,15:30:00.000,BBG000D8RG11,-0.0067899027,-0.0039964453,2157335
20100317,15:30:00.000,BBG000BS9489,0.010861476,0.013766421,1378926
20100317,15:30:00.000,BBG000BH5DV1,-0.007279348,-0.0033195408,2748806
20100317,15:30:00.000,BBG000BMKDM3,-0.0017895253,0.0012301512,1643578
20100317,15:30:00.000,BBG000C75N77,0.0022604926,0.011935727,2964147
20100317,15:30:00.000,BBG000BKXFN7,-0.017957019,-0.018836442,5294350
20100317,15:30:00.000,BBG000BTCH57,0.002902618,0.006328726,1634183
20100317,15:30:00.000,BBG000BM7HL0,-0.0014293464,0.0087056,2333646
20100317,15:30:00.000,BBG000BNFLM9,-0.008238524,0.0047394834,2479699
20100317,15:30:00.000,BBG000BBVCN6,0.0042083873,-0.00039281338,565055
20100317,15:30:00.000,BBG000LD9JQ8,-0.01504831,-0.012429104,2840189
20100317,15:30:00.000,BBG000MDCQC2,-0.009244904,-0.0063462174,2391380
20100317,15:30:00.000,BBG000BLBXT4,-0.005670796,-0.0049429317,2133037
20100317,15:30:00.000,BBG000BDXGP9,0.0046847686,0.006639447,2303477
20100317,15:30:00.000,BBG000BR3KL6,0.00822773,0.0113270525,1227510
20100317,15:30:00.000,BBG000BX9WL1,0.026991129,0.042352937,11083482
20100317,15:30:00.000,BBG000BQ74K1,0.00589552,0.015795883,1263595
20100317,15:30:00.000,BBG000BWSV34,0.0058073965,0.0055621117,766141
20100317,15:30:00.000,BBG000BQZMH4,-0.009785006,-0.0077123884,2846934
20100317,15:30:00.000,GEN_EQ0010066700001000,-0.006328376,-0.0062494297,1387841
20100317,15:30:00.000,BBG000BQVTF5,0.0061568553,0.012699243,2826058
20100317,15:30:00.000,BBG000LC1FS4,0.013314237,0.01678124,1544546
20100317,15:30:00.000,GEN_EQ0010050500001000,-0.00867986,-0.0017865222,6299555
20100317,15:30:00.000,BBG000G3QLY3,0.014140784,0.017182184,1269239
20100317,15:30:00.000,BBG000QBR5J5,-0.020495376,-0.011115693,9035890
20100317,15:30:00.000,BBG000BTQR96,0.010311972,0.012121754,1637590
20100317,15:30:00.000,GEN_EQ0012661800001000,-0.0097091105,-0.013868798,1715872
20100317,15:30:00.000,BBG000CKJ0P3,-0.002345215,-0.0037425868,794806
20100317,15:30:00.000,BBG000HGYNZ9,-0.004402641,-0.005495389,4230071
20100317,15:30:00.000,BBG000BV7LP7,0.0034434798,0.008391644,2827386
20100317,15:30:00.000,BBG000BBVK30,-0.0005516035,-0.013451673,9378174
20100317,15:30:00.000,BBG000BFXHL6,-0.016949635,-0.01992293,3176959
20100317,15:30:00.000,BBG000BGLRN3,0.0052457037,0.008614312,2150754
20100317,15:30:00.000,BBG000C2V3D6,-0.0076701916,-1.1222589e-06,2037662
20100317,15:30:00.000,BBG000BGVW60,0.013683353,0.01328145,5365564
20100317,15:30:00.000,BBG000BTVJ25,0.0065638837,0.012921769,3258367
20100317,15:30:00.000,GEN_EQ0010020500001000,0.0057598297,0.015216008,3087787
20100317,15:30:00.000,BBG000BHQ1H0,0.010850818,0.009214701,926312
20100317,15:30:00.000,BBG000BNC3Y9,0.030071173,0.043576982,8415951
20100317,15:30:00.000,BBG000BVVQQ8,-0.00886916,0.00075450615,2581181
20100317,15:30:00.000,GEN_EQ0010281900001000,0.00020153355,-0.00049426913,1023113
20100317,15:30:00.000,BBG000C1FB75,-0.0076661506,0.004140615,441476
20100317,15:30:00.000,BBG000BFTJ91,0.008318975,0.007192826,5331585
20100317,15:30:00.000,BBG000C1FQS9,-0.0017519676,0.0014334264,996987
20100317,15:30:00.000,BBG000BSBZH7,-0.00013540658,-0.004980833,1805710
20100317,15:30:00.000,BBG000F15NW9,-0.015787603,-0.017210908,3847259
20100317,15:30:00.000,BBG000BPT0C6,0.021398112,0.027085265,1850420
20100317,15:30:00.000,GEN_EQ0010145600001000,0.0007615449,-0.0044432534,5069832
20100317,15:30:00.000,BBG000H89QJ6,0.007134989,0.0061806324,1600437
20100317,15:30:00.000,BBG000BR14K5,0.0014500545,0.009078272,1665433
20100317,15:30:00.000,BBG000BP6L99,0.012026202,0.014375164,23425368
20100317,15:30:00.000,BBG000BQWPC5,0.00037656704,0.00011507707,1308247
20100317,15:30:00.000,BBG000BNNYW1,-0.0027127885,0.0008658625,1615235
20100317,15:30:00.000,BBG000BJ3PD2,-0.0023372623,0.00013417777,984049
20100317,15:30:00.000,BBG000PVRDL2,0.025821116,0.030274214,7496652
20100317,15:30:00.000,BBG000C2ZCH8,0.0019314729,-0.00039744755,1401795
20100317,15:30:00.000,BBG000TK7PB8,0.011290765,0.021659728,6252009
20100317,15:30:00.000,BBG000BB6M98,-0.002994028,0.0002442281,1815805
20100317,15:30:00.000,BBG000HW5GX3,0.011482474,0.015707377,1309481
20100317,15:30:00.000,BBG000BLKK03,0.009134367,0.0036706794,1617418
20100317,15:30:00.000,BBG000BCZYD3,0.0016744548,0.0015827927,583834
20100317,15:30:00.000,BBG000CSY9H9,-0.011318939,-0.003476426,1483358
20100317,15:30:00.000,BBG000BB9KF2,-0.0024101315,-0.00071885716,1387825
20100317,15:30:00.000,BBG000BMQPL1,0.01139564,0.022092598,16127580
20100317,15:30:00.000,BBG000BMTFR4,-0.0049343593,0.010854064,3130111
20100317,15:30:00.000,BBG000H9G7X2,0.0101409145,0.007853739,1851008
20100317,15:30:00.000,BBG000BCNYT9,0.0070511242,0.009546413,2171550
20100317,15:30:00.000,BBG000C0MF34,-0.005503533,-0.0037039989,875389
20100317,15:30:00.000,BBG000BN2DC2,-0.008262172,-0.0022809145,1009363
20100317,15:30:00.000,BBG000BN9WT5,-0.0036390764,0.011412962,4991441
20100317,15:30:00.000,BBG000BQ5DS5,0.0050477954,-0.0016325474,1381372
20100317,15:30:00.000,BBG000BCGY17,-0.0023778782,-0.00071423885,1259646
20100317,15:30:00.000,BBG000BB6G37,-0.0011866722,0.013659854,2858655
20100317,15:30:00.000,BBG000CHPY97,-0.029562026,-0.025365902,4885409
20100317,15:30:00.000,BBG000TWC2V5,0.003170147,0.002935439,1511389
20100317,15:30:00.000,GEN_EQ0117562400001000,-0.0073852693,-0.009284636,11229020
20100317,15:30:00.000,BBG000BP0KQ8,0.004014516,0.012844908,5030875
20100317,15:30:00.000,BBG000BB5373,0.024207283,0.034582973,8176891
20100317,15:30:00.000,BBG000BM6788,-0.017589787,-0.015115203,3480398
20100317,15:30:00.000,BBG000BH3JF8,-0.008518669,-0.008269457,2135959
20100317,15:30:00.000,GEN_EQ0085215200001000,0.009504424,0.015854308,5068826
20100317,15:30:00.000,BBG000BQ2C28,0.00010028542,0.003016729,1113986
20100317,15:30:00.000,BBG000BX5ZF5,-0.027849348,-0.022783471,14066068
20100317,15:30:00.000,BBG000BMDV41,0.0098437285,0.0116773695,2153924
20100317,15:30:00.000,GEN_EQ0010319800003000,-0.011726053,-0.026286382,4170551
20100317,15:30:00.000,BBG000BG14P4,0.0015051576,0.0083901705,1137998
20100317,15:30:00.000,BBG000GC80B4,,,2455402
20100317,15:30:00.000,BBG000BB2DM7,-0.009384602,-0.003853324,5823679
20100317,15:30:00.000,BBG000BWJFZ4,-0.0147605855,-0.01632386,2139425
20100317,15:30:00.000,BBG000BHGDH5,-0.0013967501,-0.0012038498,5277254
20100317,15:30:00.000,BBG000BZ2GG4,-0.0021865724,0.0057934383,2603370
20100317,15:30:00.000,BBG000D898T9,0.0011208032,0.0034001265,2132874
20100317,15:30:00.000,BBG000BMF5J0,-0.0027042548,0.0011397102,2292765
20100317,15:30:00.000,BBG000BKLH74,-0.0031939151,-0.0077296426,5357659
20100317,15:30:00.000,BBG000BGPTV6,-0.014181627,-0.009387132,2608942
20100317,15:30:00.000,BBG000BH3GZ2,0.0150621,0.02497663,5519128
20100317,15:30:00.000,BBG000BVWLJ6,-0.017343841,-0.011810251,3666313
20100317,15:30:00.000,BBG000C496P7,-0.020138416,-0.016255474,6993354
20100317,15:30:00.000,BBG000JG0547,0.0039683464,0.00915496,2183023
20100317,15:30:00.000,BBG000DYGNW7,0.019161532,0.02014317,2132733
20100317,15:30:00.000,BBG000BNJHS8,-0.0034423298,-0.014421449,6282601
20100317,15:30:00.000,BBG000BPQD31,0.00045338238,0.00090576377,2274052
20100317,15:30:00.000,BBG000BT9DW0,0.0030133154,0.0030107854,2738047
20100317,15:30:00.000,BBG000BB2KW0,-0.007146642,-0.010745435,1043883
20100317,15:30:00.000,BBG000BK67C7,0.014918527,0.014444924,1638161
20100317,15:30:00.000,BBG000DHSPT0,-0.012885334,-0.011335248,1812061
20100317,15:30:00.000,BBG000BFMBQ6,-0.002851079,-0.010151992,1613010
20100317,15:30:00.000,BBG000B9WJ73,-0.0032331585,0.008072648,7585309
20100317,15:30:00.000,BBG000FVXD63,-0.004746548,0.0019765345,2369800
20100317,15:30:00.000,BBG000B9XYV2,-0.0038392714,-0.004628469,2599519
20100317,15:30:00.000,BBG000BMBL90,0.0072008693,0.010691047,3580263
20100317,15:30:00.000,BBG000BB1TH9,-0.0014980024,0.008175008,1423623
20100317,15:30:00.000,BBG000BVMGF2,-0.0040168683,0.007093221,4810893
20100317,15:30:00.000,BBG000BSD7C2,-0.0029933238,-0.0021123893,1224022
20100317,15:30:00.000,BBG000J5Q6L2,-0.027268227,-0.013884672,7197615
20100317,15:30:00.000,BBG000BC4JJ4,-0.005956417,-0.0046087275,1358716
20100317,15:30:00.000,BBG000BM5SR2,0.03266531,0.06468205,12314845
20100317,15:30:00.000,BBG000BJPDZ1,0.004186596,0.0010548837,307947
20100317,15:30:00.000,BBG000BZTW70,-0.009771788,-0.0120234415,5189222
20100317,15:30:00.000,BBG000C5HS04,0.002701606,0.00589512,2166840
20100317,15:30:00.000,BBG000M65M61,-0.025765063,-0.03666133,9724725
20100317,15:30:00.000,BBG000BY29C7,0.0031796268,0.009517948,1733968
20100317,15:30:00.000,BBG000BB6WG8,0.008944375,0.016098375,3914193
20100317,15:30:00.000,GEN_EQ0010172300001000,-0.003970042,-0.005234167,1010507
20100317,15:30:00.000,BBG000C2BXK4,-0.006183389,-0.0008147993,28116816
20100317,15:30:00.000,BBG000BBBNC6,-0.0038856117,0.012937108,1939654
20100317,15:30:00.000,BBG000PM7GJ0,0.0199905,0.028790433,3500617
20100317,15:30:00.000,BBG000Q3JN03,0.008867432,0.021319272,21992394
20100317,15:30:00.000,BBG000C0LW92,-0.02443743,-0.021171413,55093832
20100317,15:30:00.000,BBG000BF1R66,0.0064606266,0.0136829205,2079518
20100317,15:30:00.000,BBG000NSQ9M0,-0.007493822,-0.0019605698,8318047
20100317,15:30:00.000,BBG000FQ6PY6,-0.037089422,-0.03443006,12434491
20100317,15:30:00.000,BBG000BWVCP8,-0.009986059,1.2311422e-06,5268371
20100317,15:30:00.000,BBG000BJSBJ0,-0.000120384764,0.0019845099,1671298
20100317,15:30:00.000,BBG000BLM0V1,,,1234837
20100317,15:30:00.000,BBG000BMY992,-0.00039529955,0.0035883996,4997082
20100317,15:30:00.000,BBG000BVDLH9,0.0076729786,0.0076762578,2416390
20100317,15:30:00.000,BBG000C0F570,0.0014901237,0.015222024,4257712
20100317,15:30:00.000,BBG000BBQCY0,0.02059666,0.029835025,19760256
20100317,15:30:00.000,GEN_EQ0000000001064567,0.0029050945,0.009332068,1586603
20100317,15:30:00.000,BBG000BKCFC2,-0.0062250453,-0.004981028,1339189
20100317,15:30:00.000,BBG000CGQ6M4,0.015704773,0.014647372,1584392
20100317,15:30:00.000,BBG000C17X76,-0.0031099496,-0.0054406803,1347273
20100317,15:30:00.000,BBG000DTMH63,,,3195737
20100317,15:30:00.000,BBG000R7Z112,0.00045961168,-0.007707932,7353860
20100317,15:30:00.000,BBG000BBMSJ6,-0.006854149,0.006295698,5351703
20100317,15:30:00.000,BBG000BY33P5,0.0018460514,0.0049379184,3653636
20100317,15:30:00.000,BBG000BV8DN6,0.0023323896,-0.0019671875,2261612
20100317,15:30:00.000,GEN_EQ0010135600001000,0.0058646863,0.013974971,5013076
20100317,15:30:00.000,BBG000JN8R00,-0.0067087053,0.0012365453,1565044
20100317,15:30:00.000,BBG000K14Q84,-0.019704226,-0.011849926,2070298
20100317,15:30:00.000,BBG000BBDV81,-0.0018817001,0.006634624,1564235
20100317,15:30:00.000,BBG000BMW2Z0,0.003739009,0.0054546283,2286764
20100317,15:30:00.000,BBG000DLVDK3,-0.0016424278,0.0024245568,2297863
20100317,15:30:00.000,BBG000CKVSG8,-0.008504089,0.0010261859,3974712
20100317,15:30:00.000,BBG000G0Z878,0.034568913,0.04734785,18949054
20100317,15:30:00.000,BBG000BGJRC8,-0.0032682098,-0.010857985,1953502
20100317,15:30:00.000,BBG000BL8GJ6,-0.015988542,-0.013455518,6895925
20100317,15:30:00.000,BBG000HCJMF9,-0.0058760317,0.0065723793,2629603
20100317,15:30:00.000,BBG000BB6KF5,-0.002544213,0.006327331,4664183
20100317,15:30:00.000,BBG000BYYLS8,0.006684624,0.013614031,5756785
20100317,15:30:00.000,BBG000FJLFX8,-0.007321719,-0.013447972,3106972
20100317,15:30:00.000,BBG000D9D830,-0.0013521177,0.0057133483,4553460
20100317,15:30:00.000,BBG000BHX7N2,-0.0013787472,0.0016430349,1995916
20100317,15:30:00.000,BBG000CTQBF3,-0.0042892317,0.0075192153,8155519
20100317,15:30:00.000,BBG000BBD070,0.0050878855,0.015565862,2364299
20100317,15:30:00.000,BBG000BH2JM1,-0.016041433,-0.010419764,11496721
20100317,15:30:00.000,BBG000CS7CT9,-0.0010320502,-0.0010003219,2634448
20100317,15:30:00.000,BBG000BFL116,-0.009914045,-0.0055505214,901888
20100317,15:30:00.000,BBG000BFC8J2,0.026763543,0.02276227,3303964
20100317,15:30:00.000,BBG000C15T95,-0.0075280247,-0.009783702,1008751
20100317,15:30:00.000,BBG000FP1N32,-0.010182179,-0.005274761,3043115
20100317,15:30:00.000,BBG000JWD753,-0.019420523,-0.015458101,32714434
20100317,15:30:00.000,BBG000BWNFZ9,0.007877383,0.012958252,5452491
20100317,15:30:00.000,BBG000BSLZY7,-0.011258008,-0.0021660337,10926890
20100317,15:30:00.000,BBG000BCBCM7,0.0006339492,-0.0016902573,6215669
20100317,15:30:00.000,BBG000BBGGQ1,-0.0056273476,0.00048673892,8648336
20100317,15:30:00.000,BBG000BCWCG1,0.00070067955,0.009606529,3943182
20100317,15:30:00.000,BBG000BLBVN4,0.00022630118,0.00285472,721529
20100317,15:30:00.000,BBG000C46HM9,-0.008581214,-0.009231598,5917509
20100317,15:30:00.000,BBG000BTKGG8,0.012047954,0.023395378,5969445
20100317,15:30:00.000,GEN_EQ0010059600001000,0.04639917,0.057015233,9181034
20100317,15:30:00.000,BBG000C8H633,0.008785471,0.01799523,5287771
20100317,15:30:00.000,BBG000BTR593,0.0047030263,0.008453335,4477731
20100317,15:30:00.000,GEN_EQ0000000000158587,0.004707672,0.005776757,1841521
20100317,15:30:00.000,BBG000F6H8W8,0.0009784973,0.0061579566,2176881
20100317,15:30:00.000,BBG000BFQYY3,-0.002860875,-0.0023639598,2018042
20100317,15:30:00.000,BBG000BNBDC2,0.00032814118,-0.0016571208,4870312
20100317,15:30:00.000,BBG000BSJTT0,0.008974937,0.016624538,4391831
20100317,15:30:00.000,BBG000BJL3N0,0.008065918,0.017132344,11420714
20100317,15:30:00.000,BBG000BYWTX7,-0.009007004,0.0029391614,12740369
20100317,15:30:00.000,BBG000BD8PN9,0.0040736804,0.011575207,4902697
20100317,15:30:00.000,BBG000BHLYP4,-0.005514177,0.0027680865,257675
20100317,15:30:00.000,BBG000C1BW00,0.003133392,0.0026004966,2164157
20100317,15:30:00.000,BBG000J6XT05,-0.006373173,-0.0026446092,2785865
20100317,15:30:00.000,BBG000BJX8C8,0.0017152134,0.012923383,3297290
20100317,15:30:00.000,BBG000BCVJ77,0.0044460003,0.0021521074,1930494
20100317,15:30:00.000,BBG000BZ9223,-0.012583312,-0.010255894,2154443
20100317,15:30:00.000,BBG000H556T9,-0.009239998,-0.0067455852,4261066
20100317,15:30:00.000,BBG000BJF1Z8,0.0064158957,0.007276398,3766412
20100317,15:30:00.000,BBG000BB5006,0.010146365,0.015708566,7037177
20100317,15:30:00.000,BBG000F0KF42,,,10223630
20100317,15:30:00.000,BBG000BKFBD7,0.013764596,0.027179796,4466205
20100317,15:30:00.000,BBG000BFDXW1,-0.009231212,0.0016420861,3308677
20100317,15:30:00.000,BBG000BW3299,0.004231681,-0.00517475,3604044
20100317,15:30:00.000,BBG000F0PF65,0.00024966712,0.0032185027,4279841
20100317,15:30:00.000,BBG000BNWG87,-0.0061997976,-0.007538056,4616165
20100317,15:30:00.000,BBG000BH13K9,0.011822037,0.014475188,5375142
20100317,15:30:00.000,BBG000BH1NH9,0.003403498,0.007887636,3060768
20100317,15:30:00.000,BBG000DY8ZS4,-0.018625956,-0.008593859,12350811
20100317,15:30:00.000,BBG000BP8Z50,-0.022950113,-0.016271902,19529258
20100317,15:30:00.000,BBG000BJ81C1,-0.0012647922,0.0032155174,3972847
20100317,15:30:00.000,BBG000BBVJZ8,-0.012117778,-0.008855578,6847354
20100317,15:30:00.000,BBG000BQ8KV2,-0.023284035,-0.022889836,6223480
20100317,15:30:00.000,BBG000BGKTF9,-0.020952092,-0.008173279,4578398
20100317,15:30:00.000,BBG000BFRF55,-0.013644386,-0.013510157,4773100
20100317,15:30:00.000,BBG000BRK7L6,0.017464155,0.025562257,10747190
20100317,15:30:00.000,BBG000BWLMJ4,-0.0061502517,-0.00028945913,4359163
20100317,15:30:00.000,BBG000BD4VG8,0.0069730505,0.016658735,3433180
20100317,15:30:00.000,BBG000FW00S1,0.010849309,0.020489598,7001191
20100317,15:30:00.000,BBG000BBJQV0,0.006297637,0.01914923,14225976
20100317,15:30:00.000,BBG000C5Z1S3,0.0045838235,0.019579148,22713576
20100317,15:30:00.000,BBG000BC40Y8,0.009977666,0.015587611,3957206
20100317,15:30:00.000,BBG000DWYF03,-0.0044055544,-0.0028524625,13278477
20100317,15:30:00.000,BBG000BRD0D8,0.012043261,0.02082763,4646516
20100317,15:30:00.000,BBG000H8TVT2,-0.004865664,-0.006736496,2538499
20100317,15:30:00.000,BBG000BP6LJ8,-0.00083515455,-0.0014750925,8377276
20100317,15:30:00.000,BBG000BKFZM4,0.01475892,0.01731145,17916160
20100317,15:30:00.000,BBG000BHBK84,-0.0059119468,-0.0032840653,7148158
20100317,15:30:00.000,BBG000FG3C43,-0.021753097,-0.016981604,6237822
20100317,15:30:00.000,BBG000BH23R1,0.012297567,0.02025891,28320162
20100317,15:30:00.000,BBG000F1ZSQ2,-0.0146529535,-0.008335955,844192
20100317,15:30:00.000,BBG000GFFQN9,-0.004457881,0.0061099366,11852536
20100317,15:30:00.000,BBG000BNDN65,0.00077086425,0.0075889044,9448314
20100317,15:30:00.000,BBG000C43RR5,-0.0011903672,0.006344853,13348815
20100317,15:30:00.000,BBG000BP52R2,0.0011941546,0.0050206957,3275683
20100317,15:30:00.000,BBG000BBPFB9,0.002553031,0.015254996,23872244
20100317,15:30:00.000,BBG000BC2C10,0.009728673,0.013815205,2012730
20100317,15:30:00.000,BBG000BFT2L4,0.005188594,0.0034279888,11983968
20100317,15:30:00.000,BBG000L9CV04,0.0038896028,0.004723865,4516783
20100317,15:30:00.000,BBG000FL1TC8,-0.0070010377,-0.010809544,5536918
20100317,15:30:00.000,BBG000FFDM15,-0.010210485,-3.519225e-07,9003848
20100317,15:30:00.000,BBG000BH4R78,-0.0026941218,-0.0047425423,6279740
20100317,15:30:00.000,BBG000B9ZXB4,-0.0006974982,-0.0051194867,5716427
20100317,15:30:00.000,BBG000BGRY34,0.0052819583,0.0071545322,5974276
20100317,15:30:00.000,BBG000G2R6M0,-0.008472392,-0.00449568,6738884
20100317,15:30:00.000,BBG000BCSST7,0.007904068,0.005237316,4783745
20100317,15:30:00.000,BBG000BVV7G1,-0.0046754484,0.008109147,10425722
20100317,15:30:00.000,BBG000BW8S60,-0.0024144866,-0.0040045762,3583131
20100317,15:30:00.000,BBG000BL4504,-0.022326294,-0.016132543,13384926
20100317,15:30:00.000,BBG000DQLV23,5.2418833e-05,-0.004616715,10264889
20100317,15:30:00.000,BBG000BBS2Y0,0.00071433705,-0.0040909965,3817673
20100317,15:30:00.000,BBG000BHVJJ3,-0.009530706,-0.007456049,17581012
20100317,15:30:00.000,BBG000J2XL74,0.008166014,0.010732408,4288210
20100317,15:30:00.000,BBG000CH5208,-0.010662122,-0.016634064,8738453
20100317,15:30:00.000,BBG000BCQZS4,-0.009457243,-0.0026887741,6989425
20100317,15:30:00.000,BBG000BFWKC0,0.008851773,0.003886648,7189790
20100317,15:30:00.000,BBG000BCG930,0.0013146462,-0.007668241,5066503
20100317,15:30:00.000,BBG000PSKYX7,-0.0077719125,-0.0019661144,2885832
20100317,15:30:00.000,BBG000BPWXK1,-0.00707614,-0.0022422597,5024149
20100317,15:30:00.000,BBG000BWXBC2,-0.002467255,-0.0021415763,10199231
20100317,15:30:00.000,BBG000BQQ2S6,0.0068270876,0.009349489,3577199
20100317,15:30:00.000,BBG000BH5LT6,-0.0047305548,-0.011924212,5036663
20100317,15:30:00.000,BBG000DWG505,0.0016513795,-0.0010948689,3334684
20100317,15:30:00.000,BBG000BF0K17,0.008411496,0.012446177,6176581
20100317,15:30:00.000,BBG000BKTFN2,0.01738421,0.02427845,13091633
20100317,15:30:00.000,BBG000BB07P9,0.00040818946,0.0029950147,7878021
20100317,15:30:00.000,BBG000BNSZP1,-0.0025619692,0.003938494,4069557
20100317,15:30:00.000,BBG000BKZB36,-0.008328113,-0.0027664693,10870559
20100317,15:30:00.000,BBG000CKGBP2,-0.0041540675,-0.0094785625,5868158
20100317,15:30:00.000,BBG000DH7JK6,0.0031954087,0.003632753,4762155
20100317,15:30:00.000,BBG000D4LWF6,-0.0030418092,-0.0026943176,8393694
20100317,15:30:00.000,BBG000BQQH30,0.013239127,0.016863264,9691836
20100317,15:30:00.000,BBG000B9WH86,0.04557141,0.049291376,71899272
20100317,15:30:00.000,BBG000BQLTW7,0.009198558,0.010311949,25423660
20100317,15:30:00.000,BBG000HS77T5,0.005735684,0.00701514,11723185
20100317,15:30:00.000,GEN_EQ0011904200001000,0.006363203,0.008817184,19965308
20100317,15:30:00.000,BBG000BLZRJ2,-0.011742558,-0.0036317168,14191086
20100317,15:30:00.000,BBG000BMX289,0.0015881828,0.0020483113,7461266
20100317,15:30:00.000,BBG000BPD168,0.00084670243,-0.0052719475,8209193
20100317,15:30:00.000,BBG000BT41Q8,0.008607646,0.015028242,10241618
20100317,15:30:00.000,BBG000BMHYD1,0.0038995026,0.0009309032,6501414
20100317,15:30:00.000,BBG000BR2TH3,0.005756824,0.0058226883,6803883
20100317,15:30:00.000,BBG000KHWT55,-0.00305884,-7.1003785e-07,10769750
20100317,15:30:00.000,BBG000BTZQC4,-0.005123093,-0.011157987,5800443
20100317,15:30:00.000,BBG000BSJK37,0.0010321068,0.00038699165,14657890
20100317,15:30:00.000,BBG000BLNNH6,-0.010055899,-0.007385399,4975495
20100317,15:30:00.000,BBG000K4ND22,0.0020529316,0.007028277,8613921
20100317,15:30:00.000,BBG000BX3TD3,-0.024203949,-0.024064425,13244704
20100317,15:30:00.000,BBG000CR90K4,-0.0043971175,-0.008919413,7093575
20100317,15:30:00.000,BBG000BVPV84,-0.0002026594,-0.001177119,3278677
20100317,15:30:00.000,BBG000CGC1X8,-0.00547219,-0.00487383,19139840
20100317,15:30:00.000,BBG000BR2B91,-0.0025647813,-0.0052124076,44187652
20100317,15:30:00.000,BBG000BQPC32,0.039188053,0.03485335,117529232
20100317,15:30:00.000,BBG000BK6MB5,-0.005724726,-0.00055266963,133226216
20100317,15:30:00.000,BBG000C3J3C9,0.0036370717,0.0026757417,27729184
20100317,15:30:00.000,BBG000C0G1D1,-0.00022746583,0.008633475,66661688
20100317,15:30:00.000,BBG000BWQFY7,-0.0022105537,0.0036324183,26977752
20100317,15:30:00.000,BBG000BJDB15,-0.010301433,-0.006086307,9329562
20100317,15:30:00.000,BBG000BPH459,0.0038112612,0.006807983,43396504
20100317,15:30:00.000,BBG000C6CFJ5,-0.0021656598,0.0014767487,7287067
20100317,15:30:00.000,BBG000DMBXR2,0.004378935,0.010181774,27921624
20100317,15:30:00.000,BBG000BHSKN9,-0.0043958747,0.0009819788,2152903
20100317,15:30:00.000,BBG000GZQ728,0.0024669769,0.010356689,30390618
20100317,15:30:00.000,BBG000BCTLF6,-0.0029336049,0.006454157,109639736
20100317,15:30:00.000,BBG000B9XRY4,-0.0014271692,-0.0029621883,12171611
20100317,15:45:00.000,GEN_EQ0021071400001000,-0.028775435,-0.024847506,2712765
20100317,15:45:00.000,GEN_EQ0096849600001000,-0.01710395,0.003975826,1212297
20100317,15:45:00.000,BBG000BJ49H3,-0.014480011,-0.009139588,1190475
20100317,15:45:00.000,BBG000BMFD58,-0.009275526,-0.0010643706,7307974
20100317,15:45:00.000,BBG000BFVXX0,-0.0048452583,-0.0012696434,1742087
20100317,15:45:00.000,BBG000CHWP52,-0.0011459049,0.0021587485,1072687
20100317,15:45:00.000,BBG000BT9T73,0.072733745,0.08770421,38270660
20100317,15:45:00.000,BBG000BCQ4P6,0.007241125,0.013507767,1365427
20100317,15:45:00.000,BBG000BMLWX8,0.011856398,0.002847127,2887934
20100317,15:45:00.000,BBG000BP7JB0,-0.005813346,0.0017577934,4099488
20100317,15:45:00.000,BBG000BNW1S8,-0.014247764,-0.006030097,1362495
20100317,15:45:00.000,BBG000MQ1SN9,0.007885659,0.011168375,875288
20100317,15:45:00.000,BBG000BVB8Q0,-0.014467293,-0.010919659,1940562
20100317,15:45:00.000,BBG000BSC0K9,-0.006625492,-0.005375033,674922
20100317,15:45:00.000,BBG000C7LMS8,0.0077895587,0.01580737,588872
20100317,15:45:00.000,BBG000BB5792,0.011057293,0.017530626,2317039
20100317,15:45:00.000,BBG000BFDLV8,0.01582405,0.020505799,526522
20100317,15:45:00.000,BBG000BTLMX5,-0.00016143304,0.0036472024,894693
20100317,15:45:00.000,BBG000CQB185,0.016628912,0.021460034,2047079
20100317,15:45:00.000,BBG000BKVJK4,0.0044367774,0.0075323326,1110314
20100317,15:45:00.000,BBG000BQC9V2,0.010123326,0.012899721,5264029
20100317,15:45:00.000,BBG000CC53X1,0.012016072,0.016397206,1073836
20100317,15:45:00.000,BBG000C45984,-0.0032747774,0.00013128777,1690013
20100317,15:45:00.000,BBG000BJNGN9,0.0020008767,0.008477193,2320955
20100317,15:45:00.000,BBG000FQRVM3,0.0033408264,0.0046857074,701163
20100317,15:45:00.000,BBG000D2M0Z7,-0.007292045,-0.0013761289,558213
20100317,15:45:00.000,BBG000K82ZT8,-0.009717352,-0.0041996324,1229972
20100317,15:45:00.000,BBG000BF5RY1,-0.0043135867,-0.0032936605,7441136
20100317,15:45:00.000,BBG000BNMHS4,-0.0018594972,0.005506255,894718
20100317,15:45:00.000,BBG000CPHYL4,-0.014252603,-0.012227434,8456197
20100317,15:45:00.000,GEN_EQ0000000000852052,0.0007658859,0.013786452,1271045
20100317,15:45:00.000,BBG000BCHG15,0.020464689,0.025940577,757488
20100317,15:45:00.000,BBG000BNNKG9,0.009530396,0.01567059,2892628
20100317,15:45:00.000,BBG000DR22B6,-0.025911015,-0.019246345,2683391
20100317,15:45:00.000,BBG000BHK836,-0.0105616655,-0.0033597988,1599455
20100317,15:45:00.000,BBG000BV4DR6,0.013431107,0.02823616,5375587
20100317,15:45:00.000,BBG000BC9938,-0.017158523,-0.009992582,1421934
20100317,15:45:00.000,BBG000DSMS70,-0.004336381,-0.005732324,686461
20100317,15:45:00.000,BBG000BWCKB6,-0.0003772824,0.0058851396,654410
20100317,15:45:00.000,BBG000BP5YT0,-0.004059778,0.007827306,5233547
20100317,15:45:00.000,BBG000BGYWY6,0.005421516,0.015450116,1566440
20100317,15:45:00.000,GEN_EQ0010580600001000,0.0066599958,0.019066269,1924680
20100317,15:45:00.000,BBG000BFJ645,0.01510594,0.016281925,3514658
20100317,15:45:00.000,BBG000PV2L86,0.001769594,0.0037406248,2079179
20100317,15:45:00.000,BBG000BXBHJ4,-0.011074121,-0.004596518,988140
20100317,15:45:00.000,BBG000BB29X4,0.00038224805,0.0031779755,1068569
20100317,15:45:00.000,BBG000BBBP59,0.0012707115,0.0076507996,481136
20100317,15:45:00.000,BBG000BVHBM1,0.0005587656,-0.009290995,2481603
20100317,15:45:00.000,BBG000BWGYF8,0.032328874,0.06686763,3791832
20100317,15:45:00.000,BBG000BBL8V7,0.0064020483,0.014383909,3279398
20100317,15:45:00.000,BBG000BPNP00,-0.008970273,0.0071960776,1365124
20100317,15:45:00.000,BBG000RGM5P1,,,1709720
20100317,15:45:00.000,BBG000FKYVH4,0.0021111052,0.0073028333,1082525
20100317,15:45:00.000,BBG000BGXZB5,0.0028487705,7.381186e-07,3903390
20100317,15:45:00.000,BBG000BTQ9G8,0.0001672354,0.0046147555,2382536
20100317,15:45:00.000,BBG000BCTQ65,0.0049181753,0.0061047133,1425960
20100317,15:45:00.000,BBG000BK2F42,0.0023096404,0.010631541,2591152
20100317,15:45:00.000,BBG000F7RCJ1,-0.00802245,0.0021269664,997517
20100317,15:45:00.000,BBG000C2YHG9,-0.012985881,-0.013925055,1787651
20100317,15:45:00.000,BBG000BRJL00,-5.2553027e-05,0.0062262975,1722095
20100317,15:45:00.000,BBG000BQT4L6,-0.005378565,0.0038572534,3632953
20100317,15:45:00.000,BBG000FDBX90,-0.0015302909,-9.4935183e-07,2089119
20100317,15:45:00.000,BBG000BKR1D6,-0.007917604,0.0036189952,400261
20100317,15:45:00.000,GEN_EQ0010003600001000,-0.004978419,0.00127488,1571115
20100317,15:45:00.000,BBG000BPXVJ6,-0.004364601,-0.0024244476,2384068
20100317,15:45:00.000,BBG000BN84F3,0.0033253294,0.0071969223,1088484
20100317,15:45:00.000,BBG000DSZTN6,0.011399703,0.018703872,1814689
20100317,15:45:00.000,BBG000BBCDZ2,-0.008879378,-0.0028915785,702290
20100317,15:45:00.000,BBG000PQ6YJ3,-0.012285967,-0.006560604,359196
20100317,15:45:00.000,BBG000HQ7GC7,-0.016631583,-0.0049948045,2066586
20100317,15:45:00.000,BBG000BC15S7,-0.004978903,0.00059718697,984339
20100317,15:45:00.000,BBG000PX3XC0,0.0033704308,0.010648913,687337
20100317,15:45:00.000,BBG000BSXQV7,0.0009355434,0.008992851,869618
20100317,15:45:00.000,BBG000BP1Q11,0.008677556,0.010325492,1070330
20100317,15:45:00.000,GEN_EQ0010206100001000,-0.011991287,-0.01573052,5676949
20100317,15:45:00.000,BBG000C3GN47,0.0038688455,0.008260968,1314331
20100317,15:45:00.000,BBG000BN7277,0.00028560916,0.0014715898,2317543
20100317,15:45:00.000,BBG000C3NTN5,-0.005679471,-0.0067797634,2691911
20100317,15:45:00.000,BBG000DWB323,-0.0035223195,0.0069856592,3541893
20100317,15:45:00.000,BBG000BR1W32,-0.002454854,0.007030058,1241002
20100317,15:45:00.000,BBG000BF2KK4,-0.005909382,-0.0010549666,1418830
20100317,15:45:00.000,BBG000BNBPQ0,0.011737196,0.027646337,2497106
20100317,15:45:00.000,BBG000BWXL85,-0.000719438,0.003432097,1687106
20100317,15:45:00.000,GEN_EQ0010624300001000,0.0046665375,-0.004942399,1825419
20100317,15:45:00.000,BBG000JBN3X6,-0.010724545,-0.025790203,5955860
20100317,15:45:00.000,BBG000BFNR17,-0.0015200906,0.00722505,1665891
20100317,15:45:00.000,BBG000CXYSZ6,0.0307113,0.031182364,1191425
20100317,15:45:00.000,BBG000FV1Z23,-0.017033078,-0.018083865,2270348
20100317,15:45:00.000,GEN_EQ0010548100001000,0.02489953,0.037570026,9788631
20100317,15:45:00.000,GEN_EQ0010141600001000,0.0027780412,0.01040977,2218498
20100317,15:45:00.000,BBG000BW2QX0,-0.0031747187,0.006612191,4346637
20100317,15:45:00.000,BBG000C1S2X2,-0.022698576,-0.029509926,1549748
20100317,15:45:00.000,BBG000BVXPZ8,0.0055938503,0.013661455,4032883
20100317,15:45:00.000,BBG000B9ZV28,0.0018236608,0.007845917,392759
20100317,15:45:00.000,BBG000CPQZ77,-0.006998293,0.0013600031,1549038
20100317,15:45:00.000,BBG000BGD7W6,-0.0063684327,-0.00382327,2538808
20100317,15:45:00.000,GEN_EQ0010168800001000,-0.0108056385,-0.007797099,20760492
20100317,15:45:00.000,BBG000D9KWL9,0.0025706906,0.013019066,502333
20100317,15:45:00.000,BBG000BR37X2,0.018185347,0.027059542,6547889
20100317,15:45:00.000,BBG000BR54L0,0.0077014915,0.0043871542,4699645
20100317,15:45:00.000,BBG000BLHRS2,-0.014860128,-0.010000224,1607356
20100317,15:45:00.000,BBG000BX3BL3,-0.012274845,0.010970269,1011593
20100317,15:45:00.000,BBG000BL5W86,0.011589456,0.020887718,9731152
20100317,15:45:00.000,BBG000BJKPG0,0.0024981445,0.011651662,1250527
20100317,15:45:00.000,BBG000BCYP43,0.004481563,0.006909303,655512
20100317,15:45:00.000,BBG000MBDGM6,0.008267583,0.02012531,528548
20100317,15:45:00.000,BBG000CGT2S4,-0.011481888,-0.006518144,883159
20100317,15:45:00.000,BBG000BMFFQ0,-0.000858687,0.010685296,1615103
20100317,15:45:00.000,BBG000BWVSR1,-0.0028599906,0.00014725045,1247004
20100317,15:45:00.000,BBG000FL0BC8,-0.03900514,-0.0361394,3431572
20100317,15:45:00.000,BBG000F86GP6,-0.010518566,-0.0017423086,891117
20100317,15:45:00.000,BBG000BHB3M6,0.0038080257,0.009917982,682747
20100317,15:45:00.000,BBG000BDWKC5,0.003102295,0.010547553,3145265
20100317,15:45:00.000,BBG000BJDPC2,0.016330326,0.016941417,2372310
20100317,15:45:00.000,BBG000BP4MH0,-0.004649089,0.00081722013,4090212
20100317,15:45:00.000,BBG000C9W1Y1,,,3476128
20100317,15:45:00.000,BBG000BKSL41,0.0063863997,0.015223194,6301409
20100317,15:45:00.000,BBG000CVWGS6,0.010516186,0.013750959,14159483
20100317,15:45:00.000,BBG000F80SZ5,0.020165445,0.032633886,8228034
20100317,15:45:00.000,BBG000DKCC19,-0.00077103113,0.0016983803,3682161
20100317,15:45:00.000,GEN_EQ0010091900001000,0.018263614,0.01860086,545877
20100317,15:45:00.000,BBG000BG7986,0.0112907635,0.0059717163,2038286
20100317,15:45:00.000,BBG000D7RKJ5,0.0018148199,0.007271499,1643808
20100317,15:45:00.000,BBG000KLB4Q1,0.013317353,0.026794823,4252750
20100317,15:45:00.000,BBG000DQTXY6,-0.008041751,-0.015332346,4037192
20100317,15:45:00.000,BBG000BFS7D3,0.0065080593,0.009692412,2242487
20100317,15:45:00.000,BBG000BV75B7,-0.012827211,-0.01771778,2219288
20100317,15:45:00.000,BBG000C2PW58,0.040396683,0.051264193,816387
20100317,15:45:00.000,BBG000BKZTP3,-0.018647604,-0.006708332,3607971
20100317,15:45:00.000,BBG000CFJL87,0.006009263,-0.0015067641,1956609
20100317,15:45:00.000,BBG000QY3XZ2,-0.002564209,0.0057108137,3164960
20100317,15:45:00.000,BBG000BJ5GK2,-0.0039960993,0.0006665137,926348
20100317,15:45:00.000,BBG000Q0BPZ4,0.03275062,0.04271836,5046534
20100317,15:45:00.000,BBG000NSCNT7,0.017168352,0.0342842,5477291
20100317,15:45:00.000,GEN_EQ0010104800001000,0.008322073,0.018976996,7225654
20100317,15:45:00.000,BBG000G8N9C6,0.0020792575,0.0012595013,1834654
20100317,15:45:00.000,BBG000BHKYH4,-0.012835743,-0.005261209,1620084
20100317,15:45:00.000,BBG000BK1FD3,-0.023286749,-0.012574252,3283340
20100317,15:45:00.000,BBG000BT4T69,-0.003114793,0.0014265815,7691470
20100317,15:45:00.000,GEN_EQ0011591100001000,0.0045785047,0.0112677505,2201438
20100317,15:45:00.000,BBG000FFH4P5,-0.0023656038,0.0015054406,513429
20100317,15:45:00.000,BBG000BGRKT6,0.008526278,0.00989553,873775
20100317,15:45:00.000,BBG000DN7P92,0.009363322,0.01118692,1610994
20100317,15:45:00.000,BBG000M4SW14,0.024644338,0.029624844,965365
20100317,15:45:00.000,BBG000BNGTQ7,0.0009153605,-0.0016174898,3388609
20100317,15:45:00.000,BBG000BL79J3,-0.010973197,-0.011397892,2592859
20100317,15:45:00.000,BBG000BDG1Y1,-0.0070278225,-0.0006349978,2085300
20100317,15:45:00.000,BBG000D9DMK0,0.0034020653,0.00859934,885341
20100317,15:45:00.000,BBG000BVPPM1,0.011522928,0.019375997,5953478
20100317,15:45:00.000,BBG000D3MB18,-0.002594499,0.0011508513,3643458
20100317,15:45:00.000,BBG000DGPR66,0.022088613,0.028896758,1257109
20100317,15:45:00.000,BBG000BLDV98,-0.0036012458,-0.0053146183,3619381
20100317,15:45:00.000,BBG000C6F3T8,0.0024645147,0.0076863477,3590808
20100317,15:45:00.000,BBG000BS0ZF1,0.004506315,0.007433045,510355
20100317,15:45:00.000,BBG000DNTSP4,-0.009221599,-0.0022272863,1620304
20100317,15:45:00.000,BBG000LL9LQ5,-0.00749207,-0.0043984093,2800083
20100317,15:45:00.000,GEN_EQ0140919900001000,0.0043458426,0.007858321,1533257
20100317,15:45:00.000,BBG000QRSL13,-0.015857043,-0.006717049,9081811
20100317,15:45:00.000,BBG000BRJ809,0.014845565,0.017025113,958016
20100317,15:45:00.000,BBG000D1QCF1,-0.009408411,-0.0003155117,1239726
20100317,15:45:00.000,BBG000BLCPY4,0.008573104,0.00036706196,1434282
20100317,15:45:00.000,BBG000CNWNL6,0.0039959042,0.024336785,2400477
20100317,15:45:00.000,BBG000DV7MX4,-0.021110378,-0.0061851484,13645423
20100317,15:45:00.000,BBG000BP1152,-0.018695364,-0.013161462,5417069
20100317,15:45:00.000,BBG000BHCP19,-0.007981559,0.008465781,2840130
20100317,15:45:00.000,BBG000BGKHZ3,-0.013587916,-0.0026165275,1449562
20100317,15:45:00.000,BBG000BMB7R1,0.0015108009,0.0057323547,926399
20100317,15:45:00.000,BBG000BHLYS1,-0.00017668713,0.0008997597,1309562
20100317,15:45:00.000,BBG000BKWSR6,0.034444302,0.04714342,24402230
20100317,15:45:00.000,BBG000JN9BQ6,0.018048698,0.01767208,1348066
20100317,15:45:00.000,BBG000BRZBT3,0.0049675484,0.0021657972,2743355
20100317,15:45:00.000,BBG000FBK808,0.0102660265,0.01591881,10503899
20100317,15:45:00.000,BBG000BXRPH1,-0.01759001,-0.011710745,1402340
20100317,15:45:00.000,BBG000BQSQ38,-0.0074240207,0.0024770082,2246229
20100317,15:45:00.000,BBG000BVMPN3,0.009180496,0.0206146,1473398
20100317,15:45:00.000,BBG000BGFLL5,0.009252537,0.022896638,3208784
20100317,15:45:00.000,BBG000BJ98Z0,0.040013555,0.03654106,1681275
20100317,15:45:00.000,BBG000NDZ417,-0.009594728,-0.004904585,1881272
20100317,15:45:00.000,BBG000BKPL53,-0.0075691366,-0.004759781,1778332
20100317,15:45:00.000,BBG000BD0TF8,0.009618834,0.021030253,1068268
20100317,15:45:00.000,BBG000BY2Y78,0.020021401,0.03265586,4984018
20100317,15:45:00.000,BBG000BPMH90,0.005118374,0.014078357,1408792
20100317,15:45:00.000,BBG000BBNYF6,0.01207037,0.020195771,1561608
20100317,15:45:00.000,BBG000FJRZ68,-0.0065783467,-0.013805264,1775896
20100317,15:45:00.000,BBG000FKJRC5,0.0017790115,0.0045689177,750273
20100317,15:45:00.000,BBG000CL9VN6,0.0013423311,0.0035383902,555491
20100317,15:45:00.000,BBG000BK6G19,-0.0034494724,-0.0006461163,1128502
20100317,15:45:00.000,BBG000C23KJ3,-0.016209766,-0.012632417,7259957
20100317,15:45:00.000,BBG000BB5BF6,0.011246752,0.01958224,5862716
20100317,15:45:00.000,BBG000BK5DP1,0.014714679,0.01950703,3478492
20100317,15:45:00.000,BBG000BJVZF7,0.0054689753,0.0062121637,1714894
20100317,15:45:00.000,BBG000BN5HF7,-0.009250918,-0.010736208,3884046
20100317,15:45:00.000,BBG000BL9439,-0.0025351883,0.0029585997,1364514
20100317,15:45:00.000,BBG000BJQWD2,0.0046037836,0.013580024,3057002
20100317,15:45:00.000,BBG000D8RG11,-0.0075347372,-0.004440532,2327422
20100317,15:45:00.000,BBG000BS9489,0.008088409,0.010962197,1506584
20100317,15:45:00.000,BBG000BH5DV1,-0.007860656,-0.0038970828,2988546
20100317,15:45:00.000,BBG000BMKDM3,-0.0021012533,0.0016085935,1750083
20100317,15:45:00.000,BBG000C75N77,0.0023844286,0.011935823,3126201
20100317,15:45:00.000,BBG000BKXFN7,-0.018242795,-0.022199992,5551727
20100317,15:45:00.000,BBG000BTCH57,0.0025797826,0.0056054094,1740964
20100317,15:45:00.000,BBG000BM7HL0,-0.0022908836,0.007681357,2528778
20100317,15:45:00.000,BBG000BNFLM9,-0.006633058,0.00562811,2707352
20100317,15:45:00.000,BBG000BBVCN6,0.0066935373,0.0034938296,628660
20100317,15:45:00.000,BBG000LD9JQ8,-0.015005794,-0.011274637,2931248
20100317,15:45:00.000,BBG000MDCQC2,-0.007991494,-0.0045834635,2537878
20100317,15:45:00.000,BBG000BLBXT4,-0.0030652734,-0.0007060063,2318669
20100317,15:45:00.000,BBG000BDXGP9,0.004381697,0.0070299585,2426169
20100317,15:45:00.000,BBG000BR3KL6,0.008634802,0.012025253,1321375
20100317,15:45:00.000,BBG000BX9WL1,0.022958303,0.039199263,11937546
20100317,15:45:00.000,BBG000BQ74K1,0.0066328547,0.016161054,1359709
20100317,15:45:00.000,BBG000BWSV34,0.005536123,0.00550512,814186
20100317,15:45:00.000,BBG000BQZMH4,-0.0076346295,-0.0054626865,3149517
20100317,15:45:00.000,GEN_EQ0010066700001000,-0.0085105235,-0.0071522514,1516372
20100317,15:45:00.000,BBG000BQVTF5,0.0059439777,0.012699303,2957513
20100317,15:45:00.000,BBG000LC1FS4,0.0165322,0.01784829,1703121
20100317,15:45:00.000,GEN_EQ0010050500001000,-0.0107006645,-0.0053595155,6646734
20100317,15:45:00.000,BBG000G3QLY3,0.013862999,0.018320223,1413100
20100317,15:45:00.000,BBG000QBR5J5,-0.016919462,-0.007846699,9705948
20100317,15:45:00.000,BBG000BTQR96,0.010786809,0.0126413535,1719340
20100317,15:45:00.000,GEN_EQ0012661800001000,-0.013132996,-0.017020838,1802023
20100317,15:45:00.000,BBG000CKJ0P3,-0.0027434246,-0.0041169478,828852
20100317,15:45:00.000,BBG000HGYNZ9,-0.008949384,-0.012090863,4848404
20100317,15:45:00.000,BBG000BV7LP7,0.005987445,0.01198791,3019571
20100317,15:45:00.000,BBG000BBVK30,0.0006450026,-0.012416945,9809788
20100317,15:45:00.000,BBG000BFXHL6,-0.016059468,-0.020161167,3412782
20100317,15:45:00.000,BBG000BGLRN3,0.005949148,0.00947561,2290106
20100317,15:45:00.000,BBG000C2V3D6,-0.009932301,-0.0020959226,2334391
20100317,15:45:00.000,BBG000BGVW60,0.014092063,0.014033178,5810037
20100317,15:45:00.000,BBG000BTVJ25,0.0063842763,0.013620246,3455279
20100317,15:45:00.000,GEN_EQ0010020500001000,0.004709934,0.013042643,3245326
20100317,15:45:00.000,BBG000BHQ1H0,0.012579474,0.011756498,1084710
20100317,15:45:00.000,BBG000BNC3Y9,0.029794289,0.042873967,8981594
20100317,15:45:00.000,BBG000BVVQQ8,-0.0056683654,0.0029856612,2742892
20100317,15:45:00.000,GEN_EQ0010281900001000,-9.22493e-06,-0.00056502613,1090450
20100317,15:45:00.000,BBG000C1FB75,-0.0092446655,0.0020703787,477774
20100317,15:45:00.000,BBG000BFTJ91,0.0069238227,0.0059940787,5582748
20100317,15:45:00.000,BBG000C1FQS9,-0.0014704332,0.0028656372,1090775
20100317,15:45:00.000,BBG000BSBZH7,-0.0010977302,-0.0047965134,1994238
20100317,15:45:00.000,BBG000F15NW9,-0.015270939,-0.01572478,4057869
20100317,15:45:00.000,BBG000BPT0C6,0.019742224,0.023775712,1997019
20100317,15:45:00.000,GEN_EQ0010145600001000,0.0022605313,-0.004226437,5735751
20100317,15:45:00.000,BBG000H89QJ6,0.0071589616,0.0061805756,1688679
20100317,15:45:00.000,BBG000BR14K5,-0.0029677816,0.004489696,1821825
20100317,15:45:00.000,BBG000BP6L99,0.012393828,0.014375164,23743620
20100317,15:45:00.000,BBG000BQWPC5,-0.0007236701,-0.00057893124,1428662
20100317,15:45:00.000,BBG000BNNYW1,-0.0019256985,0.0021625871,1736365
20100317,15:45:00.000,BBG000BJ3PD2,-0.002650613,0.00013412887,1101548
20100317,15:45:00.000,BBG000PVRDL2,0.02830673,0.029643577,7982673
20100317,15:45:00.000,BBG000C2ZCH8,0.0026503878,0.0007951829,1565866
20100317,15:45:00.000,BBG000TK7PB8,0.0052912342,0.013783854,6669092
20100317,15:45:00.000,BBG000BB6M98,-0.002961671,0.0012473011,1982431
20100317,15:45:00.000,BBG000HW5GX3,0.010783513,0.013375166,1397208
20100317,15:45:00.000,BBG000BLKK03,0.0077525154,0.0069224094,1736153
20100317,15:45:00.000,BBG000BCZYD3,0.0017880211,0.002215796,631621
20100317,15:45:00.000,BBG000CSY9H9,-0.011220436,-0.0037080864,1592908
20100317,15:45:00.000,BBG000BB9KF2,-0.003751458,-0.0007188098,1533139
20100317,15:45:00.000,BBG000BMQPL1,0.011178375,0.022092614,16823746
20100317,15:45:00.000,BBG000BMTFR4,-0.004587818,0.01050956,3298055
20100317,15:45:00.000,BBG000H9G7X2,0.011589618,0.010812866,2149343
20100317,15:45:00.000,BBG000BCNYT9,0.007023773,0.010162966,2388903
20100317,15:45:00.000,BBG000C0MF34,-0.005021802,-0.003745614,937925
20100317,15:45:00.000,BBG000BN2DC2,-0.008113384,-0.0022809529,1073925
20100317,15:45:00.000,BBG000BN9WT5,-0.0031156773,0.011061958,5135949
20100317,15:45:00.000,BBG000BQ5DS5,0.005543363,-0.00090714963,1484245
20100317,15:45:00.000,BBG000BCGY17,-0.0022424643,0.0004550564,1318007
20100317,15:45:00.000,BBG000BB6G37,-0.00052513194,0.013326756,2989811
20100317,15:45:00.000,BBG000CHPY97,-0.030201597,-0.027177917,5156995
20100317,15:45:00.000,BBG000TWC2V5,0.0012900722,0.0021523742,1586793
20100317,15:45:00.000,GEN_EQ0117562400001000,-0.001934059,-0.0037136914,12391715
20100317,15:45:00.000,BBG000BP0KQ8,0.0037731517,0.012844956,5186832
20100317,15:45:00.000,BBG000BB5373,0.024910195,0.035200316,8695870
20100317,15:45:00.000,BBG000BM6788,-0.017267121,-0.0145554915,3763023
20100317,15:45:00.000,BBG000BH3JF8,-0.00958328,-0.008782248,2323473
20100317,15:45:00.000,GEN_EQ0085215200001000,0.010638773,0.015388144,5280356
20100317,15:45:00.000,BBG000BQ2C28,-0.0007747109,0.0028619443,1205802
20100317,15:45:00.000,BBG000BX5ZF5,-0.025421813,-0.019811597,15638424
20100317,15:45:00.000,BBG000BMDV41,0.0106821675,0.012939831,2345162
20100317,15:45:00.000,GEN_EQ0010319800003000,-0.014099039,-0.028872063,4422010
20100317,15:45:00.000,BBG000BG14P4,0.0025709602,0.008813333,1227832
20100317,15:45:00.000,BBG000GC80B4,,,2605824
20100317,15:45:00.000,BBG000BB2DM7,-0.009552243,-0.006605964,6032814
20100317,15:45:00.000,BBG000BWJFZ4,-0.011696781,-0.01459732,2277181
20100317,15:45:00.000,BBG000BHGDH5,-0.0029157994,-0.00120386,5608652
20100317,15:45:00.000,BBG000BZ2GG4,-0.003005866,0.0037483631,2734240
20100317,15:45:00.000,BBG000D898T9,0.00022601041,0.0034001854,2294680
20100317,15:45:00.000,BBG000BMF5J0,-0.0010520204,0.0027672427,2414606
20100317,15:45:00.000,BBG000BKLH74,-0.0047601876,-0.008159078,5789599
20100317,15:45:00.000,BBG000BGPTV6,-0.012902807,-0.0082341265,2921829
20100317,15:45:00.000,BBG000BH3GZ2,0.014746441,0.02524231,5970505
20100317,15:45:00.000,BBG000BVWLJ6,-0.016805591,-0.012347269,4185331
20100317,15:45:00.000,BBG000C496P7,-0.022615252,-0.018964685,7231646
20100317,15:45:00.000,BBG000JG0547,0.004248969,0.0096070655,2290669
20100317,15:45:00.000,BBG000DYGNW7,0.02147641,0.023079036,2294510
20100317,15:45:00.000,BBG000BNJHS8,-0.00414816,-0.015180422,6650125
20100317,15:45:00.000,BBG000BPQD31,-0.00054368126,0.00090582337,2638361
20100317,15:45:00.000,BBG000BT9DW0,0.002491708,0.003913819,2943681
20100317,15:45:00.000,BBG000BB2KW0,-0.00835049,-0.010127166,1105780
20100317,15:45:00.000,BBG000BK67C7,0.014847542,0.015665704,1775071
20100317,15:45:00.000,BBG000DHSPT0,-0.01174142,-0.010377343,2076303
20100317,15:45:00.000,BBG000BFMBQ6,-0.0037605218,-0.0070063956,1755638
20100317,15:45:00.000,BBG000B9WJ73,-0.01099565,-0.0015372213,8242520
20100317,15:45:00.000,BBG000FVXD63,-0.0036765055,0.0015811758,2493896
20100317,15:45:00.000,BBG000B9XYV2,-0.002333349,-0.0034992183,2784054
20100317,15:45:00.000,BBG000BMBL90,0.006568907,0.009599629,3835926
20100317,15:45:00.000,BBG000BB1TH9,-0.0025630705,0.0062128864,1531163
20100317,15:45:00.000,BBG000BVMGF2,-0.0032631739,0.007415466,5089329
20100317,15:45:00.000,BBG000BSD7C2,-0.0034802512,-0.0014085853,1290129
20100317,15:45:00.000,BBG000J5Q6L2,-0.026553985,-0.013884503,7568172
20100317,15:45:00.000,BBG000BC4JJ4,-0.0060346173,-0.005610953,1458808
20100317,15:45:00.000,BBG000BM5SR2,0.03162832,0.06428777,13172363
20100317,15:45:00.000,BBG000BJPDZ1,0.004317924,0.0016313179,315297
20100317,15:45:00.000,BBG000BZTW70,-0.014882069,-0.0206443,5718971
20100317,15:45:00.000,BBG000C5HS04,0.0025796886,0.0066764434,2402300
20100317,15:45:00.000,BBG000M65M61,-0.025971444,-0.036661237,10257392
20100317,15:45:00.000,BBG000BY29C7,0.0024238643,0.009518005,1834979
20100317,15:45:00.000,BBG000BB6WG8,0.009587794,0.017498616,4231265
20100317,15:45:00.000,GEN_EQ0010172300001000,-0.0041457266,-0.0052341297,1079493
20100317,15:45:00.000,BBG000C2BXK4,-0.0070086382,-7.3526945e-07,29006064
20100317,15:45:00.000,BBG000BBBNC6,-0.001985983,0.014054093,2122190
20100317,15:45:00.000,BBG000PM7GJ0,0.014218613,0.021300768,3797504
20100317,15:45:00.000,BBG000Q3JN03,0.008390509,0.021319276,22966426
20100317,15:45:00.000,BBG000C0LW92,-0.023306169,-0.01976002,56576264
20100317,15:45:00.000,BBG000BF1R66,0.006834949,0.0136828795,2250188
20100317,15:45:00.000,BBG000NSQ9M0,-0.0061651403,-0.0029404617,8686935
20100317,15:45:00.000,BBG000FQ6PY6,-0.038090445,-0.03524725,12778779
20100317,15:45:00.000,BBG000BWVCP8,-0.009516996,-0.00086395745,5682071
20100317,15:45:00.000,BBG000BJSBJ0,-0.00035481394,0.002611279,1878764
20100317,15:45:00.000,BBG000BLM0V1,,,1339013
20100317,15:45:00.000,BBG000BMY992,0.00082880014,0.005830999,5219041
20100317,15:45:00.000,BBG000BVDLH9,0.007915585,0.008282353,2571325
20100317,15:45:00.000,BBG000C0F570,0.0018276107,0.014850675,4663723
20100317,15:45:00.000,BBG000BBQCY0,0.020266594,0.028769543,20564176
20100317,15:45:00.000,GEN_EQ0000000001064567,0.00030103634,0.0063768267,1725969
20100317,15:45:00.000,BBG000BKCFC2,-0.0054643294,-0.0034800246,1417238
20100317,15:45:00.000,BBG000CGQ6M4,0.01655225,0.014336888,1769426
20100317,15:45:00.000,BBG000C17X76,-0.0038317316,-0.006026487,1471187
20100317,15:45:00.000,BBG000DTMH63,,,3482689
20100317,15:45:00.000,BBG000R7Z112,-0.00037615513,-0.009249308,7641851
20100317,15:45:00.000,BBG000BBMSJ6,-0.005723644,0.006689136,5554568
20100317,15:45:00.000,BBG000BY33P5,0.0059353146,0.009217605,4217590
20100317,15:45:00.000,BBG000BV8DN6,0.00050171366,-0.002661453,2452915
20100317,15:45:00.000,GEN_EQ0010135600001000,0.0066464124,0.013974885,5242600
20100317,15:45:00.000,BBG000JN8R00,-0.009145322,-0.0032595606,1749340
20100317,15:45:00.000,BBG000K14Q84,-0.021532021,-0.014012235,2176840
20100317,15:45:00.000,BBG000BBDV81,-0.0025293173,0.005854054,1718343
20100317,15:45:00.000,BBG000BMW2Z0,0.003128865,0.005619856,2411967
20100317,15:45:00.000,BBG000DLVDK3,0.00010410416,0.0014214091,2470007
20100317,15:45:00.000,BBG000CKVSG8,-0.014230903,-0.006772586,4334920
20100317,15:45:00.000,BBG000G0Z878,0.03616362,0.048448868,20348564
20100317,15:45:00.000,BBG000BGJRC8,-0.0014448507,-0.008919059,2122367
20100317,15:45:00.000,BBG000BL8GJ6,-0.01644174,-0.016445562,7215661
20100317,15:45:00.000,BBG000HCJMF9,-0.0038372846,0.007886853,2851137
20100317,15:45:00.000,BBG000BB6KF5,-0.0020728682,0.0065616444,4970707
20100317,15:45:00.000,BBG000BYYLS8,0.00817252,0.015197164,6479840
20100317,15:45:00.000,BBG000FJLFX8,-0.005552769,-0.0075057894,3355275
20100317,15:45:00.000,BBG000D9D830,-0.0011994649,0.0061895065,4812119
20100317,15:45:00.000,BBG000BHX7N2,-0.0019176243,0.0014377122,2169261
20100317,15:45:00.000,BBG000CTQBF3,-0.0034368418,0.008706732,8730917
20100317,15:45:00.000,BBG000BBD070,0.004495156,0.013620234,2541755
20100317,15:45:00.000,BBG000BH2JM1,-0.01651809,-0.010998671,12809740
20100317,15:45:00.000,BBG000CS7CT9,-0.0016495524,-0.0017274332,3082886
20100317,15:45:00.000,BBG000BFL116,-0.009686526,-0.004986704,964278
20100317,15:45:00.000,BBG000BFC8J2,0.030634476,0.026741462,3829339
20100317,15:45:00.000,BBG000C15T95,-0.0075767846,-0.009131267,1092765
20100317,15:45:00.000,BBG000FP1N32,-0.010809945,-0.005576282,4515781
20100317,15:45:00.000,BBG000JWD753,-0.020033255,-0.014959474,33809596
20100317,15:45:00.000,BBG000BWNFZ9,0.009859851,0.014772592,5819018
20100317,15:45:00.000,BBG000BSLZY7,-0.010899807,-0.0021659576,11553249
20100317,15:45:00.000,BBG000BCBCM7,0.0025256632,0.0008484826,6691598
20100317,15:45:00.000,BBG000BBGGQ1,-0.003733224,0.0019452688,9053527
20100317,15:45:00.000,BBG000BCWCG1,0.0025236383,0.011376337,4511834
20100317,15:45:00.000,BBG000BLBVN4,0.001975662,0.0043648616,757150
20100317,15:45:00.000,BBG000C46HM9,-0.00741759,-0.007846971,6232607
20100317,15:45:00.000,BBG000BTKGG8,0.010399249,0.022298804,6505706
20100317,15:45:00.000,GEN_EQ0010059600001000,0.043661244,0.052637186,9658995
20100317,15:45:00.000,BBG000C8H633,0.009128714,0.017363833,5676242
20100317,15:45:00.000,BBG000BTR593,0.004064514,0.006339931,4687449
20100317,15:45:00.000,GEN_EQ0000000000158587,0.005441583,0.007259971,2011824
20100317,15:45:00.000,BBG000F6H8W8,0.001058763,0.007143319,2465729
20100317,15:45:00.000,BBG000BFQYY3,-0.0022612403,-0.00082714006,2160247
20100317,15:45:00.000,BBG000BNBDC2,0.00021385335,-0.0008283639,5174576
20100317,15:45:00.000,BBG000BSJTT0,0.008333041,0.013690954,4776386
20100317,15:45:00.000,BBG000BJL3N0,0.0072970022,0.016387368,11812216
20100317,15:45:00.000,BBG000BYWTX7,-0.010401735,0.0004886593,13207898
20100317,15:45:00.000,BBG000BD8PN9,0.003833579,0.011244438,5375990
20100317,15:45:00.000,BBG000BHLYP4,-0.0066292933,0.0017342223,285059
20100317,15:45:00.000,BBG000C1BW00,0.0031758521,0.003428262,2335743
20100317,15:45:00.000,BBG000J6XT05,-0.007098393,-0.0022037588,2975891
20100317,15:45:00.000,BBG000BJX8C8,0.0011034779,0.011109606,3487597
20100317,15:45:00.000,BBG000BCVJ77,0.0048202863,0.0031850706,2119706
20100317,15:45:00.000,BBG000BZ9223,-0.013706601,-0.0126387635,2343032
20100317,15:45:00.000,BBG000H556T9,-0.008222985,-0.004884955,4510882
20100317,15:45:00.000,BBG000BJF1Z8,0.007811308,0.008968426,4103577
20100317,15:45:00.000,BBG000BB5006,0.0074268435,0.012852596,7392579
20100317,15:45:00.000,BBG000F0KF42,,,10499575
20100317,15:45:00.000,BBG000BKFBD7,0.01079518,0.023629667,4792030
20100317,15:45:00.000,BBG000BFDXW1,-0.0078076352,0.00223897,3624750
20100317,15:45:00.000,BBG000BW3299,0.0038272904,-0.0052428427,3769264
20100317,15:45:00.000,BBG000F0PF65,-1.0852798e-05,0.0028965794,4477936
20100317,15:45:00.000,BBG000BNWG87,-0.006733487,-0.007094651,4905647
20100317,15:45:00.000,BBG000BH13K9,0.010879163,0.013083593,5848271
20100317,15:45:00.000,BBG000BH1NH9,0.0036660456,0.0077179354,3236894
20100317,15:45:00.000,BBG000DY8ZS4,-0.020023432,-0.010885503,12817126
20100317,15:45:00.000,BBG000BP8Z50,-0.023577435,-0.01762789,20058828
20100317,15:45:00.000,BBG000BJ81C1,-0.0008808423,0.0034047056,4458489
20100317,15:45:00.000,BBG000BBVJZ8,-0.012215816,-0.010331446,7107267
20100317,15:45:00.000,BBG000BQ8KV2,-0.024806105,-0.025276592,6679002
20100317,15:45:00.000,BBG000BGKTF9,-0.01781371,-0.0052011516,4935072
20100317,15:45:00.000,BBG000BFRF55,-0.013542935,-0.0153969005,5104616
20100317,15:45:00.000,BBG000BRK7L6,0.01763267,0.024591792,11062044
20100317,15:45:00.000,BBG000BWLMJ4,-0.0088036265,-0.0020278525,4628952
20100317,15:45:00.000,BBG000BD4VG8,0.00635747,0.015090712,3669065
20100317,15:45:00.000,BBG000FW00S1,0.010091611,0.017826024,7483763
20100317,15:45:00.000,BBG000BBJQV0,0.004766201,0.016333027,14787261
20100317,15:45:00.000,BBG000C5Z1S3,0.0016479078,0.015663309,23639520
20100317,15:45:00.000,BBG000BC40Y8,0.009617567,0.013569575,4165049
20100317,15:45:00.000,BBG000DWYF03,-0.0049371705,-0.0035654402,13539482
20100317,15:45:00.000,BBG000BRD0D8,0.0124759,0.020998472,5009080
20100317,15:45:00.000,BBG000H8TVT2,-0.0057773134,-0.00748492,2801332
20100317,15:45:00.000,BBG000BP6LJ8,-0.00048709527,-4.4781547e-07,9042600
20100317,15:45:00.000,BBG000BKFZM4,0.016890496,0.019475427,18710592
20100317,15:45:00.000,BBG000BHBK84,-0.006728829,-0.0045969323,7730496
20100317,15:45:00.000,BBG000FG3C43,-0.02128473,-0.01639088,6692139
20100317,15:45:00.000,BBG000BH23R1,0.0099543845,0.018163176,29117616
20100317,15:45:00.000,BBG000F1ZSQ2,-0.012133093,-0.005590559,940738
20100317,15:45:00.000,BBG000GFFQN9,-0.0028392845,0.007943136,12240437
20100317,15:45:00.000,BBG000BNDN65,-0.0024840725,0.0043934365,10407676
20100317,15:45:00.000,BBG000C43RR5,-0.002088598,0.0055983113,14064415
20100317,15:45:00.000,BBG000BP52R2,0.001513895,0.0042859763,3477304
20100317,15:45:00.000,BBG000BBPFB9,0.0019011706,0.014452116,24599656
20100317,15:45:00.000,BBG000BC2C10,0.0092076,0.0117597245,2177446
20100317,15:45:00.000,BBG000BFT2L4,0.004987931,0.0034280224,12393157
20100317,15:45:00.000,BBG000L9CV04,0.0047197174,0.005844989,4763840
20100317,15:45:00.000,BBG000FL1TC8,-0.006234537,-0.0102331685,6045958
20100317,15:45:00.000,BBG000FFDM15,-0.010718915,-0.00038332952,10084415
20100317,15:45:00.000,BBG000BH4R78,-0.0025338766,-0.004446162,6695410
20100317,15:45:00.000,BBG000B9ZXB4,-0.0015442047,-0.0051195975,6048782
20100317,15:45:00.000,BBG000BGRY34,0.0058466163,0.008871518,6464777
20100317,15:45:00.000,BBG000G2R6M0,-0.008708797,-0.006992866,7236511
20100317,15:45:00.000,BBG000BCSST7,0.009609148,0.008583117,5088397
20100317,15:45:00.000,BBG000BVV7G1,-0.0042588366,0.0077035804,10929144
20100317,15:45:00.000,BBG000BW8S60,-0.0026950338,-0.0031761816,3811737
20100317,15:45:00.000,BBG000BL4504,-0.021431172,-0.016526027,14210419
20100317,15:45:00.000,BBG000DQLV23,0.00028426512,-0.0034626976,10678090
20100317,15:45:00.000,BBG000BBS2Y0,0.0013223172,-0.0033945784,4207219
20100317,15:45:00.000,BBG000BHVJJ3,-0.009068047,-0.0063908827,18581904
20100317,15:45:00.000,BBG000J2XL74,0.007765209,0.011513046,4623687
20100317,15:45:00.000,BBG000CH5208,-0.00791475,-0.010283122,9280344
20100317,15:45:00.000,BBG000BCQZS4,-0.0074671577,-0.0009772723,7551005
20100317,15:45:00.000,BBG000BFWKC0,0.006516899,0.00097210676,7734610
20100317,15:45:00.000,BBG000BCG930,0.0026172153,-0.0016947848,5532391
20100317,15:45:00.000,BBG000PSKYX7,-0.008700123,-0.002402888,3079562
20100317,15:45:00.000,BBG000BPWXK1,-0.007112016,-0.0043857098,5322352
20100317,15:45:00.000,BBG000BWXBC2,-0.003985804,-0.0026771305,10727511
20100317,15:45:00.000,BBG000BQQ2S6,0.0075629847,0.008863829,3786984
20100317,15:45:00.000,BBG000BH5LT6,-0.004255164,-0.014702328,5277688
20100317,15:45:00.000,BBG000DWG505,0.001977503,-0.0003653526,3499460
20100317,15:45:00.000,BBG000BF0K17,0.007958014,0.011941419,6561659
20100317,15:45:00.000,BBG000BKTFN2,0.017442206,0.02301716,13932200
20100317,15:45:00.000,BBG000BB07P9,0.0009559669,0.0014976881,8369557
20100317,15:45:00.000,BBG000BNSZP1,-0.0029113118,0.004089781,4257374
20100317,15:45:00.000,BBG000BKZB36,-0.007988712,-0.0021517286,11702699
20100317,15:45:00.000,BBG000CKGBP2,-0.0023104318,-0.0075829253,6502260
20100317,15:45:00.000,BBG000DH7JK6,0.004611944,0.006205496,5359149
20100317,15:45:00.000,BBG000D4LWF6,-0.003366984,-0.0020210221,8790498
20100317,15:45:00.000,BBG000BQQH30,0.012450509,0.0153303435,10437040
20100317,15:45:00.000,BBG000B9WH86,0.045907866,0.047841758,75295912
20100317,15:45:00.000,BBG000BQLTW7,0.009582025,0.010708635,26167952
20100317,15:45:00.000,BBG000HS77T5,0.0050072772,0.00634686,12468977
20100317,15:45:00.000,GEN_EQ0011904200001000,0.0076846993,0.008817044,22520004
20100317,15:45:00.000,BBG000BLZRJ2,-0.014096614,-0.0062723635,15626457
20100317,15:45:00.000,BBG000BMX289,0.0017997471,0.0031655252,8159065
20100317,15:45:00.000,BBG000BPD168,0.0044908766,-0.0007905981,9231239
20100317,15:45:00.000,BBG000BT41Q8,0.009359149,0.014723205,10922998
20100317,15:45:00.000,BBG000BMHYD1,0.002829874,0.0007757484,6918453
20100317,15:45:00.000,BBG000BR2TH3,0.00603163,0.0070819156,7342944
20100317,15:45:00.000,BBG000KHWT55,-0.0047543105,-0.0015286078,11713268
20100317,15:45:00.000,BBG000BTZQC4,-0.005239859,-0.012853449,6062057
20100317,15:45:00.000,BBG000BSJK37,0.001994843,0.0015472554,15658975
20100317,15:45:00.000,BBG000BLNNH6,-0.010968394,-0.008162771,5318683
20100317,15:45:00.000,BBG000K4ND22,0.0032901806,0.007433708,8970725
20100317,15:45:00.000,BBG000BX3TD3,-0.027415952,-0.029021418,14694775
20100317,15:45:00.000,BBG000CR90K4,-0.0042701527,-0.008386848,7681491
20100317,15:45:00.000,BBG000BVPV84,-0.0020974048,-0.0030366918,3525196
20100317,15:45:00.000,BBG000CGC1X8,-0.0046180105,-0.0038477168,20568008
20100317,15:45:00.000,BBG000BR2B91,-0.0022153712,-0.004053903,48157492
20100317,15:45:00.000,BBG000BQPC32,0.040066227,0.036336485,122654392
20100317,15:45:00.000,BBG000BK6MB5,-0.009406753,-0.0055319727,142488288
20100317,15:45:00.000,BBG000C3J3C9,0.0042092092,0.003440378,28967960
20100317,15:45:00.000,BBG000C0G1D1,9.364788e-05,0.008179069,69500008
20100317,15:45:00.000,BBG000BWQFY7,0.0005359355,0.0062739532,29057260
20100317,15:45:00.000,BBG000BJDB15,-0.014346149,-0.012781039,10306630
20100317,15:45:00.000,BBG000BPH459,0.00505614,0.008169764,44739496
20100317,15:45:00.000,BBG000C6CFJ5,-0.0020039072,0.0015335009,7797296
20100317,15:45:00.000,BBG000DMBXR2,0.0063501634,0.012032986,29242054
20100317,15:45:00.000,BBG000BHSKN9,-0.004373294,0.00085776765,2279936
20100317,15:45:00.000,BBG000GZQ728,0.0026563003,0.010206662,32572848
20100317,15:45:00.000,BBG000BCTLF6,-0.0005882481,0.008801015,117779640
20100317,15:45:00.000,BBG000B9XRY4,-0.0027887526,-0.003875286,12813325
20100317,16:00:00.000,GEN_EQ0021071400001000,-0.027108064,-0.02080247,2927494
20100317,16:00:00.000,GEN_EQ0096849600001000,-0.017772375,0.003975761,1374388
20100317,16:00:00.000,BBG000BJ49H3,-0.0149942245,-0.007929954,1275342
20100317,16:00:00.000,BBG000BMFD58,-0.011013565,-0.0005325886,7859622
20100317,16:00:00.000,BBG000BFVXX0,-0.0048065237,-2.4822765e-07,1867806
20100317,16:00:00.000,BBG000CHWP52,-0.00015630698,0.00431751,1188265
20100317,16:00:00.000,BBG000BT9T73,0.0731025,0.08942397,40286828
20100317,16:00:00.000,BBG000BCQ4P6,0.008518644,0.016444309,1582465
20100317,16:00:00.000,BBG000BMLWX8,0.013867687,0.005124221,3320975
20100317,16:00:00.000,BBG000BP7JB0,-0.0019501362,0.007032439,4947520
20100317,16:00:00.000,BBG000BNW1S8,-0.014535368,-0.0046682437,1566275
20100317,16:00:00.000,BBG000MQ1SN9,0.0076912963,0.0117264185,967505
20100317,16:00:00.000,BBG000BVB8Q0,-0.015895007,-0.010373854,2210763
20100317,16:00:00.000,BBG000BSC0K9,-0.00714559,-0.0038771217,761068
20100317,16:00:00.000,BBG000C7LMS8,0.0066058487,0.016546076,661041
20100317,16:00:00.000,BBG000BB5792,0.009461951,0.016887445,2571775
20100317,16:00:00.000,BBG000BFDLV8,0.014762342,0.021265337,583721
20100317,16:00:00.000,BBG000BTLMX5,0.00038459038,0.0062677884,971945
20100317,16:00:00.000,BBG000CQB185,0.015817448,0.0219264,2181724
20100317,16:00:00.000,BBG000BKVJK4,0.0044654724,0.008325476,1333942
20100317,16:00:00.000,BBG000BQC9V2,0.012062358,0.018059516,6260551
20100317,16:00:00.000,BBG000CC53X1,0.012078577,0.017532485,1175073
20100317,16:00:00.000,BBG000C45984,-0.0048095193,0.00013121196,1928800
20100317,16:00:00.000,BBG000BJNGN9,0.0034568463,0.011302775,2764798
20100317,16:00:00.000,BBG000FQRVM3,0.0027053969,0.0050699455,785833
20100317,16:00:00.000,BBG000D2M0Z7,-0.00752509,-3.9015427e-07,624274
20100317,16:00:00.000,BBG000K82ZT8,-0.010754939,-0.004489402,1358978
20100317,16:00:00.000,BBG000BF5RY1,-0.0055094925,-0.003659665,7988047
20100317,16:00:00.000,BBG000BNMHS4,-0.0047328337,0.0044738846,995046
20100317,16:00:00.000,BBG000CPHYL4,-0.013630714,-0.010480712,9323827
20100317,16:00:00.000,GEN_EQ0000000000852052,0.00026478322,0.013786411,1458644
20100317,16:00:00.000,BBG000BCHG15,0.020077858,0.027089285,824266
20100317,16:00:00.000,BBG000BNNKG9,0.0073407623,0.014364599,3212007
20100317,16:00:00.000,BBG000DR22B6,-0.0272955,-0.01924625,3033491
20100317,16:00:00.000,BBG000BHK836,-0.011483386,-0.0037331379,1808916
20100317,16:00:00.000,BBG000BV4DR6,0.012980536,0.02917729,5757065
20100317,16:00:00.000,BBG000BC9938,-0.018613568,-0.01073278,1563935
20100317,16:00:00.000,BBG000DSMS70,-0.0063531348,-0.0067291916,756744
20100317,16:00:00.000,BBG000BWCKB6,-0.00023526768,0.0070748264,709266
20100317,16:00:00.000,BBG000BP5YT0,-0.0041183797,0.009131927,5556836
20100317,16:00:00.000,BBG000BGYWY6,0.006752191,0.018369883,1942811
20100317,16:00:00.000,GEN_EQ0010580600001000,0.0054423953,0.018852137,2174420
20100317,16:00:00.000,BBG000BFJ645,0.013807072,0.015377417,3932600
20100317,16:00:00.000,BBG000PV2L86,0.0019940275,0.0041562673,2259437
20100317,16:00:00.000,BBG000BXBHJ4,-0.011024462,-0.0027033358,1124627
20100317,16:00:00.000,BBG000BB29X4,-7.811305e-05,0.0040548434,1240380
20100317,16:00:00.000,BBG000BBBP59,5.370169e-06,0.0066304808,537247
20100317,16:00:00.000,BBG000BVHBM1,-0.00024072941,-0.009779839,2773847
20100317,16:00:00.000,BBG000BWGYF8,0.032662913,0.06718999,4122570
20100317,16:00:00.000,BBG000BBL8V7,0.0054355627,0.014383937,3616026
20100317,16:00:00.000,BBG000BPNP00,-0.01027461,0.0066819256,1530662
20100317,16:00:00.000,BBG000RGM5P1,,,2036459
20100317,16:00:00.000,BBG000FKYVH4,0.0038489606,0.009830789,1192547
20100317,16:00:00.000,BBG000BGXZB5,0.0019428777,7.381186e-07,4137289
20100317,16:00:00.000,BBG000BTQ9G8,0.0022743063,0.0074989595,2659911
20100317,16:00:00.000,BBG000BCTQ65,0.0049316445,0.0070440206,1616168
20100317,16:00:00.000,BBG000BK2F42,0.0045163026,0.013183208,2852308
20100317,16:00:00.000,BBG000F7RCJ1,-0.010298847,0.0014178504,1242383
20100317,16:00:00.000,BBG000C2YHG9,-0.01164599,-0.0106762415,2272557
20100317,16:00:00.000,BBG000BRJL00,0.000713126,0.008992951,1911243
20100317,16:00:00.000,BBG000BQT4L6,-0.0071112374,0.0032144042,3987834
20100317,16:00:00.000,BBG000FDBX90,-0.0013923615,0.0013836041,2425835
20100317,16:00:00.000,BBG000BKR1D6,-0.007066701,0.0052428143,436144
20100317,16:00:00.000,GEN_EQ0010003600001000,-0.0052537983,0.0029718361,1803349
20100317,16:00:00.000,BBG000BPXVJ6,-0.003606718,-0.0010380109,2560848
20100317,16:00:00.000,BBG000BN84F3,0.004046287,0.00868899,1206511
20100317,16:00:00.000,BBG000DSZTN6,0.011632116,0.020485004,1976585
20100317,16:00:00.000,BBG000BBCDZ2,-0.009428549,-0.0022591988,786366
20100317,16:00:00.000,BBG000PQ6YJ3,-0.012362049,-0.004706653,401385
20100317,16:00:00.000,BBG000HQ7GC7,-0.0150264865,-0.00090861204,2313380
20100317,16:00:00.000,BBG000BC15S7,-0.0031594213,0.003702002,1314989
20100317,16:00:00.000,BBG000PX3XC0,0.0013139939,0.01102482,742914
20100317,16:00:00.000,BBG000BSXQV7,0.00053030293,0.010299719,1059193
20100317,16:00:00.000,BBG000BP1Q11,0.008953283,0.012022828,1268009
20100317,16:00:00.000,GEN_EQ0010206100001000,-0.008685542,-0.010924152,6142711
20100317,16:00:00.000,BBG000C3GN47,0.0047754897,0.011541056,1478314
20100317,16:00:00.000,BBG000BN7277,2.2799992e-05,0.0022082105,2570847
20100317,16:00:00.000,BBG000C3NTN5,-0.0061340295,-0.005215092,2927867
20100317,16:00:00.000,BBG000DWB323,-0.0050297445,0.008255986,3816960
20100317,16:00:00.000,BBG000BR1W32,-0.002573659,0.009507205,1331398
20100317,16:00:00.000,BBG000BF2KK4,-0.0067016,-0.0014771804,1556712
20100317,16:00:00.000,BBG000BNBPQ0,0.011715299,0.030360015,2760050
20100317,16:00:00.000,BBG000BWXL85,-0.0011533237,0.003595533,1852140
20100317,16:00:00.000,GEN_EQ0010624300001000,0.004087465,-0.00296588,1961509
20100317,16:00:00.000,BBG000JBN3X6,-0.010104433,-0.02192187,6587120
20100317,16:00:00.000,BBG000BFNR17,-0.00285029,0.0069207624,1863961
20100317,16:00:00.000,BBG000CXYSZ6,0.031150678,0.032701608,1364395
20100317,16:00:00.000,BBG000FV1Z23,-0.018658523,-0.017707508,2944013
20100317,16:00:00.000,GEN_EQ0010548100001000,0.028960496,0.043831903,10721822
20100317,16:00:00.000,GEN_EQ0010141600001000,0.0033615185,0.013053707,2430106
20100317,16:00:00.000,BBG000BW2QX0,-0.0020757166,0.00950535,4624381
20100317,16:00:00.000,BBG000C1S2X2,-0.02410348,-0.029967517,1883729
20100317,16:00:00.000,BBG000BVXPZ8,0.0051174704,0.01484951,4652833
20100317,16:00:00.000,BBG000B9ZV28,0.0020006725,0.009111232,419342
20100317,16:00:00.000,BBG000CPQZ77,-0.0046798517,0.0044878046,1754592
20100317,16:00:00.000,BBG000BGD7W6,-0.0059623653,-0.0024333345,2801247
20100317,16:00:00.000,GEN_EQ0010168800001000,-0.010751144,-0.007797058,22855668
20100317,16:00:00.000,BBG000D9KWL9,0.0039509833,0.016212568,581085
20100317,16:00:00.000,BBG000BR37X2,0.019707033,0.029938778,7218037
20100317,16:00:00.000,BBG000BR54L0,0.007923036,0.005264772,5171609
20100317,16:00:00.000,BBG000BLHRS2,-0.015640661,-0.008850925,1853095
20100317,16:00:00.000,BBG000BX3BL3,-0.011447463,0.014104647,1132882
20100317,16:00:00.000,BBG000BL5W86,0.009835013,0.020887677,10355109
20100317,16:00:00.000,BBG000BJKPG0,0.002841057,0.012441751,1369654
20100317,16:00:00.000,BBG000BCYP43,0.004028962,0.0077502807,733886
20100317,16:00:00.000,BBG000MBDGM6,0.010221261,0.022132851,581082
20100317,16:00:00.000,BBG000CGT2S4,-0.012137213,-0.004552358,973468
20100317,16:00:00.000,BBG000BMFFQ0,-0.002671418,0.010344339,1829288
20100317,16:00:00.000,BBG000BWVSR1,-0.0019931584,0.0025070617,1578230
20100317,16:00:00.000,BBG000FL0BC8,-0.03345848,-0.028001294,4255511
20100317,16:00:00.000,BBG000F86GP6,-0.0101337675,0.0006962832,1104325
20100317,16:00:00.000,BBG000BHB3M6,0.004044668,0.011535385,829337
20100317,16:00:00.000,BBG000BDWKC5,0.0032842136,0.011839024,3369223
20100317,16:00:00.000,BBG000BJDPC2,0.016526954,0.018917939,2562932
20100317,16:00:00.000,BBG000BP4MH0,-0.0026978757,0.0040833843,4968887
20100317,16:00:00.000,BBG000C9W1Y1,,,3916929
20100317,16:00:00.000,BBG000BKSL41,0.007861666,0.018122762,6677090
20100317,16:00:00.000,BBG000CVWGS6,0.009584379,0.013750959,14872183
20100317,16:00:00.000,BBG000F80SZ5,0.020704037,0.035471816,9422907
20100317,16:00:00.000,BBG000DKCC19,-0.0020346127,0.0016983547,3880036
20100317,16:00:00.000,GEN_EQ0010091900001000,0.018586168,0.020818952,590552
20100317,16:00:00.000,BBG000BG7986,0.01094325,0.007025589,2336727
20100317,16:00:00.000,BBG000D7RKJ5,0.0017695655,0.0093073035,1853789
20100317,16:00:00.000,BBG000KLB4Q1,0.01166277,0.026156748,4650757
20100317,16:00:00.000,BBG000DQTXY6,-0.007172559,-0.013799195,4573432
20100317,16:00:00.000,BBG000BFS7D3,0.0050816573,0.00953611,2555866
20100317,16:00:00.000,BBG000BV75B7,-0.010020191,-0.01250674,2451158
20100317,16:00:00.000,BBG000C2PW58,0.03841912,0.050674718,880560
20100317,16:00:00.000,BBG000BKZTP3,-0.018873662,-0.0042369817,4378105
20100317,16:00:00.000,BBG000CFJL87,0.004850599,-0.0015066242,2226231
20100317,16:00:00.000,BBG000QY3XZ2,-0.002609579,0.0061499765,3521892
20100317,16:00:00.000,BBG000BJ5GK2,-0.004501447,0.0019997638,1040922
20100317,16:00:00.000,BBG000Q0BPZ4,0.03170332,0.044234034,5675119
20100317,16:00:00.000,BBG000NSCNT7,0.015900807,0.035029545,5884270
20100317,16:00:00.000,GEN_EQ0010104800001000,0.008744354,0.020332482,8101266
20100317,16:00:00.000,BBG000G8N9C6,0.004435862,0.0051640584,2343166
20100317,16:00:00.000,BBG000BHKYH4,-0.012019398,-0.0027442172,1937977
20100317,16:00:00.000,BBG000BK1FD3,-0.024090383,-0.01185569,3657953
20100317,16:00:00.000,BBG000BT4T69,-0.006378594,-0.0007123386,9802652
20100317,16:00:00.000,GEN_EQ0011591100001000,0.0042093154,0.011752266,2425649
20100317,16:00:00.000,BBG000FFH4P5,-0.0025936377,0.002635091,583366
20100317,16:00:00.000,BBG000BGRKT6,0.008935356,0.011293799,951866
20100317,16:00:00.000,BBG000DN7P92,0.011837317,0.015337335,2026958
20100317,16:00:00.000,BBG000M4SW14,0.024923513,0.03160473,1139439
20100317,16:00:00.000,BBG000BNGTQ7,-0.00010441307,-0.0016175802,3998732
20100317,16:00:00.000,BBG000BL79J3,-0.011250264,-0.010299489,2881286
20100317,16:00:00.000,BBG000BDG1Y1,-0.0068949168,0.00063537614,2435181
20100317,16:00:00.000,BBG000D9DMK0,0.003267121,0.00946596,1001540
20100317,16:00:00.000,BBG000BVPPM1,0.011108509,0.020811295,6439857
20100317,16:00:00.000,BBG000D3MB18,-0.0020788475,0.0034530817,3990036
20100317,16:00:00.000,BBG000DGPR66,0.019193169,0.027897384,1494631
20100317,16:00:00.000,BBG000BLDV98,-0.0034646224,-0.005314572,4392280
20100317,16:00:00.000,BBG000C6F3T8,0.0021528918,0.007686389,3956900
20100317,16:00:00.000,BBG000BS0ZF1,0.00334783,0.0074331253,587507
20100317,16:00:00.000,BBG000DNTSP4,-0.008560351,4.9438984e-07,2034287
20100317,16:00:00.000,BBG000LL9LQ5,-0.00989395,-0.006090521,3119814
20100317,16:00:00.000,GEN_EQ0140919900001000,0.004850982,0.010140109,1732317
20100317,16:00:00.000,BBG000QRSL13,-0.017548399,-0.006717049,9859939
20100317,16:00:00.000,BBG000BRJ809,0.015825264,0.019733574,1119394
20100317,16:00:00.000,BBG000D1QCF1,-0.008109919,0.0035514545,1444718
20100317,16:00:00.000,BBG000BLCPY4,0.0099642845,0.0043992116,1676197
20100317,16:00:00.000,BBG000CNWNL6,0.0044177067,0.026242672,2649512
20100317,16:00:00.000,BBG000DV7MX4,-0.021035515,-0.0049483837,14510363
20100317,16:00:00.000,BBG000BP1152,-0.017656935,-0.010654258,5954764
20100317,16:00:00.000,BBG000BHCP19,-0.007952361,0.009171326,3047192
20100317,16:00:00.000,BBG000BGKHZ3,-0.013744438,-0.0018691384,1709806
20100317,16:00:00.000,BBG000BMB7R1,0.0021224073,0.0074239587,1034436
20100317,16:00:00.000,BBG000BHLYS1,-0.00036847062,0.001799287,1447821
20100317,16:00:00.000,BBG000BKWSR6,0.028963847,0.043516874,31189960
20100317,16:00:00.000,BBG000JN9BQ6,0.0172456,0.019402292,1548751
20100317,16:00:00.000,BBG000BRZBT3,0.0056665996,0.0057765883,3060687
20100317,16:00:00.000,BBG000FBK808,0.011824416,0.020376004,11096454
20100317,16:00:00.000,BBG000BXRPH1,-0.017821677,-0.009201215,1585956
20100317,16:00:00.000,BBG000BQSQ38,-0.0066267555,0.00371571,2543052
20100317,16:00:00.000,BBG000BVMPN3,0.01205401,0.026093207,1834146
20100317,16:00:00.000,BBG000BGFLL5,0.010363791,0.025845408,3773846
20100317,16:00:00.000,BBG000BJ98Z0,0.039899856,0.03781756,1878812
20100317,16:00:00.000,BBG000NDZ417,-0.0068721306,-0.00033193172,2291552
20100317,16:00:00.000,BBG000BKPL53,-0.006769292,-0.0025091148,2105448
20100317,16:00:00.000,BBG000BD0TF8,0.009818869,0.023739083,1229875
20100317,16:00:00.000,BBG000BY2Y78,0.02112463,0.036526043,5598374
20100317,16:00:00.000,BBG000BPMH90,0.0054839924,0.016455183,1567737
20100317,16:00:00.000,BBG000BBNYF6,0.013503511,0.021956626,1749573
20100317,16:00:00.000,BBG000FJRZ68,-0.007531273,-0.011938038,2021545
20100317,16:00:00.000,BBG000FKJRC5,0.0024688393,0.0065380596,886608
20100317,16:00:00.000,BBG000CL9VN6,0.0016936116,0.0042461436,618569
20100317,16:00:00.000,BBG000BK6G19,-0.005003412,0.0002760633,1277476
20100317,16:00:00.000,BBG000C23KJ3,-0.016736165,-0.010948153,8182662
20100317,16:00:00.000,BBG000BB5BF6,0.013283887,0.023189489,7145114
20100317,16:00:00.000,BBG000BK5DP1,0.014709109,0.021945342,4101197
20100317,16:00:00.000,BBG000BJVZF7,0.0068044127,0.0090792645,1932224
20100317,16:00:00.000,BBG000BN5HF7,-0.009155467,-0.010139647,4231908
20100317,16:00:00.000,BBG000BL9439,-0.002111178,0.005071573,1665170
20100317,16:00:00.000,BBG000BJQWD2,0.0033737372,0.013264193,3301745
20100317,16:00:00.000,BBG000D8RG11,-0.0063249534,-0.0022198318,2536762
20100317,16:00:00.000,BBG000BS9489,0.008920265,0.013511559,1672715
20100317,16:00:00.000,BBG000BH5DV1,-0.008202191,-0.0033195675,3252846
20100317,16:00:00.000,BBG000BMKDM3,-0.0029482716,0.0023655246,1915902
20100317,16:00:00.000,BBG000C75N77,0.002420442,0.0144554805,3367437
20100317,16:00:00.000,BBG000BKXFN7,-0.020499356,-0.022200169,6448374
20100317,16:00:00.000,BBG000BTCH57,0.0018413492,0.0068711857,1889693
20100317,16:00:00.000,BBG000BM7HL0,-0.0028085802,0.008022823,2755749
20100317,16:00:00.000,BBG000BNFLM9,-0.008719113,0.0041468735,3030214
20100317,16:00:00.000,BBG000BBVCN6,0.0054212194,0.0027078518,702664
20100317,16:00:00.000,BBG000LD9JQ8,-0.016088288,-0.01120653,3109681
20100317,16:00:00.000,BBG000MDCQC2,-0.009630876,-0.0056410995,3014853
20100317,16:00:00.000,BBG000BLBXT4,-0.0036061583,-0.00023545096,2541312
20100317,16:00:00.000,BBG000BDXGP9,0.0027263048,0.0066396105,3130099
20100317,16:00:00.000,BBG000BR3KL6,0.009335886,0.014042105,1449249
20100317,16:00:00.000,BBG000BX9WL1,0.025365584,0.044155385,13029736
20100317,16:00:00.000,BBG000BQ74K1,0.0070144637,0.018900214,1513119
20100317,16:00:00.000,BBG000BWSV34,0.0033214989,0.006242989,920919
20100317,16:00:00.000,BBG000BQZMH4,-0.008645535,-0.005141292,3481120
20100317,16:00:00.000,GEN_EQ0010066700001000,-0.009876784,-0.0071523944,1845934
20100317,16:00:00.000,BBG000BQVTF5,0.0073539903,0.01629352,3345982
20100317,16:00:00.000,BBG000LC1FS4,0.017082805,0.020273281,1973587
20100317,16:00:00.000,GEN_EQ0010050500001000,-0.007889808,-1.3198438e-07,8103217
20100317,16:00:00.000,BBG000G3QLY3,0.014365334,0.021051098,1653908
20100317,16:00:00.000,BBG000QBR5J5,-0.015404968,-0.00392381,10492986
20100317,16:00:00.000,BBG000BTQR96,0.009115997,0.011862026,1878134
20100317,16:00:00.000,GEN_EQ0012661800001000,-0.012261808,-0.014814503,1982987
20100317,16:00:00.000,BBG000CKJ0P3,-0.0011737222,-0.0019647416,913030
20100317,16:00:00.000,BBG000HGYNZ9,-0.009946185,-0.011541222,5348554
20100317,16:00:00.000,BBG000BV7LP7,0.00521745,0.011987887,3641402
20100317,16:00:00.000,BBG000BBVK30,0.004156944,-0.0051743966,11842996
20100317,16:00:00.000,BBG000BFXHL6,-0.01655668,-0.017541995,3781851
20100317,16:00:00.000,BBG000BGLRN3,0.0036576702,0.0071785166,2644785
20100317,16:00:00.000,BBG000C2V3D6,-0.010782605,-0.0017967435,2737717
20100317,16:00:00.000,BBG000BGVW60,0.014984292,0.016288573,6311938
20100317,16:00:00.000,BBG000BTVJ25,0.0072473986,0.015017135,3959873
20100317,16:00:00.000,GEN_EQ0010020500001000,0.0050663636,0.015433544,3760794
20100317,16:00:00.000,BBG000BHQ1H0,0.013123782,0.013583624,1348706
20100317,16:00:00.000,BBG000BNC3Y9,0.02946567,0.044631135,9799609
20100317,16:00:00.000,BBG000BVVQQ8,-0.00595059,0.004770772,2954897
20100317,16:00:00.000,GEN_EQ0010281900001000,-0.002149111,-0.001835714,1301383
20100317,16:00:00.000,BBG000C1FB75,-0.0074186055,0.0061652185,551999
20100317,16:00:00.000,BBG000BFTJ91,0.006437653,0.0071928427,6134469
20100317,16:00:00.000,BBG000C1FQS9,-0.0024761765,0.004173726,1244529
20100317,16:00:00.000,BBG000BSBZH7,-0.0017813345,-0.0048888098,2360950
20100317,16:00:00.000,BBG000F15NW9,-0.01217488,-0.010772007,4773458
20100317,16:00:00.000,BBG000BPT0C6,0.022805067,0.029179111,2183601
20100317,16:00:00.000,GEN_EQ0010145600001000,8.188758e-05,-0.004118151,7322162
20100317,16:00:00.000,BBG000H89QJ6,0.008981399,0.009374031,1927624
20100317,16:00:00.000,BBG000BR14K5,-0.002721932,0.005856345,2051128
20100317,16:00:00.000,BBG000BP6L99,0.0067562517,0.008984264,24950038
20100317,16:00:00.000,BBG000BQWPC5,-0.00063114887,0.00057804683,1701313
20100317,16:00:00.000,BBG000BNNYW1,-0.0014269357,0.0038915034,1889839
20100317,16:00:00.000,BBG000BJ3PD2,-0.00010396726,0.0039554085,1291603
20100317,16:00:00.000,BBG000PVRDL2,0.027115725,0.02964365,8503167
20100317,16:00:00.000,BBG000C2ZCH8,0.0007773713,9.954327e-05,1889809
20100317,16:00:00.000,BBG000TK7PB8,0.006165448,0.016737172,7112278
20100317,16:00:00.000,BBG000BB6M98,-0.002427261,0.0035044374,2273787
20100317,16:00:00.000,BBG000HW5GX3,0.010299277,0.015569946,1531046
20100317,16:00:00.000,BBG000BLKK03,0.01017811,0.011327654,1972530
20100317,16:00:00.000,BBG000BCZYD3,0.0013920098,0.0031021142,761710
20100317,16:00:00.000,BBG000CSY9H9,-0.010147347,-0.0008115637,1806569
20100317,16:00:00.000,BBG000BB9KF2,-0.0037507764,0.0012944916,1793460
20100317,16:00:00.000,BBG000BMQPL1,0.012285626,0.025991248,17602026
20100317,16:00:00.000,BBG000BMTFR4,-0.0024573815,0.013610756,3878439
20100317,16:00:00.000,BBG000H9G7X2,0.0124936085,0.012975429,2618785
20100317,16:00:00.000,BBG000BCNYT9,0.009873345,0.014477863,2922845
20100317,16:00:00.000,BBG000C0MF34,-0.0064318506,-0.004078657,1115882
20100317,16:00:00.000,BBG000BN2DC2,-0.0072757173,-0.0001302411,1219809
20100317,16:00:00.000,BBG000BN9WT5,-0.0036908174,0.011413213,5462393
20100317,16:00:00.000,BBG000BQ5DS5,0.007453651,0.0029010158,1685694
20100317,16:00:00.000,BBG000BCGY17,-0.0029761216,-0.00019460416,1530714
20100317,16:00:00.000,BBG000BB6G37,-0.00067321287,0.013993109,3302824
20100317,16:00:00.000,BBG000CHPY97,-0.02901484,-0.023856038,5754467
20100317,16:00:00.000,BBG000TWC2V5,0.0038495346,0.006068054,1947605
20100317,16:00:00.000,GEN_EQ0117562400001000,-0.0012378718,-0.0018565635,13909708
20100317,16:00:00.000,BBG000BP0KQ8,0.0036594572,0.013962084,5559212
20100317,16:00:00.000,BBG000BB5373,0.02691509,0.038287777,9694558
20100317,16:00:00.000,BBG000BM6788,-0.019136714,-0.014835471,4110730
20100317,16:00:00.000,BBG000BH3JF8,-0.010689209,-0.0078847855,2667855
20100317,16:00:00.000,GEN_EQ0085215200001000,0.011267003,0.018652277,5738072
20100317,16:00:00.000,BBG000BQ2C28,-0.0009779127,0.0034806135,1432382
20100317,16:00:00.000,BBG000BX5ZF5,-0.027604759,-0.02080223,17101184
20100317,16:00:00.000,BBG000BMDV41,0.012021594,0.015779922,2778963
20100317,16:00:00.000,GEN_EQ0010319800003000,-0.015995571,-0.027148249,4894582
20100317,16:00:00.000,BBG000BG14P4,0.003279484,0.010294049,1389271
20100317,16:00:00.000,BBG000GC80B4,,,2870287
20100317,16:00:00.000,BBG000BB2DM7,-0.007578648,-0.0033030338,6469749
20100317,16:00:00.000,BBG000BWJFZ4,-0.011029656,-0.01234763,2745291
20100317,16:00:00.000,BBG000BHGDH5,-0.0035678048,-1.056547e-07,6210973
20100317,16:00:00.000,BBG000BZ2GG4,-0.002058065,0.0069296495,2925419
20100317,16:00:00.000,BBG000D898T9,0.00085738185,0.0051001306,2604279
20100317,16:00:00.000,BBG000BMF5J0,-0.0013912264,0.0047205193,2742624
20100317,16:00:00.000,BBG000BKLH74,-0.0029486238,-0.0051527624,6590358
20100317,16:00:00.000,BBG000BGPTV6,-0.014807823,-0.008645836,3331049
20100317,16:00:00.000,BBG000BH3GZ2,0.014439683,0.026305338,6715139
20100317,16:00:00.000,BBG000BVWLJ6,-0.018428912,-0.012615668,4820942
20100317,16:00:00.000,BBG000C496P7,-0.023879206,-0.018287437,7837086
20100317,16:00:00.000,BBG000JG0547,0.00356537,0.010285059,2577109
20100317,16:00:00.000,BBG000DYGNW7,0.02396011,0.026830431,2783960
20100317,16:00:00.000,BBG000BNJHS8,-0.003962429,-0.012144486,7116658
20100317,16:00:00.000,BBG000BPQD31,-0.0016255442,0.00090580585,3099173
20100317,16:00:00.000,BBG000BT9DW0,0.0032010258,0.0066225426,3306937
20100317,16:00:00.000,BBG000BB2KW0,-0.009344537,-0.010127201,1332456
20100317,16:00:00.000,BBG000BK67C7,0.015076185,0.017157413,2181653
20100317,16:00:00.000,BBG000DHSPT0,-0.011297222,-0.008142379,2536909
20100317,16:00:00.000,BBG000BFMBQ6,-0.0021914304,-0.003288939,2069155
20100317,16:00:00.000,BBG000B9WJ73,-0.012719898,-0.000768202,9129325
20100317,16:00:00.000,BBG000FVXD63,-0.00281719,0.0051388126,2711875
20100317,16:00:00.000,BBG000B9XYV2,-0.0018329556,-0.00056330976,3045309
20100317,16:00:00.000,BBG000BMBL90,0.0054740347,0.0104725985,4291657
20100317,16:00:00.000,BBG000BB1TH9,-0.0032535451,0.0070848903,1767186
20100317,16:00:00.000,BBG000BVMGF2,-0.0027151965,0.00902759,5592007
20100317,16:00:00.000,BBG000BSD7C2,-0.0031671051,-9.63576e-07,1468240
20100317,16:00:00.000,BBG000J5Q6L2,-0.024671711,-0.010262315,8290393
20100317,16:00:00.000,BBG000BC4JJ4,-0.006503295,-0.0040076873,1585631
20100317,16:00:00.000,BBG000BM5SR2,0.02992809,0.064682126,14901704
20100317,16:00:00.000,BBG000BJPDZ1,0.003498932,0.0020529407,343683
20100317,16:00:00.000,BBG000BZTW70,-0.014048867,-0.017014507,6413061
20100317,16:00:00.000,BBG000C5HS04,0.0009265588,0.0063921455,2919896
20100317,16:00:00.000,BBG000M65M61,-0.027683878,-0.034184236,11110229
20100317,16:00:00.000,BBG000BY29C7,0.0032232816,0.011368701,2058092
20100317,16:00:00.000,BBG000BB6WG8,0.008597155,0.01819868,4954706
20100317,16:00:00.000,GEN_EQ0010172300001000,-0.00451453,-0.004710541,1214864
20100317,16:00:00.000,BBG000C2BXK4,-0.010311224,-0.0016286338,30289612
20100317,16:00:00.000,BBG000BBBNC6,-0.00062355574,0.016846528,2457907
20100317,16:00:00.000,BBG000PM7GJ0,0.014788068,0.024607616,4214556
20100317,16:00:00.000,BBG000Q3JN03,0.009611343,0.025316581,24419114
20100317,16:00:00.000,BBG000C0LW92,-0.026175072,-0.021171488,60483404
20100317,16:00:00.000,BBG000BF1R66,0.0056674783,0.013682933,2595196
20100317,16:00:00.000,BBG000NSQ9M0,-0.006145181,-0.001960622,9445533
20100317,16:00:00.000,BBG000FQ6PY6,-0.034726735,-0.030752119,13501534
20100317,16:00:00.000,BBG000BWVCP8,-0.011713276,-0.00086395635,6186872
20100317,16:00:00.000,BBG000BJSBJ0,-0.001886773,0.0030291108,2294412
20100317,16:00:00.000,BBG000BLM0V1,,,1444523
20100317,16:00:00.000,BBG000BMY992,0.0009570032,0.006728044,5585202
20100317,16:00:00.000,BBG000BVDLH9,0.0076571507,0.008888354,2818829
20100317,16:00:00.000,BBG000C0F570,0.0001497734,0.014107941,5340035
20100317,16:00:00.000,BBG000BBQCY0,0.020859214,0.030900748,22951394
20100317,16:00:00.000,GEN_EQ0000000001064567,0.0023701931,0.009487438,1868391
20100317,16:00:00.000,BBG000BKCFC2,-0.0053217476,-0.0016377184,1629351
20100317,16:00:00.000,BBG000CGQ6M4,0.017841877,0.018184911,2139552
20100317,16:00:00.000,BBG000C17X76,-0.0052800537,-0.0063613853,1818084
20100317,16:00:00.000,BBG000DTMH63,,,3829140
20100317,16:00:00.000,BBG000R7Z112,0.0036114585,-0.002312782,8504656
20100317,16:00:00.000,BBG000BBMSJ6,-0.0071715615,0.0062957304,6048785
20100317,16:00:00.000,BBG000BY33P5,0.0064248266,0.011192987,4844136
20100317,16:00:00.000,BBG000BV8DN6,-0.00031817224,-0.0024300676,2786346
20100317,16:00:00.000,GEN_EQ0010135600001000,0.0068440773,0.016905013,5937910
20100317,16:00:00.000,BBG000JN8R00,-0.009836369,-0.0020794442,1969432
20100317,16:00:00.000,BBG000K14Q84,-0.022811562,-0.013233818,2425801
20100317,16:00:00.000,BBG000BBDV81,-0.0010887369,0.008000609,2008166
20100317,16:00:00.000,BBG000BMW2Z0,0.0034837616,0.00719001,2668796
20100317,16:00:00.000,BBG000DLVDK3,0.0011976197,0.003595055,2650571
20100317,16:00:00.000,BBG000CKVSG8,-0.012714469,-0.0030786423,4789594
20100317,16:00:00.000,BBG000G0Z878,0.035095952,0.049549952,21945092
20100317,16:00:00.000,BBG000BGJRC8,-0.0015002463,-0.0067862277,2475315
20100317,16:00:00.000,BBG000BL8GJ6,-0.015284744,-0.013455285,7725218
20100317,16:00:00.000,BBG000HCJMF9,-0.005650428,0.008412697,3358270
20100317,16:00:00.000,BBG000BB6KF5,-0.0030045325,0.007967267,5647472
20100317,16:00:00.000,BBG000BYYLS8,0.0080759395,0.018046437,7984551
20100317,16:00:00.000,BBG000FJLFX8,-0.007352948,-0.006880222,3788036
20100317,16:00:00.000,BBG000D9D830,-0.002570983,0.0054754587,5115617
20100317,16:00:00.000,BBG000BHX7N2,-0.0008382939,0.003490808,2525700
20100317,16:00:00.000,BBG000CTQBF3,-0.0018131401,0.011873069,10363605
20100317,16:00:00.000,BBG000BBD070,0.0040336787,0.01605241,2820071
20100317,16:00:00.000,BBG000BH2JM1,-0.016931199,-0.010419717,13679671
20100317,16:00:00.000,BBG000CS7CT9,-0.0023626443,-0.0002731281,3574237
20100317,16:00:00.000,BBG000BFL116,-0.01125241,-0.0061574904,1073542
20100317,16:00:00.000,BBG000BFC8J2,0.032483295,0.02976563,4787283
20100317,16:00:00.000,BBG000C15T95,-0.0066384296,-0.0070240553,1224743
20100317,16:00:00.000,BBG000FP1N32,-0.009820735,-0.0037673386,4909180
20100317,16:00:00.000,BBG000JWD753,-0.018863264,-0.012466431,35585144
20100317,16:00:00.000,BBG000BWNFZ9,0.009836091,0.01542064,6374136
20100317,16:00:00.000,BBG000BSLZY7,-0.0100140525,0.00108343,12743494
20100317,16:00:00.000,BBG000BCBCM7,0.004485681,0.004233418,7761894
20100317,16:00:00.000,BBG000BBGGQ1,-0.004378912,0.0034040408,9790335
20100317,16:00:00.000,BBG000BCWCG1,0.0035282315,0.014662974,5372818
20100317,16:00:00.000,BBG000BLBVN4,0.0013509569,0.00471644,817322
20100317,16:00:00.000,BBG000C46HM9,-0.0066167554,-0.0046161306,6937999
20100317,16:00:00.000,BBG000BTKGG8,0.0105907405,0.025588965,7321341
20100317,16:00:00.000,GEN_EQ0010059600001000,0.046214327,0.058109775,10279881
20100317,16:00:00.000,BBG000C8H633,0.009777263,0.02020541,6461857
20100317,16:00:00.000,BBG000BTR593,0.004006407,0.008922872,5074951
20100317,16:00:00.000,GEN_EQ0000000000158587,0.0061477046,0.008977215,2328051
20100317,16:00:00.000,BBG000F6H8W8,0.00033027993,0.0071434323,2890440
20100317,16:00:00.000,BBG000BFQYY3,-0.0023449913,0.00041415915,2337584
20100317,16:00:00.000,BBG000BNBDC2,0.00037679356,0.00055290945,5800537
20100317,16:00:00.000,BBG000BSJTT0,0.007995909,0.015157811,5088482
20100317,16:00:00.000,BBG000BJL3N0,0.008447538,0.020111572,13002639
20100317,16:00:00.000,BBG000BYWTX7,-0.010090001,0.0019586873,13765567
20100317,16:00:00.000,BBG000BD8PN9,0.004983778,0.014882833,6172678
20100317,16:00:00.000,BBG000BHLYP4,-0.0056217713,0.0049472335,336643
20100317,16:00:00.000,BBG000C1BW00,0.0020717299,0.0037830216,2536289
20100317,16:00:00.000,BBG000J6XT05,-0.008064728,-0.00066060567,3341524
20100317,16:00:00.000,BBG000BJX8C8,0.00067678816,0.012696741,3775378
20100317,16:00:00.000,BBG000BCVJ77,0.004593937,0.004562673,2353532
20100317,16:00:00.000,BBG000BZ9223,-0.011477521,-0.0076658293,2779017
20100317,16:00:00.000,BBG000H556T9,-0.0072881174,-0.0020940294,4995426
20100317,16:00:00.000,BBG000BJF1Z8,0.009511112,0.013142602,4713565
20100317,16:00:00.000,BBG000BB5006,0.0074079507,0.0137093775,7914760
20100317,16:00:00.000,BBG000F0KF42,,,11189522
20100317,16:00:00.000,BBG000BKFBD7,0.010343391,0.026070355,5413611
20100317,16:00:00.000,BBG000BFDXW1,-0.008178569,0.0031345808,3959018
20100317,16:00:00.000,BBG000BW3299,0.0033486264,-0.0037448662,4204721
20100317,16:00:00.000,BBG000F0PF65,0.00047954352,0.0048285555,5445374
20100317,16:00:00.000,BBG000BNWG87,-0.0050655166,-0.0035472868,5392413
20100317,16:00:00.000,BBG000BH13K9,0.01040484,0.015032215,6662370
20100317,16:00:00.000,BBG000BH1NH9,0.004662312,0.010516703,3569017
20100317,16:00:00.000,BBG000DY8ZS4,-0.019213865,-0.0074479925,13967407
20100317,16:00:00.000,BBG000BP8Z50,-0.02257466,-0.014915905,21469260
20100317,16:00:00.000,BBG000BJ81C1,-0.0031939812,0.002459088,5301773
20100317,16:00:00.000,BBG000BBVJZ8,-0.013661838,-0.00922458,7911919
20100317,16:00:00.000,BBG000BQ8KV2,-0.023337932,-0.021696733,7413525
20100317,16:00:00.000,BBG000BGKTF9,-0.019050097,-0.0032197153,5407395
20100317,16:00:00.000,BBG000BFRF55,-0.014319335,-0.013283744,5690572
20100317,16:00:00.000,BBG000BRK7L6,0.019458015,0.029121723,11668045
20100317,16:00:00.000,BBG000BWLMJ4,-0.008142511,-0.00057914923,5267521
20100317,16:00:00.000,BBG000BD4VG8,0.0056071235,0.017050542,4150152
20100317,16:00:00.000,BBG000FW00S1,0.0091071585,0.01946519,8352639
20100317,16:00:00.000,BBG000BBJQV0,0.006283394,0.019149013,15607434
20100317,16:00:00.000,BBG000C5Z1S3,0.0023509178,0.018600153,25015412
20100317,16:00:00.000,BBG000BC40Y8,0.010730937,0.017745141,4491458
20100317,16:00:00.000,BBG000DWYF03,-0.006332325,-0.0028525374,14663751
20100317,16:00:00.000,BBG000BRD0D8,0.012283166,0.023388647,5775883
20100317,16:00:00.000,BBG000H8TVT2,-0.005719574,-0.0052395463,3350561
20100317,16:00:00.000,BBG000BP6LJ8,-0.0014604728,-0.0004920667,9930837
20100317,16:00:00.000,BBG000BKFZM4,0.017573532,0.021639261,19997670
20100317,16:00:00.000,BBG000BHBK84,-0.006836091,-0.0019712155,8425900
20100317,16:00:00.000,BBG000FG3C43,-0.023046417,-0.016686194,7530233
20100317,16:00:00.000,BBG000BH23R1,0.009234629,0.019560395,31605438
20100317,16:00:00.000,BBG000F1ZSQ2,-0.012087481,-0.004147606,1027214
20100317,16:00:00.000,BBG000GFFQN9,-0.0034308871,0.008554302,13431121
20100317,16:00:00.000,BBG000BNDN65,-0.004742092,0.0043934393,12096757
20100317,16:00:00.000,BBG000C43RR5,-0.0017561628,0.0070910538,14952802
20100317,16:00:00.000,BBG000BP52R2,0.0027013917,0.0071639107,3852152
20100317,16:00:00.000,BBG000BBPFB9,0.0027326122,0.016860755,27240988
20100317,16:00:00.000,BBG000BC2C10,0.009166363,0.014341112,2535263
20100317,16:00:00.000,BBG000BFT2L4,0.0041510803,0.0045706574,13270738
20100317,16:00:00.000,BBG000L9CV04,0.0040412378,0.0076066763,5276355
20100317,16:00:00.000,BBG000FL1TC8,-0.0077974815,-0.009944799,6642752
20100317,16:00:00.000,BBG000FFDM15,-0.008670775,0.0038304273,11233283
20100317,16:00:00.000,BBG000BH4R78,1.7670343e-05,0.00029694915,7548153
20100317,16:00:00.000,BBG000B9ZXB4,-0.0015388033,-0.0040229443,7124623
20100317,16:00:00.000,BBG000BGRY34,0.004293911,0.008013164,7392501
20100317,16:00:00.000,BBG000G2R6M0,-0.009113058,-0.005994065,7655670
20100317,16:00:00.000,BBG000BCSST7,0.008112479,0.0090197455,5664178
20100317,16:00:00.000,BBG000BVV7G1,-0.0025458653,0.010541528,12324353
20100317,16:00:00.000,BBG000BW8S60,-0.0038195937,-0.0031762475,4280713
20100317,16:00:00.000,BBG000BL4504,-0.022501754,-0.014952026,15643918
20100317,16:00:00.000,BBG000DQLV23,0.0014220393,-0.0011546578,11848590
20100317,16:00:00.000,BBG000BBS2Y0,0.0030719542,-0.00017341672,5045167
20100317,16:00:00.000,BBG000BHVJJ3,-0.0083594965,-0.0042602825,19982580
20100317,16:00:00.000,BBG000J2XL74,0.0068880618,0.011318029,5442583
20100317,16:00:00.000,BBG000CH5208,-0.008697861,-0.009073439,10197782
20100317,16:00:00.000,BBG000BCQZS4,-0.006973854,0.0024453474,8456991
20100317,16:00:00.000,BBG000BFWKC0,0.0072318693,0.0034009754,8433148
20100317,16:00:00.000,BBG000BCG930,0.0022818313,8.1019236e-05,6294120
20100317,16:00:00.000,BBG000PSKYX7,-0.008518714,-0.001965922,3468503
20100317,16:00:00.000,BBG000BPWXK1,-0.0058203237,-0.0016578204,5755779
20100317,16:00:00.000,BBG000BWXBC2,-0.0039193965,-0.0016056878,11847786
20100317,16:00:00.000,BBG000BQQ2S6,0.006653041,0.010624599,4266698
20100317,16:00:00.000,BBG000BH5LT6,-0.0036998175,-0.011460979,5677108
20100317,16:00:00.000,BBG000DWG505,0.0033739568,0.0030394702,4146516
20100317,16:00:00.000,BBG000BF0K17,0.007575479,0.013455035,7250479
20100317,16:00:00.000,BBG000BKTFN2,0.017293723,0.025697308,15399974
20100317,16:00:00.000,BBG000BB07P9,0.0005056711,0.0027455622,8974095
20100317,16:00:00.000,BBG000BNSZP1,-0.0026169089,0.0054528606,4658454
20100317,16:00:00.000,BBG000BKZB36,-0.008703254,-0.0006148541,13006669
20100317,16:00:00.000,BBG000CKGBP2,-0.002083105,-0.006529669,7425496
20100317,16:00:00.000,BBG000DH7JK6,0.0047359252,0.0072649117,6205194
20100317,16:00:00.000,BBG000D4LWF6,-0.0028511349,0.000336264,10709526
20100317,16:00:00.000,BBG000BQQH30,0.0100693805,0.015330506,11584512
20100317,16:00:00.000,BBG000B9WH86,0.043838233,0.047841486,80709032
20100317,16:00:00.000,BBG000BQLTW7,0.0077858227,0.009915582,28389858
20100317,16:00:00.000,BBG000HS77T5,0.005154273,0.0073488425,13647913
20100317,16:00:00.000,GEN_EQ0011904200001000,0.0064307875,0.01009169,25321240
20100317,16:00:00.000,BBG000BLZRJ2,-0.011600353,-0.000660821,17971958
20100317,16:00:00.000,BBG000BMX289,0.0009807188,0.0026069256,10135677
20100317,16:00:00.000,BBG000BPD168,0.0077830325,0.0036907047,11679351
20100317,16:00:00.000,BBG000BT41Q8,0.007908614,0.01624897,11919778
20100317,16:00:00.000,BBG000BMHYD1,0.0026698369,0.0018609884,7693969
20100317,16:00:00.000,BBG000BR2TH3,0.005367565,0.007711458,8978551
20100317,16:00:00.000,BBG000KHWT55,-0.00667962,-0.0022927434,13700873
20100317,16:00:00.000,BBG000BTZQC4,-0.0038620778,-0.009068473,6398474
20100317,16:00:00.000,BBG000BSJK37,0.0011705852,0.0019340608,16931968
20100317,16:00:00.000,BBG000BLNNH6,-0.011135115,-0.0070355786,6047145
20100317,16:00:00.000,BBG000K4ND22,0.0029835969,0.009190583,9719973
20100317,16:00:00.000,BBG000BX3TD3,-0.027351877,-0.026463052,16431040
20100317,16:00:00.000,BBG000CR90K4,-0.0053167637,-0.008253856,8519160
20100317,16:00:00.000,BBG000BVPV84,-0.0032377152,-0.0027331389,3981449
20100317,16:00:00.000,BBG000CGC1X8,-0.0047414186,-0.0023084444,22695240
20100317,16:00:00.000,BBG000BR2B91,-0.0036246434,-0.0040537636,54656460
20100317,16:00:00.000,BBG000BQPC32,0.046834152,0.045976892,135074736
20100317,16:00:00.000,BBG000BK6MB5,-0.008439116,-0.0016591332,155186496
20100317,16:00:00.000,BBG000C3J3C9,0.0033132148,0.004205156,31230218
20100317,16:00:00.000,BBG000C0G1D1,0.00045935466,0.009996622,74883368
20100317,16:00:00.000,BBG000BWQFY7,0.00033585163,0.008915545,31843740
20100317,16:00:00.000,BBG000BJDB15,-0.01446124,-0.011076936,11612241
20100317,16:00:00.000,BBG000BPH459,0.0045640157,0.008850394,47934544
20100317,16:00:00.000,BBG000C6CFJ5,-0.0031497472,0.0034638492,8406337
20100317,16:00:00.000,BBG000DMBXR2,0.0047356524,0.013421389,31822524
20100317,16:00:00.000,BBG000BHSKN9,-0.0051901145,0.0007778897,2422005
20100317,16:00:00.000,BBG000GZQ728,0.0016125282,0.011257315,35206176
20100317,16:00:00.000,BBG000BCTLF6,7.1902105e-05,0.012614605,130313704
20100317,16:00:00.000,BBG000B9XRY4,-0.0023757,-0.0019824586,13822508
